short_name,age,height_cm,overall,potential,value_eur,pace,shooting,passing,dribbling,defending,physic,,,,,,,,,,,,,,,,,,,,,shooting,passing,dribbling,defending,physic
Neymar Jr,27,175,92,92,105500000,91,85,87,95,32,58,,,,,,,,,,,,,,,,,,,,,85,87,95,32,58
L. Messi,32,170,94,94,95500000,87,92,92,96,39,66,,,,,,,,,,,,,,,,,,,,,92,92,96,39,66
K. Mbappé,20,178,89,95,93500000,96,84,78,90,39,75,,,,,,,,,,,,,,,,,,,,,84,78,90,39,75
E. Hazard,28,175,91,91,90000000,91,83,86,94,35,66,,,,,,,,,,,,,,,,,,,,,83,86,94,35,66
K. De Bruyne,28,181,91,91,90000000,76,86,92,86,61,78,,,,,,,,,,,,,,,,,,,,,86,92,86,61,78
H. Kane,25,188,89,91,83000000,70,91,79,81,47,83,,,,,,,,,,,,,,,,,,,,,91,79,81,47,83
M. Salah,27,175,90,90,80500000,93,86,81,89,45,74,,,,,,,,,,,,,,,,,,,,,86,81,89,45,74
V. van Dijk,27,193,90,91,78000000,77,60,70,71,90,86,,,,,,,,,,,,,,,,,,,,,60,70,71,90,86
P. Dybala,25,177,88,92,76500000,83,82,84,90,43,64,,,,,,,,,,,,,,,,,,,,,82,84,90,43,64
R. Sterling,24,170,88,90,73000000,93,79,78,89,45,57,,,,,,,,,,,,,,,,,,,,,79,78,89,45,57
P. Pogba,26,191,88,91,72500000,74,81,86,85,66,86,,,,,,,,,,,,,,,,,,,,,81,86,85,66,86
A. Griezmann,28,176,89,89,69000000,81,86,84,89,57,72,,,,,,,,,,,,,,,,,,,,,86,84,89,57,72
C. Eriksen,27,181,88,89,68000000,73,81,90,84,53,63,,,,,,,,,,,,,,,,,,,,,81,90,84,53,63
K. Koulibaly,28,187,89,91,67500000,71,28,54,67,89,87,,,,,,,,,,,,,,,,,,,,,28,54,67,89,87
N. Kanté,28,168,89,90,66000000,78,65,77,81,87,83,,,,,,,,,,,,,,,,,,,,,65,77,81,87,83
R. Lewandowski,30,184,89,89,64500000,77,87,74,85,41,82,,,,,,,,,,,,,,,,,,,,,87,74,85,41,82
Bernardo Silva,24,173,87,90,64000000,81,76,83,92,51,67,,,,,,,,,,,,,,,,,,,,,76,83,92,51,67
S. Mané,27,175,88,88,62000000,94,83,77,89,44,74,,,,,,,,,,,,,,,,,,,,,83,77,89,44,74
L. Sané,23,183,86,92,61000000,95,81,79,86,38,70,,,,,,,,,,,,,,,,,,,,,81,79,86,38,70
S. Agüero,31,173,89,89,60000000,80,90,77,88,33,74,,,,,,,,,,,,,,,,,,,,,90,77,88,33,74
H. Son,26,183,87,88,60000000,88,86,80,87,42,68,,,,,,,,,,,,,,,,,,,,,86,80,87,42,68
Cristiano Ronaldo,34,187,93,93,58500000,90,93,82,89,35,78,,,,,,,,,,,,,,,,,,,,,93,82,89,35,78
T. Kroos,29,183,88,88,57000000,45,80,90,81,70,69,,,,,,,,,,,,,,,,,,,,,80,90,81,70,69
P. Aubameyang,30,187,88,88,57000000,94,85,75,80,37,69,,,,,,,,,,,,,,,,,,,,,85,75,80,37,69
A. Laporte,25,189,87,90,56500000,64,50,71,68,88,82,,,,,,,,,,,,,,,,,,,,,50,71,68,88,82
M. Reus,30,180,88,88,56000000,85,88,84,87,45,66,,,,,,,,,,,,,,,,,,,,,88,84,87,45,66
Sergio Busquets,30,189,89,89,55000000,42,62,80,80,85,80,,,,,,,,,,,,,,,,,,,,,62,80,80,85,80
M. Verratti,26,165,86,89,54500000,65,60,84,90,79,66,,,,,,,,,,,,,,,,,,,,,60,84,90,79,66
Casemiro,27,185,87,89,53500000,62,72,75,72,85,89,,,,,,,,,,,,,,,,,,,,,72,75,72,85,89
L. Suárez,32,182,89,89,53000000,73,89,80,84,51,84,,,,,,,,,,,,,,,,,,,,,89,80,84,51,84
L. Insigne,28,163,87,87,52000000,89,79,85,91,35,47,,,,,,,,,,,,,,,,,,,,,79,85,91,35,47
M. Škriniar,24,187,86,90,52000000,69,41,59,66,87,82,,,,,,,,,,,,,,,,,,,,,41,59,66,87,82
Roberto Firmino,27,181,86,87,52000000,77,82,80,87,61,78,,,,,,,,,,,,,,,,,,,,,82,80,87,61,78
F. de Jong,22,180,85,91,52000000,79,64,84,87,76,76,,,,,,,,,,,,,,,,,,,,,64,84,87,76,76
Marquinhos,25,183,86,90,51500000,74,41,73,70,86,77,,,,,,,,,,,,,,,,,,,,,41,73,70,86,77
Isco,27,176,86,87,51000000,71,77,83,91,59,60,,,,,,,,,,,,,,,,,,,,,77,83,91,59,60
S. Milinković-Savić,24,191,85,90,50500000,67,79,80,83,77,84,,,,,,,,,,,,,,,,,,,,,79,80,83,77,84
Thiago,28,174,87,87,50000000,69,74,85,90,69,63,,,,,,,,,,,,,,,,,,,,,74,85,90,69,63
S. Umtiti,25,182,86,89,50000000,69,63,69,69,86,82,,,,,,,,,,,,,,,,,,,,,63,69,69,86,82
M. de Ligt,19,189,85,93,50000000,67,58,66,68,83,84,,,,,,,,,,,,,,,,,,,,,58,66,68,83,84
Saúl,24,184,85,89,49500000,70,78,79,81,78,78,,,,,,,,,,,,,,,,,,,,,78,79,81,78,78
Bruno Fernandes,24,179,85,88,49000000,77,83,87,85,65,74,,,,,,,,,,,,,,,,,,,,,83,87,85,65,74
J. Kimmich,24,176,86,88,48000000,72,69,86,84,79,78,,,,,,,,,,,,,,,,,,,,,69,86,84,79,78
E. Cavani,32,185,88,88,47000000,75,86,72,79,55,83,,,,,,,,,,,,,,,,,,,,,86,72,79,55,83
Rodri,23,191,85,90,47000000,67,68,77,77,82,80,,,,,,,,,,,,,,,,,,,,,68,77,77,82,80
Coutinho,27,172,86,86,46500000,79,80,84,90,52,64,,,,,,,,,,,,,,,,,,,,,80,84,90,52,64
N. Süle,23,195,85,90,46500000,72,42,55,50,86,82,,,,,,,,,,,,,,,,,,,,,42,55,50,86,82
A. Lacazette,28,175,86,86,46000000,82,85,75,86,40,74,,,,,,,,,,,,,,,,,,,,,85,75,86,40,74
R. Lukaku,26,190,85,86,46000000,75,82,73,72,35,84,,,,,,,,,,,,,,,,,,,,,82,73,72,35,84
M. Icardi,26,181,85,86,46000000,75,84,61,77,36,69,,,,,,,,,,,,,,,,,,,,,84,61,77,36,69
K. Havertz,20,188,84,92,46000000,84,78,79,84,44,65,,,,,,,,,,,,,,,,,,,,,78,79,84,44,65
L. Modrić,33,172,90,90,45000000,74,76,89,89,72,66,,,,,,,,,,,,,,,,,,,,,76,89,89,72,66
K. Benzema,31,185,87,87,45000000,76,82,80,86,39,77,,,,,,,,,,,,,,,,,,,,,82,80,86,39,77
R. Varane,26,191,85,90,45000000,83,45,62,63,85,80,,,,,,,,,,,,,,,,,,,,,45,62,63,85,80
Fabinho,25,188,85,89,45000000,68,69,78,77,85,83,,,,,,,,,,,,,,,,,,,,,69,78,77,85,83
J. Giménez,24,185,85,89,45000000,69,45,52,54,86,82,,,,,,,,,,,,,,,,,,,,,45,52,54,86,82
C. Lenglet,24,186,85,89,45000000,75,45,68,65,86,80,,,,,,,,,,,,,,,,,,,,,45,68,65,86,80
H. Ziyech,26,181,85,86,45000000,80,75,86,83,50,66,,,,,,,,,,,,,,,,,,,,,75,86,83,50,66
C. Immobile,29,185,86,86,44500000,80,85,63,81,39,76,,,,,,,,,,,,,,,,,,,,,85,63,81,39,76
J. Sancho,19,180,84,92,44500000,88,72,77,90,36,60,,,,,,,,,,,,,,,,,,,,,72,77,90,36,60
T. Müller,29,186,86,86,43500000,72,83,79,78,55,71,,,,,,,,,,,,,,,,,,,,,83,79,78,55,71
A. Robertson,25,178,85,89,43500000,85,62,77,79,80,75,,,,,,,,,,,,,,,,,,,,,62,77,79,80,75
M. Pjanić,29,178,86,86,42500000,68,68,87,85,75,67,,,,,,,,,,,,,,,,,,,,,68,87,85,75,67
O. Dembélé,22,178,84,90,42500000,93,79,80,87,36,57,,,,,,,,,,,,,,,,,,,,,79,80,87,36,57
D. Alli,23,188,84,89,41500000,72,81,79,82,71,79,,,,,,,,,,,,,,,,,,,,,81,79,82,71,79
M. Hummels,30,191,87,87,41000000,51,58,76,72,89,76,,,,,,,,,,,,,,,,,,,,,58,76,72,89,76
T. Alderweireld,30,186,87,87,41000000,64,55,72,66,88,79,,,,,,,,,,,,,,,,,,,,,55,72,66,88,79
Parejo,30,182,86,86,41000000,41,80,88,79,70,69,,,,,,,,,,,,,,,,,,,,,80,88,79,70,69
Arthur,22,171,84,89,41000000,69,71,81,86,73,70,,,,,,,,,,,,,,,,,,,,,71,81,86,73,70
Koke,27,176,85,85,40500000,68,75,86,82,74,79,,,,,,,,,,,,,,,,,,,,,75,86,82,74,79
J. Rodríguez,27,180,85,85,40500000,55,86,87,86,50,63,,,,,,,,,,,,,,,,,,,,,86,87,86,50,63
M. Depay,25,176,84,88,40500000,87,80,81,84,32,78,,,,,,,,,,,,,,,,,,,,,80,81,84,32,78
J. Brandt,23,185,84,88,40500000,82,78,81,85,40,68,,,,,,,,,,,,,,,,,,,,,78,81,85,40,68
K. Coman,23,179,84,88,40500000,92,76,77,87,29,60,,,,,,,,,,,,,,,,,,,,,76,77,87,29,60
D. Mertens,32,169,87,87,40000000,88,83,80,91,35,53,,,,,,,,,,,,,,,,,,,,,83,80,91,35,53
Jordi Alba,30,170,87,87,40000000,90,69,81,83,79,73,,,,,,,,,,,,,,,,,,,,,69,81,83,79,73
L. Goretzka,24,189,84,88,40000000,81,77,80,81,75,79,,,,,,,,,,,,,,,,,,,,,77,80,81,75,79
S. Gnabry,23,175,84,87,39500000,90,82,75,86,43,69,,,,,,,,,,,,,,,,,,,,,82,75,86,43,69
A. Di María,31,180,86,86,39000000,84,79,84,87,48,68,,,,,,,,,,,,,,,,,,,,,79,84,87,48,68
N. Fekir,25,173,84,87,39000000,78,82,81,88,33,77,,,,,,,,,,,,,,,,,,,,,82,81,88,33,77
Piqué,32,194,88,88,38000000,56,61,72,68,88,80,,,,,,,,,,,,,,,,,,,,,61,72,68,88,80
I. Rakitić,31,184,86,86,38000000,62,81,86,81,74,70,,,,,,,,,,,,,,,,,,,,,81,86,81,74,70
D. Alaba,27,180,85,86,38000000,83,73,81,80,80,76,,,,,,,,,,,,,,,,,,,,,73,81,80,80,76
Carvajal,27,173,85,86,38000000,81,47,78,81,82,80,,,,,,,,,,,,,,,,,,,,,47,78,81,82,80
Allan,28,175,85,85,38000000,75,71,78,84,85,84,,,,,,,,,,,,,,,,,,,,,71,78,84,85,84
K. Manolas,28,189,85,86,37500000,82,25,42,60,86,81,,,,,,,,,,,,,,,,,,,,,25,42,60,86,81
G. Bale,29,185,85,85,37500000,91,87,82,82,58,76,,,,,,,,,,,,,,,,,,,,,87,82,82,58,76
L. Hernández,23,182,84,89,37500000,81,54,70,71,83,82,,,,,,,,,,,,,,,,,,,,,54,70,71,83,82
Luis Alberto,26,183,84,86,37500000,71,76,84,85,49,59,,,,,,,,,,,,,,,,,,,,,76,84,85,49,59
João Cancelo,25,182,84,89,36500000,90,65,80,84,78,71,,,,,,,,,,,,,,,,,,,,,65,80,84,78,71
Felipe Anderson,26,175,84,85,36500000,89,77,79,89,55,61,,,,,,,,,,,,,,,,,,,,,77,79,89,55,61
L. Jović,21,182,83,89,36500000,77,82,68,81,29,74,,,,,,,,,,,,,,,,,,,,,82,68,81,29,74
David Silva,33,173,88,88,36000000,65,74,88,89,52,57,,,,,,,,,,,,,,,,,,,,,74,88,89,52,57
Fabián,23,189,83,90,36000000,65,78,78,83,74,69,,,,,,,,,,,,,,,,,,,,,78,78,83,74,69
M. Rashford,21,186,83,88,35500000,92,82,73,84,45,77,,,,,,,,,,,,,,,,,,,,,82,73,84,45,77
G. Lo Celso,23,177,83,89,35000000,77,78,82,85,65,72,,,,,,,,,,,,,,,,,,,,,78,82,85,65,72
A. Milik,25,186,83,88,35000000,69,85,64,76,39,74,,,,,,,,,,,,,,,,,,,,,85,64,76,39,74
G. Higuaín,31,186,85,85,34500000,63,85,71,80,31,71,,,,,,,,,,,,,,,,,,,,,85,71,80,31,71
Iago Aspas,31,176,85,85,34500000,78,84,77,85,35,64,,,,,,,,,,,,,,,,,,,,,84,77,85,35,64
A. Martial,23,184,83,88,34500000,89,81,72,86,41,71,,,,,,,,,,,,,,,,,,,,,81,72,86,41,71
Anderson Talisca,25,190,83,88,34500000,77,82,80,81,57,72,,,,,,,,,,,,,,,,,,,,,82,80,81,57,72
Gonçalo Guedes,22,179,83,88,34500000,90,79,76,84,36,70,,,,,,,,,,,,,,,,,,,,,79,76,84,36,70
N. Pépé,24,183,83,88,34500000,91,81,75,85,33,67,,,,,,,,,,,,,,,,,,,,,81,75,85,33,67
T. Werner,23,180,83,87,34500000,92,81,67,83,35,69,,,,,,,,,,,,,,,,,,,,,81,67,83,35,69
A. Gómez,31,165,85,85,34000000,89,78,81,86,39,55,,,,,,,,,,,,,,,,,,,,,78,81,86,39,55
C. Tolisso,24,181,83,88,34000000,69,77,79,78,76,79,,,,,,,,,,,,,,,,,,,,,77,79,78,76,79
T. Lemar,23,171,83,87,34000000,83,76,82,85,59,67,,,,,,,,,,,,,,,,,,,,,76,82,85,59,67
Marco Asensio,23,182,83,87,34000000,81,80,82,84,43,62,,,,,,,,,,,,,,,,,,,,,80,82,84,43,62
Alex Sandro,28,180,85,85,33000000,83,65,77,80,82,82,,,,,,,,,,,,,,,,,,,,,65,77,80,82,82
Alex Telles,26,181,84,86,33000000,85,72,84,81,80,76,,,,,,,,,,,,,,,,,,,,,72,84,81,80,76
A. Rabiot,24,192,83,87,33000000,73,74,79,80,77,80,,,,,,,,,,,,,,,,,,,,,74,79,80,77,80
J. Vertonghen,32,189,87,87,32500000,63,63,74,72,87,79,,,,,,,,,,,,,,,,,,,,,63,74,72,87,79
J. Draxler,25,187,83,86,32500000,77,79,81,86,55,63,,,,,,,,,,,,,,,,,,,,,79,81,86,55,63
Y. Carrasco,25,180,83,86,32500000,90,80,75,87,39,64,,,,,,,,,,,,,,,,,,,,,80,75,87,39,64
Borja Iglesias,26,187,83,86,32500000,67,83,63,76,35,82,,,,,,,,,,,,,,,,,,,,,83,63,76,35,82
A. Romagnoli,24,188,83,89,32000000,63,40,55,66,85,79,,,,,,,,,,,,,,,,,,,,,40,55,66,85,79
T. Alexander-Arnold,20,180,83,89,32000000,80,62,82,78,78,70,,,,,,,,,,,,,,,,,,,,,62,82,78,78,70
W. Zaha,26,180,83,85,32000000,91,76,72,88,27,74,,,,,,,,,,,,,,,,,,,,,76,72,88,27,74
Paco Alcácer,25,175,83,85,32000000,79,84,68,80,36,63,,,,,,,,,,,,,,,,,,,,,84,68,80,36,63
Morata,26,189,83,85,32000000,81,79,71,80,31,72,,,,,,,,,,,,,,,,,,,,,79,71,80,31,72
S. Haller,25,190,83,85,32000000,72,81,62,76,51,82,,,,,,,,,,,,,,,,,,,,,81,62,76,51,82
Sergio Ramos,33,184,89,89,31500000,72,68,75,73,87,85,,,,,,,,,,,,,,,,,,,,,68,75,73,87,85
A. Witsel,30,186,85,85,31500000,73,74,80,79,83,81,,,,,,,,,,,,,,,,,,,,,74,80,79,83,81
S. de Vrij,27,189,84,85,31500000,66,41,62,68,86,74,,,,,,,,,,,,,,,,,,,,,41,62,68,86,74
Canales,28,176,84,84,31500000,78,79,83,81,51,66,,,,,,,,,,,,,,,,,,,,,79,83,81,51,66
Douglas Costa,28,172,84,84,31500000,94,73,79,91,43,61,,,,,,,,,,,,,,,,,,,,,73,79,91,43,61
R. Mahrez,28,179,84,84,31500000,84,78,79,89,38,59,,,,,,,,,,,,,,,,,,,,,78,79,89,38,59
F. Bernardeschi,25,185,83,85,31500000,81,75,81,87,60,66,,,,,,,,,,,,,,,,,,,,,75,81,87,60,66
G. Wijnaldum,28,175,84,84,31000000,77,73,78,84,76,78,,,,,,,,,,,,,,,,,,,,,73,78,84,76,78
I. Gündoğan,28,180,84,84,31000000,66,74,84,84,72,71,,,,,,,,,,,,,,,,,,,,,74,84,84,72,71
J. Tah,23,195,83,88,31000000,71,27,59,57,83,81,,,,,,,,,,,,,,,,,,,,,27,59,57,83,81
M. Akanji,23,187,83,88,31000000,78,45,68,72,83,80,,,,,,,,,,,,,,,,,,,,,45,68,72,83,80
Lucas Moura,26,174,83,84,31000000,92,79,76,87,42,66,,,,,,,,,,,,,,,,,,,,,79,76,87,42,66
Oyarzabal,22,181,82,89,31000000,75,82,79,83,39,61,,,,,,,,,,,,,,,,,,,,,82,79,83,39,61
Gabriel Jesus,22,175,82,88,31000000,85,80,72,86,39,71,,,,,,,,,,,,,,,,,,,,,80,72,86,39,71
Pizzi,29,177,84,84,30500000,77,77,84,81,63,68,,,,,,,,,,,,,,,,,,,,,77,84,81,63,68
E. Višća,29,172,84,84,30500000,88,79,79,83,47,64,,,,,,,,,,,,,,,,,,,,,79,79,83,47,64
D. Sánchez,23,187,83,87,30500000,74,45,57,66,83,81,,,,,,,,,,,,,,,,,,,,,45,57,66,83,81
F. Thauvin,26,179,83,84,30500000,83,80,81,83,41,69,,,,,,,,,,,,,,,,,,,,,80,81,83,41,69
L. Bailey,21,178,82,88,30500000,91,77,75,84,33,64,,,,,,,,,,,,,,,,,,,,,77,75,84,33,64
J. Stones,25,188,83,87,30000000,68,36,70,72,84,77,,,,,,,,,,,,,,,,,,,,,36,70,72,84,77
A. Belotti,25,181,82,87,30000000,77,81,57,77,41,82,,,,,,,,,,,,,,,,,,,,,81,57,77,41,82
S. Bergwijn,21,178,82,87,30000000,89,75,76,85,40,73,,,,,,,,,,,,,,,,,,,,,75,76,85,40,73
M. Özil,30,180,84,84,29500000,70,72,86,84,24,56,,,,,,,,,,,,,,,,,,,,,72,86,84,24,56
I. Perišić,30,186,84,84,29500000,84,80,78,82,62,77,,,,,,,,,,,,,,,,,,,,,80,78,82,62,77
D. Tadić,30,181,84,84,29500000,68,80,84,85,41,71,,,,,,,,,,,,,,,,,,,,,80,84,85,41,71
Grimaldo,23,171,83,87,29500000,85,63,79,84,77,71,,,,,,,,,,,,,,,,,,,,,63,79,84,77,71
Oscar,27,181,83,84,29500000,74,76,83,81,55,50,,,,,,,,,,,,,,,,,,,,,76,83,81,55,50
Pablo Sarabia,27,174,83,84,29500000,75,76,82,84,57,57,,,,,,,,,,,,,,,,,,,,,76,82,84,57,57
Paulinho,30,183,84,84,29000000,72,81,77,80,78,85,,,,,,,,,,,,,,,,,,,,,81,77,80,78,85
Jorginho,27,180,83,84,29000000,55,63,84,81,70,73,,,,,,,,,,,,,,,,,,,,,63,84,81,70,73
M. Kovačić,25,176,82,87,29000000,76,68,81,86,67,70,,,,,,,,,,,,,,,,,,,,,68,81,86,67,70
N. Keïta,24,172,82,87,29000000,71,73,76,88,65,66,,,,,,,,,,,,,,,,,,,,,73,76,88,65,66
Rúben Neves,22,180,82,87,29000000,62,74,83,76,70,73,,,,,,,,,,,,,,,,,,,,,74,83,76,70,73
A. Correa,24,171,82,86,29000000,83,80,75,86,54,65,,,,,,,,,,,,,,,,,,,,,80,75,86,54,65
Iñaki Williams,25,186,82,86,29000000,94,80,72,80,41,82,,,,,,,,,,,,,,,,,,,,,80,72,80,41,82
H. Lozano,23,175,82,86,29000000,93,76,73,83,41,66,,,,,,,,,,,,,,,,,,,,,76,73,83,41,66
Gelson Martins,24,173,82,86,29000000,95,71,74,86,47,61,,,,,,,,,,,,,,,,,,,,,71,74,86,47,61
L. Bonucci,32,190,86,86,28500000,58,58,69,70,87,79,,,,,,,,,,,,,,,,,,,,,58,69,70,87,79
L. Digne,25,178,83,86,28500000,78,69,79,79,80,76,,,,,,,,,,,,,,,,,,,,,69,79,79,80,76
D. Godín,33,187,88,88,28000000,60,48,64,61,89,83,,,,,,,,,,,,,,,,,,,,,48,64,61,89,83
Marcelo,31,174,85,85,28000000,81,74,83,89,77,79,,,,,,,,,,,,,,,,,,,,,74,83,89,77,79
J. Iličić,31,190,84,84,28000000,70,84,84,85,43,67,,,,,,,,,,,,,,,,,,,,,84,84,85,43,67
João Félix,19,181,80,93,28000000,82,80,74,81,40,70,,,,,,,,,,,,,,,,,,,,,80,74,81,40,70
William Carvalho,27,187,83,85,27500000,42,57,77,74,79,85,,,,,,,,,,,,,,,,,,,,,57,77,74,79,85
Louri Beretta,27,188,83,83,27500000,81,84,62,72,33,75,,,,,,,,,,,,,,,,,,,,,84,62,72,33,75
K. Demirbay,25,182,82,85,27500000,67,74,82,84,64,70,,,,,,,,,,,,,,,,,,,,,74,82,84,64,70
D. Djené,27,178,83,85,27000000,72,37,61,61,83,79,,,,,,,,,,,,,,,,,,,,,37,61,61,83,79
Rodrigo,28,182,83,83,27000000,90,80,74,82,44,70,,,,,,,,,,,,,,,,,,,,,80,74,82,44,70
W. Ben Yedder,28,170,83,83,27000000,84,82,77,85,39,61,,,,,,,,,,,,,,,,,,,,,82,77,85,39,61
A. Kramarić,28,177,83,83,27000000,73,85,73,85,30,71,,,,,,,,,,,,,,,,,,,,,85,73,85,30,71
Ronaldo Cabrais,27,177,83,83,27000000,87,77,83,84,35,72,,,,,,,,,,,,,,,,,,,,,77,83,84,35,72
L. Torreira,23,168,82,87,27000000,75,67,77,80,81,75,,,,,,,,,,,,,,,,,,,,,67,77,80,81,75
T. Partey,26,185,82,85,27000000,73,72,77,77,79,84,,,,,,,,,,,,,,,,,,,,,72,77,77,79,84
Suso,25,176,82,84,27000000,78,76,83,87,33,53,,,,,,,,,,,,,,,,,,,,,76,83,87,33,53
L. Martínez,21,174,81,89,27000000,81,77,68,82,40,83,,,,,,,,,,,,,,,,,,,,,77,68,82,40,83
M. Hamšík,31,183,84,84,26500000,69,77,83,83,72,69,,,,,,,,,,,,,,,,,,,,,77,83,83,72,69
P. Kimpembe,23,189,82,87,26500000,75,39,67,67,81,83,,,,,,,,,,,,,,,,,,,,,39,67,67,81,83
K. Volland,26,179,82,83,26500000,76,84,79,79,41,83,,,,,,,,,,,,,,,,,,,,,84,79,79,41,83
M. Politano,25,171,82,83,26500000,84,77,78,84,42,57,,,,,,,,,,,,,,,,,,,,,77,78,84,42,57
Nélson Semedo,25,177,82,87,26000000,92,57,69,81,77,75,,,,,,,,,,,,,,,,,,,,,57,69,81,77,75
D. Rugani,24,190,82,86,26000000,64,39,55,64,85,74,,,,,,,,,,,,,,,,,,,,,39,55,64,85,74
Muniain,26,170,82,83,26000000,80,72,77,87,51,58,,,,,,,,,,,,,,,,,,,,,72,77,87,51,58
M. Götze,27,176,82,83,26000000,71,78,85,86,56,70,,,,,,,,,,,,,,,,,,,,,78,85,86,56,70
Willian José,27,189,82,83,26000000,69,82,68,75,40,81,,,,,,,,,,,,,,,,,,,,,82,68,75,40,81
T. Hazard,26,175,82,83,26000000,82,77,80,86,47,64,,,,,,,,,,,,,,,,,,,,,77,80,86,47,64
F. Kostić,26,184,82,83,26000000,87,76,77,81,67,78,,,,,,,,,,,,,,,,,,,,,76,77,81,67,78
Rafa,26,172,82,83,26000000,93,71,74,86,50,52,,,,,,,,,,,,,,,,,,,,,71,74,86,50,52
H. Aouar,21,175,81,89,26000000,79,71,79,83,66,67,,,,,,,,,,,,,,,,,,,,,71,79,83,66,67
T. Ndombele,22,181,81,89,26000000,80,65,78,87,70,78,,,,,,,,,,,,,,,,,,,,,65,78,87,70,78
Javi Martínez,30,192,84,84,25500000,48,55,69,63,86,83,,,,,,,,,,,,,,,,,,,,,55,69,63,86,83
Azpilicueta,29,178,84,84,25500000,70,55,77,73,85,76,,,,,,,,,,,,,,,,,,,,,55,77,73,85,76
K. Walker,29,183,84,84,25500000,91,63,76,77,81,81,,,,,,,,,,,,,,,,,,,,,63,76,77,81,81
Bartra,28,184,83,84,25500000,73,61,73,72,82,74,,,,,,,,,,,,,,,,,,,,,61,73,72,82,74
G. Sigurðsson,29,186,83,83,25500000,56,81,84,80,57,69,,,,,,,,,,,,,,,,,,,,,81,84,80,57,69
A. Ramsey,28,183,83,83,25500000,68,77,79,80,68,74,,,,,,,,,,,,,,,,,,,,,77,79,80,68,74
K. Kampl,28,178,83,83,25500000,76,67,80,86,63,62,,,,,,,,,,,,,,,,,,,,,67,80,86,63,62
E. Forsberg,27,179,82,83,25500000,70,71,81,83,33,62,,,,,,,,,,,,,,,,,,,,,71,81,83,33,62
B. Matuidi,32,180,85,85,25000000,75,66,76,78,83,81,,,,,,,,,,,,,,,,,,,,,66,76,78,83,81
J. Boateng,30,192,84,84,25000000,66,50,72,65,84,82,,,,,,,,,,,,,,,,,,,,,50,72,65,84,82
Felipe,30,190,84,84,25000000,64,41,57,60,84,87,,,,,,,,,,,,,,,,,,,,,41,57,60,84,87
Diego Costa,30,188,83,83,25000000,73,82,64,75,49,85,,,,,,,,,,,,,,,,,,,,,82,64,75,49,85
G. Chiellini,34,187,89,89,24500000,68,46,58,60,90,82,,,,,,,,,,,,,,,,,,,,,46,58,60,90,82
C. Vela,30,177,83,83,24500000,80,82,78,84,31,67,,,,,,,,,,,,,,,,,,,,,82,78,84,31,67
D. van de Beek,22,184,81,87,24500000,71,78,77,79,71,79,,,,,,,,,,,,,,,,,,,,,78,77,79,71,79
Pablo Fornals,23,178,81,87,24500000,67,76,79,80,71,68,,,,,,,,,,,,,,,,,,,,,76,79,80,71,68
José Callejón,32,178,84,84,24000000,89,78,75,83,47,64,,,,,,,,,,,,,,,,,,,,,78,75,83,47,64
C. Aránguiz,30,171,83,83,24000000,63,72,82,81,74,73,,,,,,,,,,,,,,,,,,,,,72,82,81,74,73
Danilo Pereira,27,188,83,83,24000000,65,63,72,74,82,85,,,,,,,,,,,,,,,,,,,,,63,72,74,82,85
A. Rüdiger,26,190,82,84,24000000,72,43,67,63,82,78,,,,,,,,,,,,,,,,,,,,,43,67,63,82,78
S. El Shaarawy,26,178,82,82,24000000,87,78,71,84,42,60,,,,,,,,,,,,,,,,,,,,,78,71,84,42,60
J. Lingard,26,175,82,82,24000000,80,78,76,83,58,72,,,,,,,,,,,,,,,,,,,,,78,76,83,58,72
Dani Ceballos,22,179,81,87,24000000,69,67,79,84,68,68,,,,,,,,,,,,,,,,,,,,,67,79,84,68,68
David Neres,22,175,81,86,24000000,87,73,73,87,36,65,,,,,,,,,,,,,,,,,,,,,73,73,87,36,65
João Moutinho,32,170,84,84,23500000,56,75,85,82,71,67,,,,,,,,,,,,,,,,,,,,,75,85,82,71,67
A. Vidal,32,180,84,84,23500000,67,79,80,78,85,86,,,,,,,,,,,,,,,,,,,,,79,80,78,85,86
M. Kruse,31,180,83,83,23500000,66,83,83,83,45,70,,,,,,,,,,,,,,,,,,,,,83,83,83,45,70
Josué Chiamulera,27,185,83,83,23500000,80,43,56,64,85,77,,,,,,,,,,,,,,,,,,,,,43,56,64,85,77
Ricardo Pereira,25,175,82,84,23500000,86,64,77,81,79,73,,,,,,,,,,,,,,,,,,,,,64,77,81,79,73
N. Tagliafico,26,172,82,84,23500000,81,57,72,76,80,81,,,,,,,,,,,,,,,,,,,,,57,72,76,80,81
Sokratis,31,186,84,84,23000000,72,51,52,60,84,83,,,,,,,,,,,,,,,,,,,,,51,52,60,84,83
J. Matip,27,194,82,84,23000000,61,46,68,67,83,76,,,,,,,,,,,,,,,,,,,,,46,68,67,83,76
T. Delaney,27,182,82,83,23000000,77,73,74,75,83,82,,,,,,,,,,,,,,,,,,,,,73,74,75,83,82
H. Maguire,26,194,82,83,23000000,50,53,64,69,81,84,,,,,,,,,,,,,,,,,,,,,53,64,69,81,84
M. Balotelli,28,189,82,82,23000000,76,82,73,79,24,76,,,,,,,,,,,,,,,,,,,,,82,73,79,24,76
L. de Jong,28,188,82,82,23000000,56,79,71,69,51,78,,,,,,,,,,,,,,,,,,,,,79,71,69,51,78
X. Shaqiri,27,169,82,82,23000000,80,77,81,85,46,69,,,,,,,,,,,,,,,,,,,,,77,81,85,46,69
C. Bakambu,28,182,82,82,23000000,90,81,72,80,35,76,,,,,,,,,,,,,,,,,,,,,81,72,80,35,76
Q. Promes,27,174,82,82,23000000,91,79,79,83,40,67,,,,,,,,,,,,,,,,,,,,,79,79,83,40,67
D. Zapata,28,189,82,82,23000000,71,81,56,76,37,83,,,,,,,,,,,,,,,,,,,,,81,56,76,37,83
Éder Militão,21,186,81,88,23000000,79,50,66,71,81,81,,,,,,,,,,,,,,,,,,,,,50,66,71,81,81
E. Can,25,184,81,86,23000000,70,68,77,79,81,84,,,,,,,,,,,,,,,,,,,,,68,77,79,81,84
R. Nainggolan,31,176,83,83,22500000,72,79,78,83,83,82,,,,,,,,,,,,,,,,,,,,,79,78,83,83,82
J. Cuadrado,31,179,83,83,22500000,91,72,77,88,66,67,,,,,,,,,,,,,,,,,,,,,72,77,88,66,67
S. Savić,28,187,82,84,22500000,55,35,54,56,84,72,,,,,,,,,,,,,,,,,,,,,35,54,56,84,72
N. Schulz,26,181,82,83,22500000,90,52,76,80,74,76,,,,,,,,,,,,,,,,,,,,,52,76,80,74,76
J. Roussillon,26,175,82,83,22500000,89,65,76,80,78,78,,,,,,,,,,,,,,,,,,,,,65,76,80,78,78
P. Zieliński,25,180,81,85,22500000,81,72,81,84,70,61,,,,,,,,,,,,,,,,,,,,,72,81,84,70,61
M. Sabitzer,25,177,81,84,22500000,74,80,76,80,57,77,,,,,,,,,,,,,,,,,,,,,80,76,80,57,77
J. Martínez,26,170,81,84,22500000,89,79,61,79,25,73,,,,,,,,,,,,,,,,,,,,,79,61,79,25,73
Vinícius Jr.,18,176,79,92,22500000,93,70,71,85,29,63,,,,,,,,,,,,,,,,,,,,,70,71,85,29,63
J. Henderson,29,182,83,83,22000000,64,70,83,77,78,80,,,,,,,,,,,,,,,,,,,,,70,83,77,78,80
Illarramendi,29,179,83,83,22000000,54,71,80,79,80,71,,,,,,,,,,,,,,,,,,,,,71,80,79,80,71
D. Blind,29,180,83,83,22000000,54,65,80,77,82,74,,,,,,,,,,,,,,,,,,,,,65,80,77,82,74
I. Gueye,29,174,83,83,22000000,73,59,70,78,85,78,,,,,,,,,,,,,,,,,,,,,59,70,78,85,78
Sergi Roberto,27,178,82,83,22000000,78,63,81,78,77,73,,,,,,,,,,,,,,,,,,,,,63,81,78,77,73
V. Lindelöf,24,187,81,87,22000000,74,50,72,72,82,78,,,,,,,,,,,,,,,,,,,,,50,72,72,82,78
Rafinha,26,174,81,84,22000000,67,76,79,84,68,60,,,,,,,,,,,,,,,,,,,,,76,79,84,68,60
A. Plea,26,181,81,83,22000000,76,81,76,78,39,74,,,,,,,,,,,,,,,,,,,,,81,76,78,39,74
Y. Poulsen,25,193,81,83,22000000,83,74,67,75,56,82,,,,,,,,,,,,,,,,,,,,,74,67,75,56,82
Gabriel Paulista,28,187,82,83,21500000,71,49,69,65,83,81,,,,,,,,,,,,,,,,,,,,,49,69,65,83,81
H. Herrera,29,185,82,82,21500000,72,75,75,76,78,81,,,,,,,,,,,,,,,,,,,,,75,75,76,78,81
M. Arnautović,30,192,82,82,21500000,80,79,77,82,47,82,,,,,,,,,,,,,,,,,,,,,79,77,82,47,82
Giuliano,29,172,82,82,21500000,81,77,79,83,46,75,,,,,,,,,,,,,,,,,,,,,77,79,83,46,75
B. Dost,30,196,82,82,21500000,50,82,57,66,45,80,,,,,,,,,,,,,,,,,,,,,82,57,66,45,80
G. Bonaventura,29,181,82,82,21500000,73,77,82,82,72,69,,,,,,,,,,,,,,,,,,,,,77,82,82,72,69
Ander Herrera,29,182,82,82,21500000,70,72,78,80,82,77,,,,,,,,,,,,,,,,,,,,,72,78,80,82,77
K. Bellarabi,29,184,82,82,21500000,92,76,74,85,34,71,,,,,,,,,,,,,,,,,,,,,76,74,85,34,71
G. Xhaka,26,185,81,84,21500000,51,67,81,71,69,78,,,,,,,,,,,,,,,,,,,,,67,81,71,69,78
G. Kondogbia,26,188,81,84,21500000,69,73,76,79,78,88,,,,,,,,,,,,,,,,,,,,,73,76,79,78,88
R. Fraser,25,163,81,83,21500000,90,73,78,83,46,61,,,,,,,,,,,,,,,,,,,,,73,78,83,46,61
R. Guerreiro,25,170,81,83,21500000,73,75,82,85,66,57,,,,,,,,,,,,,,,,,,,,,75,82,85,66,57
João Mário,26,179,81,83,21500000,69,69,80,83,64,67,,,,,,,,,,,,,,,,,,,,,69,80,83,64,67
N. Barella,22,175,80,88,21500000,76,66,78,80,74,69,,,,,,,,,,,,,,,,,,,,,66,78,80,74,69
Nacho Fernández,29,180,82,83,21000000,74,37,66,64,81,79,,,,,,,,,,,,,,,,,,,,,37,66,64,81,79
Willian,30,175,82,82,21000000,85,78,80,85,49,60,,,,,,,,,,,,,,,,,,,,,78,80,85,49,60
A. Sánchez,30,169,82,82,21000000,81,78,77,85,44,73,,,,,,,,,,,,,,,,,,,,,78,77,85,44,73
Gayà,24,172,81,86,21000000,85,61,77,80,75,69,,,,,,,,,,,,,,,,,,,,,61,77,80,75,69
J. Corona,26,173,81,82,21000000,83,70,75,88,62,54,,,,,,,,,,,,,,,,,,,,,70,75,88,62,54
Gerard Moreno,27,180,81,82,21000000,76,79,66,78,45,69,,,,,,,,,,,,,,,,,,,,,79,66,78,45,69
W. Weghorst,26,197,81,82,21000000,63,80,59,69,39,83,,,,,,,,,,,,,,,,,,,,,80,59,69,39,83
Carlos Soler,22,180,80,87,21000000,77,74,81,78,62,68,,,,,,,,,,,,,,,,,,,,,74,81,78,62,68
Lucas Leiva,32,179,84,84,20500000,62,66,76,78,83,73,,,,,,,,,,,,,,,,,,,,,66,76,78,83,73
W. Ndidi,22,183,81,84,20500000,71,62,67,74,83,82,,,,,,,,,,,,,,,,,,,,,62,67,74,83,82
A. Ljajić,27,182,81,82,20500000,78,75,80,84,37,61,,,,,,,,,,,,,,,,,,,,,75,80,84,37,61
Y. Tielemans,22,176,80,87,20500000,63,78,82,78,68,67,,,,,,,,,,,,,,,,,,,,,78,82,78,68,67
K. Piątek,24,183,80,86,20500000,76,80,53,73,38,71,,,,,,,,,,,,,,,,,,,,,80,53,73,38,71
Diogo Jota,22,178,80,86,20500000,83,77,70,84,53,76,,,,,,,,,,,,,,,,,,,,,77,70,84,53,76
Melendo,21,167,80,86,20500000,82,71,77,82,55,61,,,,,,,,,,,,,,,,,,,,,71,77,82,55,61
Lucas Paquetá,21,180,79,89,20500000,76,75,75,81,60,77,,,,,,,,,,,,,,,,,,,,,75,75,81,60,77
T. Meunier,27,191,82,82,20000000,79,75,77,75,78,84,,,,,,,,,,,,,,,,,,,,,75,77,75,78,84
Morales,31,180,82,82,20000000,89,81,76,85,58,69,,,,,,,,,,,,,,,,,,,,,81,76,85,58,69
L. Shaw,23,181,81,84,20000000,82,54,75,80,80,78,,,,,,,,,,,,,,,,,,,,,54,75,80,80,78
A. Doucouré,26,184,81,84,20000000,69,74,73,77,79,82,,,,,,,,,,,,,,,,,,,,,74,73,77,79,82
J. Gomez,22,188,80,88,20000000,81,30,64,68,79,76,,,,,,,,,,,,,,,,,,,,,30,64,68,79,76
H. Winks,23,176,80,86,20000000,70,58,77,83,71,66,,,,,,,,,,,,,,,,,,,,,58,77,83,71,66
M. Dembélé,22,183,80,85,20000000,82,77,61,76,30,81,,,,,,,,,,,,,,,,,,,,,77,61,76,30,81
Santi Mina,23,181,80,85,20000000,77,79,69,78,53,72,,,,,,,,,,,,,,,,,,,,,79,69,78,53,72
Rony Lopes,23,174,80,85,20000000,79,75,76,83,30,57,,,,,,,,,,,,,,,,,,,,,75,76,83,30,57
J. Correa,24,188,80,85,20000000,84,75,75,85,39,67,,,,,,,,,,,,,,,,,,,,,75,75,85,39,67
M. Gómez,22,186,80,85,20000000,64,80,68,72,32,79,,,,,,,,,,,,,,,,,,,,,80,68,72,32,79
R. Bentancur,22,187,79,89,20000000,70,58,78,81,70,74,,,,,,,,,,,,,,,,,,,,,58,78,81,70,74
Fernandinho,34,179,87,87,19500000,66,74,79,78,84,79,,,,,,,,,,,,,,,,,,,,,74,79,78,84,79
E. Džeko,33,193,84,84,19500000,60,84,71,75,46,73,,,,,,,,,,,,,,,,,,,,,84,71,75,46,73
M. Mandžukić,33,190,84,84,19500000,68,80,71,75,65,86,,,,,,,,,,,,,,,,,,,,,80,71,75,65,86
E. Banega,31,174,83,83,19500000,61,73,84,82,77,70,,,,,,,,,,,,,,,,,,,,,73,84,82,77,70
S. Khedira,32,189,83,83,19500000,51,74,78,77,80,80,,,,,,,,,,,,,,,,,,,,,74,78,77,80,80
Juan Mata,31,170,82,82,19500000,62,74,83,83,36,47,,,,,,,,,,,,,,,,,,,,,74,83,83,36,47
Marlos,31,174,82,82,19500000,83,78,79,86,46,73,,,,,,,,,,,,,,,,,,,,,78,79,86,46,73
Taison,31,172,82,82,19500000,92,79,75,86,47,69,,,,,,,,,,,,,,,,,,,,,79,75,86,47,69
Pedro,31,169,82,82,19500000,75,77,77,84,43,56,,,,,,,,,,,,,,,,,,,,,77,77,84,43,56
S. Coates,28,196,82,82,19500000,54,43,55,59,83,85,,,,,,,,,,,,,,,,,,,,,43,55,59,83,85
M. Ginter,25,191,81,83,19500000,62,58,69,65,82,77,,,,,,,,,,,,,,,,,,,,,58,69,65,82,77
M. Brozović,26,181,81,83,19500000,64,73,79,80,76,73,,,,,,,,,,,,,,,,,,,,,73,79,80,76,73
M. Eggestein,22,181,80,85,19500000,73,70,75,78,73,78,,,,,,,,,,,,,,,,,,,,,70,75,78,73,78
K. Baldé,24,181,80,84,19500000,91,76,72,83,29,69,,,,,,,,,,,,,,,,,,,,,76,72,83,29,69
Loren,25,188,80,84,19500000,77,79,59,78,31,72,,,,,,,,,,,,,,,,,,,,,79,59,78,31,72
N. Otamendi,31,183,83,83,19000000,56,57,63,59,83,78,,,,,,,,,,,,,,,,,,,,,57,63,59,83,78
F. Acerbi,31,192,83,83,19000000,56,50,61,63,86,82,,,,,,,,,,,,,,,,,,,,,50,61,63,86,82
Mário Fernandes,28,187,82,82,19000000,82,60,74,79,81,79,,,,,,,,,,,,,,,,,,,,,60,74,79,81,79
W. Orban,26,186,81,83,19000000,52,37,52,56,82,80,,,,,,,,,,,,,,,,,,,,,37,52,56,82,80
Thiago Mendes,27,177,81,83,19000000,78,70,78,79,77,74,,,,,,,,,,,,,,,,,,,,,70,78,79,77,74
A. Christensen,23,187,80,87,19000000,68,31,63,68,82,72,,,,,,,,,,,,,,,,,,,,,31,63,68,82,72
Mario Hermoso,24,184,80,87,19000000,79,49,72,71,79,77,,,,,,,,,,,,,,,,,,,,,49,72,71,79,77
Sergi Darder,25,180,80,84,19000000,45,69,79,80,66,67,,,,,,,,,,,,,,,,,,,,,69,79,80,66,67
L. Paredes,25,180,80,84,19000000,71,67,81,79,72,74,,,,,,,,,,,,,,,,,,,,,67,81,79,72,74
V. Rongier,24,172,80,84,19000000,64,73,76,80,75,62,,,,,,,,,,,,,,,,,,,,,73,76,80,75,62
Deulofeu,25,177,80,83,19000000,88,73,75,87,30,56,,,,,,,,,,,,,,,,,,,,,73,75,87,30,56
Samu Castillejo,24,182,80,83,19000000,82,73,78,82,43,52,,,,,,,,,,,,,,,,,,,,,73,78,82,43,52
A. Rebić,25,185,80,83,19000000,88,80,70,78,39,81,,,,,,,,,,,,,,,,,,,,,80,70,78,39,81
Thiago Silva,34,183,87,87,18500000,62,54,72,72,87,78,,,,,,,,,,,,,,,,,,,,,54,72,72,87,78
A. Izzo,27,183,81,83,18500000,68,33,48,65,83,75,,,,,,,,,,,,,,,,,,,,,33,48,65,83,75
M. Acuña,27,172,81,81,18500000,76,74,81,86,76,84,,,,,,,,,,,,,,,,,,,,,74,81,86,76,84
Marcos Llorente,24,184,80,86,18500000,58,50,73,71,77,73,,,,,,,,,,,,,,,,,,,,,50,73,71,77,73
Rúben Dias,22,186,80,86,18500000,64,38,50,59,81,83,,,,,,,,,,,,,,,,,,,,,38,50,59,81,83
A. Oxlade-Chamberlain,25,175,80,83,18500000,82,73,78,84,66,73,,,,,,,,,,,,,,,,,,,,,73,78,84,66,73
J. Quintero,26,168,80,83,18500000,73,77,81,83,37,50,,,,,,,,,,,,,,,,,,,,,77,81,83,37,50
M. Almirón,25,174,80,83,18500000,89,74,76,82,48,63,,,,,,,,,,,,,,,,,,,,,74,76,82,48,63
M. Lazzari,25,174,80,83,18500000,88,62,76,81,54,62,,,,,,,,,,,,,,,,,,,,,62,76,81,54,62
Merino,23,186,79,87,18500000,69,73,77,80,71,74,,,,,,,,,,,,,,,,,,,,,73,77,80,71,74
L. Pellegrini,23,186,79,87,18500000,74,68,79,76,72,69,,,,,,,,,,,,,,,,,,,,,68,79,76,72,69
F. Chiesa,21,175,79,87,18500000,85,74,71,83,44,64,,,,,,,,,,,,,,,,,,,,,74,71,83,44,64
Dani Olmo,21,179,79,87,18500000,80,76,76,82,48,61,,,,,,,,,,,,,,,,,,,,,76,76,82,48,61
S. Kjær,30,191,82,82,18000000,65,55,63,55,81,78,,,,,,,,,,,,,,,,,,,,,55,63,55,81,78
Lucas Vázquez,28,173,81,81,18000000,82,73,79,82,58,69,,,,,,,,,,,,,,,,,,,,,73,79,82,58,69
M. Caldara,25,187,80,86,18000000,64,34,46,63,83,74,,,,,,,,,,,,,,,,,,,,,34,46,63,83,74
F. Mendy,24,180,80,86,18000000,89,64,73,79,75,81,,,,,,,,,,,,,,,,,,,,,64,73,79,75,81
T. Bakayoko,24,189,80,85,18000000,66,48,69,74,79,85,,,,,,,,,,,,,,,,,,,,,48,69,74,79,85
Campaña,26,179,80,83,18000000,61,73,81,77,73,72,,,,,,,,,,,,,,,,,,,,,73,81,77,73,72
M. Lanzini,26,167,80,82,18000000,77,72,78,85,32,50,,,,,,,,,,,,,,,,,,,,,72,78,85,32,50
H. Vanaken,26,195,80,82,18000000,48,76,81,77,65,73,,,,,,,,,,,,,,,,,,,,,76,81,77,65,73
Gabriel,25,187,80,82,18000000,63,74,77,79,76,83,,,,,,,,,,,,,,,,,,,,,74,77,79,76,83
I. Konaté,20,192,79,88,18000000,78,27,54,68,80,78,,,,,,,,,,,,,,,,,,,,,27,54,68,80,78
C. Pulisic,20,177,79,86,18000000,90,68,70,84,36,58,,,,,,,,,,,,,,,,,,,,,68,70,84,36,58
V. Tsygankov,21,177,79,86,18000000,83,73,77,80,47,56,,,,,,,,,,,,,,,,,,,,,73,77,80,47,56
O. Giroud,32,193,82,82,17500000,46,81,71,72,42,79,,,,,,,,,,,,,,,,,,,,,81,71,72,42,79
J. Vardy,32,179,82,82,17500000,88,81,65,74,55,75,,,,,,,,,,,,,,,,,,,,,81,65,74,55,75
L. Milivojević,28,186,81,82,17500000,55,67,76,67,78,84,,,,,,,,,,,,,,,,,,,,,67,76,67,78,84
Héctor Bellerín,24,178,80,85,17500000,92,51,70,78,76,66,,,,,,,,,,,,,,,,,,,,,51,70,78,76,66
B. Mendy,24,185,80,85,17500000,81,51,77,77,77,77,,,,,,,,,,,,,,,,,,,,,51,77,77,77,77
Odriozola,23,176,80,85,17500000,89,53,71,77,77,69,,,,,,,,,,,,,,,,,,,,,53,71,77,77,69
K. Zouma,24,190,80,84,17500000,64,51,59,55,78,83,,,,,,,,,,,,,,,,,,,,,51,59,55,78,83
N. Aké,24,180,80,84,17500000,75,53,70,71,81,77,,,,,,,,,,,,,,,,,,,,,53,70,71,81,77
André Gomes,25,188,80,84,17500000,65,71,78,80,73,80,,,,,,,,,,,,,,,,,,,,,71,78,80,73,80
J. Weigl,23,186,80,84,17500000,61,47,75,76,78,66,,,,,,,,,,,,,,,,,,,,,47,75,76,78,66
Yeray,24,183,80,84,17500000,62,49,58,61,81,74,,,,,,,,,,,,,,,,,,,,,49,58,61,81,74
C. Wilson,27,180,80,81,17500000,87,78,67,77,39,75,,,,,,,,,,,,,,,,,,,,,78,67,77,39,75
Portu,27,178,80,81,17500000,81,78,76,81,58,75,,,,,,,,,,,,,,,,,,,,,78,76,81,58,75
H. Çalhanoğlu,25,178,80,81,17500000,67,75,82,84,59,58,,,,,,,,,,,,,,,,,,,,,75,82,84,59,58
M. Dabbur,27,182,80,81,17500000,75,78,65,77,32,72,,,,,,,,,,,,,,,,,,,,,78,65,77,32,72
A. Wan-Bissaka,21,183,79,88,17500000,87,50,63,78,80,72,,,,,,,,,,,,,,,,,,,,,50,63,78,80,72
A. Saint-Maximin,22,173,79,86,17500000,93,70,70,87,23,63,,,,,,,,,,,,,,,,,,,,,70,70,87,23,63
C. Pavón,23,174,79,86,17500000,91,76,75,79,49,74,,,,,,,,,,,,,,,,,,,,,76,75,79,49,74
F. Kessié,22,183,79,86,17500000,72,72,72,77,78,88,,,,,,,,,,,,,,,,,,,,,72,72,77,78,88
De Tomás,24,180,79,85,17500000,72,81,60,73,35,71,,,,,,,,,,,,,,,,,,,,,81,60,73,35,71
A. Golovin,23,180,79,85,17500000,81,71,75,82,65,67,,,,,,,,,,,,,,,,,,,,,71,75,82,65,67
M. Rashica,23,177,79,85,17500000,90,78,71,83,44,63,,,,,,,,,,,,,,,,,,,,,78,71,83,44,63
Wesley,22,191,79,85,17500000,77,76,68,73,38,88,,,,,,,,,,,,,,,,,,,,,76,68,73,38,88
Rosberto Dourado,31,175,82,82,17000000,81,57,74,77,82,74,,,,,,,,,,,,,,,,,,,,,57,74,77,82,74
M. Sissoko,29,187,81,81,17000000,80,70,78,79,79,89,,,,,,,,,,,,,,,,,,,,,70,78,79,79,89
H. Mkhitaryan,30,177,81,81,17000000,78,76,78,83,55,66,,,,,,,,,,,,,,,,,,,,,76,78,83,55,66
Dani García,29,180,81,81,17000000,42,69,73,75,78,79,,,,,,,,,,,,,,,,,,,,,69,73,75,78,79
E. Hysaj,25,182,80,84,17000000,79,51,68,75,78,74,,,,,,,,,,,,,,,,,,,,,51,68,75,78,74
D. Klaassen,26,179,80,81,17000000,65,78,74,75,70,75,,,,,,,,,,,,,,,,,,,,,78,74,75,70,75
S. Berge,21,195,79,87,17000000,74,49,74,74,76,85,,,,,,,,,,,,,,,,,,,,,49,74,74,76,85
R. Loftus-Cheek,23,191,79,85,17000000,70,67,76,81,62,79,,,,,,,,,,,,,,,,,,,,,67,76,81,62,79
S. Lobotka,24,170,79,85,17000000,64,63,76,78,70,66,,,,,,,,,,,,,,,,,,,,,63,76,78,70,66
A. Januzaj,24,186,79,84,17000000,76,76,74,82,29,56,,,,,,,,,,,,,,,,,,,,,76,74,82,29,56
Otávio,24,172,79,84,17000000,75,69,77,84,45,62,,,,,,,,,,,,,,,,,,,,,69,77,84,45,62
A. Iwobi,23,185,79,84,17000000,80,64,74,83,28,68,,,,,,,,,,,,,,,,,,,,,64,74,83,28,68
Munir,23,175,79,84,17000000,84,77,75,81,35,66,,,,,,,,,,,,,,,,,,,,,77,75,81,35,66
J. Maddison,22,175,79,84,17000000,75,72,82,79,39,57,,,,,,,,,,,,,,,,,,,,,72,82,79,39,57
André Silva,23,185,79,84,17000000,77,75,63,78,43,75,,,,,,,,,,,,,,,,,,,,,75,63,78,43,75
Richarlison,22,181,79,84,17000000,84,77,72,81,45,79,,,,,,,,,,,,,,,,,,,,,77,72,81,45,79
S. Nakajima,24,164,79,84,17000000,90,73,72,83,37,50,,,,,,,,,,,,,,,,,,,,,73,72,83,37,50
Raphinha,22,176,79,84,17000000,89,74,74,82,49,70,,,,,,,,,,,,,,,,,,,,,74,74,82,49,70
I. Sarr,21,185,78,88,17000000,94,77,68,81,22,64,,,,,,,,,,,,,,,,,,,,,77,68,81,22,64
Falcao,33,177,83,83,16500000,65,82,69,77,43,72,,,,,,,,,,,,,,,,,,,,,82,69,77,43,72
E. Garay,32,189,83,83,16500000,43,60,67,62,82,81,,,,,,,,,,,,,,,,,,,,,60,67,62,82,81
David Luiz,32,189,83,83,16500000,61,65,74,70,82,77,,,,,,,,,,,,,,,,,,,,,65,74,70,82,77
F. Vázquez,30,186,81,81,16500000,56,78,80,81,58,72,,,,,,,,,,,,,,,,,,,,,78,80,81,58,72
M. Keane,26,191,80,83,16500000,60,49,62,66,80,79,,,,,,,,,,,,,,,,,,,,,49,62,66,80,79
E. Bailly,25,186,80,83,16500000,76,42,58,62,79,80,,,,,,,,,,,,,,,,,,,,,42,58,62,79,80
Manu Trigueros,27,178,80,81,16500000,60,73,78,77,70,66,,,,,,,,,,,,,,,,,,,,,73,78,77,70,66
J. Ward-Prowse,24,173,79,84,16500000,60,71,85,77,62,64,,,,,,,,,,,,,,,,,,,,,71,85,77,62,64
L. Trossard,24,172,79,83,16500000,83,80,76,82,30,62,,,,,,,,,,,,,,,,,,,,,80,76,82,30,62
P. Foden,19,171,76,90,16500000,74,64,74,79,55,55,,,,,,,,,,,,,,,,,,,,,64,74,79,55,55
E. Zahavi,31,182,81,81,16000000,75,81,73,82,39,70,,,,,,,,,,,,,,,,,,,,,81,73,82,39,70
R. Rodríguez,26,180,80,83,16000000,70,67,79,76,78,74,,,,,,,,,,,,,,,,,,,,,67,79,76,78,74
A. Mandi,27,184,80,83,16000000,66,46,74,70,81,72,,,,,,,,,,,,,,,,,,,,,46,74,70,81,72
Bernat,26,170,80,83,16000000,82,61,78,85,74,66,,,,,,,,,,,,,,,,,,,,,61,78,85,74,66
M. Hinteregger,26,184,80,82,16000000,68,61,64,59,81,80,,,,,,,,,,,,,,,,,,,,,61,64,59,81,80
M. Nastasić,26,188,80,82,16000000,71,32,63,54,82,74,,,,,,,,,,,,,,,,,,,,,32,63,54,82,74
S. Verdi,26,171,80,80,16000000,86,73,80,83,48,53,,,,,,,,,,,,,,,,,,,,,73,80,83,48,53
Bernard,26,164,80,80,16000000,87,69,76,85,38,44,,,,,,,,,,,,,,,,,,,,,69,76,85,38,44
R. Zobnin,25,182,79,86,16000000,76,64,75,80,78,73,,,,,,,,,,,,,,,,,,,,,64,75,80,78,73
T. Kehrer,22,186,79,86,16000000,74,44,65,67,78,76,,,,,,,,,,,,,,,,,,,,,44,65,67,78,76
A. Hakimi,20,181,79,86,16000000,92,62,72,80,74,74,,,,,,,,,,,,,,,,,,,,,62,72,80,74,74
D. Samassékou,23,177,79,86,16000000,73,49,69,72,77,77,,,,,,,,,,,,,,,,,,,,,49,69,72,77,77
Marc Roca,22,184,79,86,16000000,61,62,77,73,73,68,,,,,,,,,,,,,,,,,,,,,62,77,73,73,68
D. Zagadou,20,196,79,86,16000000,62,34,61,50,80,80,,,,,,,,,,,,,,,,,,,,,34,61,50,80,80
M. Sanson,24,180,79,83,16000000,75,73,78,77,70,75,,,,,,,,,,,,,,,,,,,,,73,78,77,70,75
F. Grillitsch,23,187,79,83,16000000,64,59,77,77,68,66,,,,,,,,,,,,,,,,,,,,,59,77,77,68,66
R. Barkley,25,185,79,82,16000000,70,73,77,80,56,73,,,,,,,,,,,,,,,,,,,,,73,77,80,56,73
M. Batshuayi,25,185,79,82,16000000,76,79,58,78,33,72,,,,,,,,,,,,,,,,,,,,,79,58,78,33,72
Ricardo Horta,24,173,79,82,16000000,76,76,76,81,42,55,,,,,,,,,,,,,,,,,,,,,76,76,81,42,55
L. Alario,26,184,79,82,16000000,71,77,59,75,29,75,,,,,,,,,,,,,,,,,,,,,77,59,75,29,75
Mariano,25,180,79,82,16000000,82,80,61,73,45,80,,,,,,,,,,,,,,,,,,,,,80,61,73,45,80
M. Zaracho,21,171,78,87,16000000,87,66,74,83,63,62,,,,,,,,,,,,,,,,,,,,,66,74,83,63,62
N. Gaitán,31,173,81,81,15500000,78,72,80,82,41,58,,,,,,,,,,,,,,,,,,,,,72,80,82,41,58
Laure Santeiro,31,171,81,81,15500000,82,72,77,83,26,51,,,,,,,,,,,,,,,,,,,,,72,77,83,26,51
Sergi Gómez,27,185,80,82,15500000,64,41,65,63,81,75,,,,,,,,,,,,,,,,,,,,,41,65,63,81,75
E. Lamela,27,184,80,80,15500000,75,77,79,82,51,72,,,,,,,,,,,,,,,,,,,,,77,79,82,51,72
L. Muriel,28,179,80,80,15500000,88,76,68,84,27,68,,,,,,,,,,,,,,,,,,,,,76,68,84,27,68
S. Berghuis,27,182,80,80,15500000,78,77,81,82,36,62,,,,,,,,,,,,,,,,,,,,,77,81,82,36,62
Cristian Tello,27,178,80,80,15500000,89,75,76,81,48,61,,,,,,,,,,,,,,,,,,,,,75,76,81,48,61
S. Zaza,28,186,80,80,15500000,76,79,62,77,50,84,,,,,,,,,,,,,,,,,,,,,79,62,77,50,84
Pozuelo,27,170,80,80,15500000,66,73,78,83,50,60,,,,,,,,,,,,,,,,,,,,,73,78,83,50,60
R. Jiménez,28,188,80,80,15500000,78,78,71,75,47,79,,,,,,,,,,,,,,,,,,,,,78,71,75,47,79
Jony,27,179,80,80,15500000,87,70,79,80,52,68,,,,,,,,,,,,,,,,,,,,,70,79,80,52,68
M. Marega,28,186,80,80,15500000,88,79,63,65,41,90,,,,,,,,,,,,,,,,,,,,,79,63,65,41,90
J. Denayer,24,184,79,85,15500000,75,42,63,68,79,78,,,,,,,,,,,,,,,,,,,,,42,63,68,79,78
L. Klostermann,23,189,79,85,15500000,85,50,63,71,79,75,,,,,,,,,,,,,,,,,,,,,50,63,71,79,75
A. Diallo,23,186,79,85,15500000,77,37,70,76,78,76,,,,,,,,,,,,,,,,,,,,,37,70,76,78,76
B. Pavard,23,186,79,85,15500000,69,47,72,70,81,74,,,,,,,,,,,,,,,,,,,,,47,72,70,81,74
B. Chilwell,22,178,79,85,15500000,78,49,71,77,76,75,,,,,,,,,,,,,,,,,,,,,49,71,77,76,75
T. Souček,24,192,79,85,15500000,70,68,72,72,79,82,,,,,,,,,,,,,,,,,,,,,68,72,72,79,82
Junior Firpo,22,184,79,85,15500000,85,64,72,74,75,76,,,,,,,,,,,,,,,,,,,,,64,72,74,75,76
J. Gbamin,23,186,79,84,15500000,80,57,73,74,78,83,,,,,,,,,,,,,,,,,,,,,57,73,74,78,83
M. Arnold,25,184,79,82,15500000,65,80,76,77,70,69,,,,,,,,,,,,,,,,,,,,,80,76,77,70,69
M. Samatta,26,183,79,81,15500000,85,78,66,73,32,74,,,,,,,,,,,,,,,,,,,,,78,66,73,32,74
K. Toko-Ekambi,26,185,79,81,15500000,79,78,67,78,27,68,,,,,,,,,,,,,,,,,,,,,78,67,78,27,68
F. Neuhaus,22,183,78,87,15500000,70,66,75,79,64,67,,,,,,,,,,,,,,,,,,,,,66,75,79,64,67
H. Onyekuru,22,175,78,86,15500000,90,74,67,82,34,56,,,,,,,,,,,,,,,,,,,,,74,67,82,34,56
J. Ikoné,21,175,78,86,15500000,89,70,72,82,33,60,,,,,,,,,,,,,,,,,,,,,70,72,82,33,60
C. Ünder,21,173,78,86,15500000,82,75,74,82,37,50,,,,,,,,,,,,,,,,,,,,,75,74,82,37,50
M. Dembélé,31,185,81,81,15000000,73,68,77,87,77,80,,,,,,,,,,,,,,,,,,,,,68,77,87,77,80
Renato Augusto,31,186,81,81,15000000,67,73,79,79,71,72,,,,,,,,,,,,,,,,,,,,,73,79,79,71,72
N. Nkoulou,29,184,81,81,15000000,70,44,64,70,82,74,,,,,,,,,,,,,,,,,,,,,44,64,70,82,74
Marcos Alonso,28,188,81,81,15000000,66,73,79,77,79,79,,,,,,,,,,,,,,,,,,,,,73,79,77,79,79
André Almeida,28,185,81,81,15000000,68,63,76,75,82,82,,,,,,,,,,,,,,,,,,,,,63,76,75,82,82
A. Florenzi,28,173,81,81,15000000,82,77,76,80,77,73,,,,,,,,,,,,,,,,,,,,,77,76,80,77,73
M. Vecino,27,187,80,81,15000000,67,68,77,80,76,74,,,,,,,,,,,,,,,,,,,,,68,77,80,76,74
F. Smolov,29,187,80,80,15000000,86,81,70,76,32,73,,,,,,,,,,,,,,,,,,,,,81,70,76,32,73
E. Salvio,28,172,80,80,15000000,86,75,73,84,58,68,,,,,,,,,,,,,,,,,,,,,75,73,84,58,68
R. Pereyra,28,182,80,80,15000000,75,73,79,83,61,67,,,,,,,,,,,,,,,,,,,,,73,79,83,61,67
Sergi Enrich,29,181,80,80,15000000,60,78,70,75,43,78,,,,,,,,,,,,,,,,,,,,,78,70,75,43,78
N. Stark,24,190,79,84,15000000,78,53,66,67,80,75,,,,,,,,,,,,,,,,,,,,,53,66,67,80,75
Angeliño,22,175,79,84,15000000,85,64,79,81,72,78,,,,,,,,,,,,,,,,,,,,,64,79,81,72,78
J. Lerma,24,179,79,83,15000000,73,64,72,73,78,80,,,,,,,,,,,,,,,,,,,,,64,72,73,78,80
Fred,26,169,79,81,15000000,76,73,75,80,74,69,,,,,,,,,,,,,,,,,,,,,73,75,80,74,69
R. Malinovskyi,26,181,79,81,15000000,71,77,81,77,64,80,,,,,,,,,,,,,,,,,,,,,77,81,77,64,80
L. Spinazzola,26,186,79,80,15000000,81,64,74,80,76,73,,,,,,,,,,,,,,,,,,,,,64,74,80,76,73
Leo Baptistao,26,181,79,80,15000000,77,75,72,79,33,67,,,,,,,,,,,,,,,,,,,,,75,72,79,33,67
D. Rice,20,185,78,87,15000000,62,37,64,68,77,77,,,,,,,,,,,,,,,,,,,,,37,64,68,77,77
D. Zakaria,22,191,78,86,15000000,82,63,75,76,79,82,,,,,,,,,,,,,,,,,,,,,63,75,76,79,82
J. Mateta,22,192,78,85,15000000,82,75,53,73,34,77,,,,,,,,,,,,,,,,,,,,,75,53,73,34,77
N. Matić,30,194,81,81,14500000,48,68,77,72,80,78,,,,,,,,,,,,,,,,,,,,,68,77,72,80,78
J. Guilavogui,28,188,80,81,14500000,59,59,67,65,83,79,,,,,,,,,,,,,,,,,,,,,59,67,65,83,79
P. Kadeřábek,27,182,80,81,14500000,77,43,74,75,75,81,,,,,,,,,,,,,,,,,,,,,43,74,75,75,81
C. Kramer,28,191,80,81,14500000,52,49,71,73,77,77,,,,,,,,,,,,,,,,,,,,,49,71,73,77,77
Iñigo Martínez,28,182,80,81,14500000,70,56,64,61,80,78,,,,,,,,,,,,,,,,,,,,,56,64,61,80,78
M. Halstenberg,27,187,80,81,14500000,69,66,72,72,80,80,,,,,,,,,,,,,,,,,,,,,66,72,72,80,80
S. Feghouli,29,176,80,80,14500000,86,72,74,83,34,64,,,,,,,,,,,,,,,,,,,,,72,74,83,34,64
L. Stindl,30,181,80,80,14500000,66,80,78,79,59,72,,,,,,,,,,,,,,,,,,,,,80,78,79,59,72
F. Coquelin,28,177,80,80,14500000,70,66,75,78,78,77,,,,,,,,,,,,,,,,,,,,,66,75,78,78,77
Y. Belhanda,29,179,80,80,14500000,73,76,78,83,57,71,,,,,,,,,,,,,,,,,,,,,76,78,83,57,71
Ibai Gómez,29,177,80,80,14500000,76,79,80,81,59,67,,,,,,,,,,,,,,,,,,,,,79,80,81,59,67
Mata,30,185,80,80,14500000,72,79,61,75,31,77,,,,,,,,,,,,,,,,,,,,,79,61,75,31,77
E. Dier,25,190,79,83,14500000,54,63,71,64,80,84,,,,,,,,,,,,,,,,,,,,,63,71,64,80,84
Jonny,25,170,79,83,14500000,77,52,70,76,78,70,,,,,,,,,,,,,,,,,,,,,52,70,76,78,70
L. Dubois,24,178,79,83,14500000,74,61,75,75,77,73,,,,,,,,,,,,,,,,,,,,,61,75,75,77,73
J. King,27,184,79,80,14500000,88,79,69,79,38,75,,,,,,,,,,,,,,,,,,,,,79,69,79,38,75
H. Seferović,27,189,79,80,14500000,71,77,67,71,47,86,,,,,,,,,,,,,,,,,,,,,77,67,71,47,86
Wu Lei,27,174,79,80,14500000,87,74,72,80,36,66,,,,,,,,,,,,,,,,,,,,,74,72,80,36,66
Ferro,22,192,78,87,14500000,54,43,56,63,80,76,,,,,,,,,,,,,,,,,,,,,43,56,63,80,76
M. Ødegaard,20,178,78,85,14500000,74,69,82,85,40,49,,,,,,,,,,,,,,,,,,,,,69,82,85,40,49
J. Bamba,23,175,78,85,14500000,89,75,69,82,36,62,,,,,,,,,,,,,,,,,,,,,75,69,82,36,62
N. Amiri,22,180,78,85,14500000,73,67,76,83,54,64,,,,,,,,,,,,,,,,,,,,,67,76,83,54,64
Joelinton,22,186,78,84,14500000,78,75,60,76,43,81,,,,,,,,,,,,,,,,,,,,,75,60,76,43,81
P. Cutrone,21,183,77,87,14500000,73,74,56,74,29,69,,,,,,,,,,,,,,,,,,,,,74,56,74,29,69
M. Kean,19,182,76,89,14500000,81,72,50,77,30,68,,,,,,,,,,,,,,,,,,,,,72,50,77,30,68
Z. Ibrahimović,37,195,85,85,14000000,56,88,77,77,34,78,,,,,,,,,,,,,,,,,,,,,88,77,77,34,78
K. Gameiro,32,172,81,81,14000000,85,79,74,77,43,67,,,,,,,,,,,,,,,,,,,,,79,74,77,43,67
D. Payet,32,175,81,81,14000000,71,77,82,81,38,67,,,,,,,,,,,,,,,,,,,,,77,82,81,38,67
S. Giovinco,32,163,81,81,14000000,81,79,79,87,27,56,,,,,,,,,,,,,,,,,,,,,79,79,87,27,56
D. Perotti,30,179,80,80,14000000,75,70,77,86,42,57,,,,,,,,,,,,,,,,,,,,,70,77,86,42,57
K. Strootman,29,186,80,80,14000000,57,72,80,73,77,80,,,,,,,,,,,,,,,,,,,,,72,80,73,77,80
J. Tarkowski,26,192,79,82,14000000,58,45,66,63,79,78,,,,,,,,,,,,,,,,,,,,,45,66,63,79,78
J. Brooks,26,193,79,82,14000000,71,39,58,64,80,75,,,,,,,,,,,,,,,,,,,,,39,58,64,80,75
D. Baselli,27,182,79,80,14000000,71,73,79,81,66,68,,,,,,,,,,,,,,,,,,,,,73,79,81,66,68
T. Savanier,27,171,79,80,14000000,71,69,81,79,66,68,,,,,,,,,,,,,,,,,,,,,69,81,79,66,68
J. Andersen,23,192,78,86,14000000,60,40,54,55,78,79,,,,,,,,,,,,,,,,,,,,,40,54,55,78,79
I. Diop,22,194,78,86,14000000,67,36,52,55,79,79,,,,,,,,,,,,,,,,,,,,,36,52,55,79,79
B. Cristante,24,186,78,84,14000000,58,72,75,75,74,76,,,,,,,,,,,,,,,,,,,,,72,75,75,74,76
L. Dendoncker,24,189,78,84,14000000,67,72,77,71,78,83,,,,,,,,,,,,,,,,,,,,,72,77,71,78,83
M. Dahoud,23,178,78,84,14000000,73,66,75,84,64,68,,,,,,,,,,,,,,,,,,,,,66,75,84,64,68
Daniel Podence,23,163,78,84,14000000,93,63,70,84,33,51,,,,,,,,,,,,,,,,,,,,,63,70,84,33,51
E. Bardhi,23,172,78,84,14000000,72,81,78,80,63,56,,,,,,,,,,,,,,,,,,,,,81,78,80,63,56
N. Maksimović,24,189,78,84,14000000,62,67,74,71,76,74,,,,,,,,,,,,,,,,,,,,,67,74,71,76,74
G. Laborde,25,181,78,83,14000000,72,76,67,75,34,79,,,,,,,,,,,,,,,,,,,,,76,67,75,34,79
R. De Paul,25,178,78,83,14000000,75,73,78,82,35,63,,,,,,,,,,,,,,,,,,,,,73,78,82,35,63
D. Selke,24,194,78,83,14000000,76,76,53,72,43,76,,,,,,,,,,,,,,,,,,,,,76,53,72,43,76
D. Origi,24,188,78,83,14000000,82,76,67,75,27,74,,,,,,,,,,,,,,,,,,,,,76,67,75,27,74
A. Miranchuk,23,182,78,83,14000000,74,66,78,79,31,62,,,,,,,,,,,,,,,,,,,,,66,78,79,31,62
Y. Yazıcı,22,183,78,83,14000000,75,74,78,81,47,74,,,,,,,,,,,,,,,,,,,,,74,78,81,47,74
D. Upamecano,20,185,77,88,14000000,76,36,59,61,75,80,,,,,,,,,,,,,,,,,,,,,36,59,61,75,80
E. Palacios,20,177,77,87,14000000,77,73,73,77,68,74,,,,,,,,,,,,,,,,,,,,,73,73,77,68,74
D. Brooks,21,183,77,86,14000000,75,71,75,79,48,66,,,,,,,,,,,,,,,,,,,,,71,75,79,48,66
Rodrygo,18,174,76,89,14000000,85,72,65,80,29,57,,,,,,,,,,,,,,,,,,,,,72,65,80,29,57
Jesús Navas,33,170,82,82,13500000,87,69,77,83,69,53,,,,,,,,,,,,,,,,,,,,,69,77,83,69,53
Cesc Fàbregas,32,179,81,81,13500000,53,73,87,77,60,56,,,,,,,,,,,,,,,,,,,,,73,87,77,60,56
A. Guardado,32,169,81,81,13500000,68,68,81,82,72,68,,,,,,,,,,,,,,,,,,,,,68,81,82,72,68
Beñat,32,177,81,81,13500000,49,73,84,74,67,71,,,,,,,,,,,,,,,,,,,,,73,84,74,67,71
Fernando,31,183,81,81,13500000,61,62,71,70,81,82,,,,,,,,,,,,,,,,,,,,,62,71,70,81,82
Luiz Gustavo,31,187,81,81,13500000,58,60,69,69,80,82,,,,,,,,,,,,,,,,,,,,,60,69,69,80,82
D. Wass,30,181,80,80,13500000,73,77,81,77,76,75,,,,,,,,,,,,,,,,,,,,,77,81,77,76,75
L. Pratto,31,187,80,80,13500000,71,79,72,75,58,86,,,,,,,,,,,,,,,,,,,,,79,72,75,58,86
K. Vogt,27,194,80,80,13500000,73,57,71,67,80,79,,,,,,,,,,,,,,,,,,,,,57,71,67,80,79
L. Cabrera,27,187,79,82,13500000,58,31,58,57,79,80,,,,,,,,,,,,,,,,,,,,,31,58,57,79,80
J. Murillo,27,182,79,82,13500000,75,40,59,63,79,80,,,,,,,,,,,,,,,,,,,,,40,59,63,79,80
S. Kolašinac,26,183,79,82,13500000,75,62,72,73,75,87,,,,,,,,,,,,,,,,,,,,,62,72,73,75,87
F. Schär,27,188,79,82,13500000,62,66,71,69,80,75,,,,,,,,,,,,,,,,,,,,,66,71,69,80,75
R. Aguilar,26,172,79,82,13500000,84,53,69,76,75,73,,,,,,,,,,,,,,,,,,,,,53,69,76,75,73
F. Balbuena,27,188,79,82,13500000,56,40,52,50,80,79,,,,,,,,,,,,,,,,,,,,,40,52,50,80,79
D. da Costa,25,187,79,81,13500000,81,50,70,72,76,81,,,,,,,,,,,,,,,,,,,,,50,70,72,76,81
B. Davies,26,182,79,81,13500000,73,58,75,75,78,74,,,,,,,,,,,,,,,,,,,,,58,75,75,78,74
Diego Carlos,26,186,79,81,13500000,77,44,58,68,78,80,,,,,,,,,,,,,,,,,,,,,44,58,68,78,80
I. Belfodil,27,191,79,79,13500000,71,77,69,78,36,81,,,,,,,,,,,,,,,,,,,,,77,69,78,36,81
Óliver Torres,24,175,78,83,13500000,67,66,78,82,63,52,,,,,,,,,,,,,,,,,,,,,66,78,82,63,52
M. Lemina,25,184,78,83,13500000,72,68,76,78,72,72,,,,,,,,,,,,,,,,,,,,,68,76,78,72,72
Joan Jordán,24,184,78,83,13500000,63,74,78,76,67,67,,,,,,,,,,,,,,,,,,,,,74,78,76,67,67
M. Gregoritsch,25,193,78,82,13500000,64,78,74,74,40,71,,,,,,,,,,,,,,,,,,,,,78,74,74,40,71
B. Traoré,23,181,78,82,13500000,87,73,71,83,43,66,,,,,,,,,,,,,,,,,,,,,73,71,83,43,66
M. Meyer,23,173,78,82,13500000,67,62,79,83,65,65,,,,,,,,,,,,,,,,,,,,,62,79,83,65,65
A. Mitrović,24,187,78,82,13500000,62,77,55,69,27,83,,,,,,,,,,,,,,,,,,,,,77,55,69,27,83
M. Vargas,22,168,77,86,13500000,90,70,72,82,42,67,,,,,,,,,,,,,,,,,,,,,70,72,82,42,67
Brais Méndez,22,187,77,86,13500000,74,75,75,77,50,63,,,,,,,,,,,,,,,,,,,,,75,75,77,50,63
S. Tonali,19,181,75,89,13500000,78,65,75,75,71,76,,,,,,,,,,,,,,,,,,,,,65,75,75,71,76
B. Höwedes,31,188,81,81,13000000,52,48,62,63,82,74,,,,,,,,,,,,,,,,,,,,,48,62,63,82,74
M. Musacchio,28,180,80,80,13000000,66,47,63,67,83,72,,,,,,,,,,,,,,,,,,,,,47,63,67,83,72
S. Sané,28,196,80,80,13000000,62,49,65,63,80,81,,,,,,,,,,,,,,,,,,,,,49,65,63,80,81
S. Vrsaljko,27,181,80,80,13000000,77,55,74,75,79,77,,,,,,,,,,,,,,,,,,,,,55,74,75,79,77
S. Mustafi,27,184,79,81,13000000,60,57,63,61,77,77,,,,,,,,,,,,,,,,,,,,,57,63,61,77,77
S. Aurier,26,176,79,80,13000000,77,59,73,76,77,76,,,,,,,,,,,,,,,,,,,,,59,73,76,77,76
J. Wilshere,27,172,79,79,13000000,64,68,80,81,63,66,,,,,,,,,,,,,,,,,,,,,68,80,81,63,66
W. Khazri,28,176,79,79,13000000,76,80,77,79,43,68,,,,,,,,,,,,,,,,,,,,,80,77,79,43,68
Zé Luís,28,184,79,79,13000000,82,73,60,78,33,78,,,,,,,,,,,,,,,,,,,,,73,60,78,33,78
A. Hamdallah,28,182,79,79,13000000,76,79,68,73,30,75,,,,,,,,,,,,,,,,,,,,,79,68,73,30,75
Soares,28,187,79,79,13000000,82,75,60,75,48,80,,,,,,,,,,,,,,,,,,,,,75,60,75,48,80
O. Zinchenko,22,175,78,85,13000000,71,66,80,79,77,66,,,,,,,,,,,,,,,,,,,,,66,80,79,77,66
O. Yokuşlu,25,190,78,84,13000000,68,70,73,73,75,84,,,,,,,,,,,,,,,,,,,,,70,73,73,75,84
N. Elvedi,22,189,78,84,13000000,71,34,62,69,78,75,,,,,,,,,,,,,,,,,,,,,34,62,69,78,75
Calero,23,183,78,84,13000000,72,46,69,71,79,76,,,,,,,,,,,,,,,,,,,,,46,69,71,79,76
Denis Suárez,25,176,78,82,13000000,76,72,79,83,59,56,,,,,,,,,,,,,,,,,,,,,72,79,83,59,56
V. Fischer,25,180,78,81,13000000,82,72,73,80,37,70,,,,,,,,,,,,,,,,,,,,,72,73,80,37,70
S. Meïté,25,187,78,81,13000000,66,61,74,78,75,83,,,,,,,,,,,,,,,,,,,,,61,74,78,75,83
J. Boëtius,25,178,78,81,13000000,85,70,74,81,42,64,,,,,,,,,,,,,,,,,,,,,70,74,81,42,64
D. Berardi,24,183,78,81,13000000,77,77,74,82,37,67,,,,,,,,,,,,,,,,,,,,,77,74,82,37,67
Ayoze Pérez,25,178,78,81,13000000,76,75,67,81,54,66,,,,,,,,,,,,,,,,,,,,,75,67,81,54,66
H. Hateboer,25,187,78,81,13000000,83,62,70,77,75,75,,,,,,,,,,,,,,,,,,,,,62,70,77,75,75
B. Verbič,25,179,78,81,13000000,83,72,72,80,43,73,,,,,,,,,,,,,,,,,,,,,72,72,80,43,73
G. Martínez,26,172,78,81,13000000,88,75,71,83,34,62,,,,,,,,,,,,,,,,,,,,,75,71,83,34,62
Bruma,24,173,78,80,13000000,90,72,71,84,32,63,,,,,,,,,,,,,,,,,,,,,72,71,84,32,63
D. Calabria,22,176,77,87,13000000,76,43,68,74,76,69,,,,,,,,,,,,,,,,,,,,,43,68,74,76,69
M. Grujić,23,191,77,87,13000000,62,71,72,78,74,77,,,,,,,,,,,,,,,,,,,,,71,72,78,74,77
J. Grealish,23,175,77,85,13000000,75,66,74,80,41,59,,,,,,,,,,,,,,,,,,,,,66,74,80,41,59
A. Miranchuk,23,183,77,85,13000000,76,73,74,77,28,62,,,,,,,,,,,,,,,,,,,,,73,74,77,28,62
C. Nkunku,21,179,77,85,13000000,77,74,75,80,69,65,,,,,,,,,,,,,,,,,,,,,74,75,80,69,65
Wendel,21,180,77,85,13000000,78,71,74,79,72,71,,,,,,,,,,,,,,,,,,,,,71,74,79,72,71
F. Valverde,20,182,77,85,13000000,68,69,73,73,66,67,,,,,,,,,,,,,,,,,,,,,69,73,73,66,67
N. Vlašić,21,178,77,85,13000000,79,70,73,80,48,66,,,,,,,,,,,,,,,,,,,,,70,73,80,48,66
A. Maier,20,186,76,87,13000000,67,57,72,75,68,70,,,,,,,,,,,,,,,,,,,,,57,72,75,68,70
D. Rose,28,174,80,80,12500000,77,62,74,79,80,75,,,,,,,,,,,,,,,,,,,,,62,74,79,80,75
Sidnei,29,185,80,80,12500000,70,55,61,64,78,82,,,,,,,,,,,,,,,,,,,,,55,61,64,78,82
K. Trippier,28,173,80,80,12500000,74,60,81,76,78,72,,,,,,,,,,,,,,,,,,,,,60,81,76,78,72
Y. M'Vila,29,182,80,80,12500000,70,61,75,74,75,78,,,,,,,,,,,,,,,,,,,,,61,75,74,75,78
C. Smalling,29,194,80,80,12500000,69,47,58,58,79,81,,,,,,,,,,,,,,,,,,,,,47,58,58,79,81
D. Lovren,29,188,80,80,12500000,54,40,59,62,80,78,,,,,,,,,,,,,,,,,,,,,40,59,62,80,78
F. Ghoulam,28,184,80,80,12500000,75,64,77,78,78,73,,,,,,,,,,,,,,,,,,,,,64,77,78,78,73
T. Stepanenko,29,181,80,80,12500000,67,61,72,69,78,80,,,,,,,,,,,,,,,,,,,,,61,72,69,78,80
I. Marcone,29,183,80,80,12500000,55,58,73,78,75,83,,,,,,,,,,,,,,,,,,,,,58,73,78,75,83
G. Pezzella,28,186,79,81,12500000,56,49,47,56,80,76,,,,,,,,,,,,,,,,,,,,,49,47,56,80,76
W. Boly,28,195,79,81,12500000,64,35,62,61,78,82,,,,,,,,,,,,,,,,,,,,,35,62,61,78,82
P. Jones,27,185,79,80,12500000,55,51,61,58,78,76,,,,,,,,,,,,,,,,,,,,,51,61,58,78,76
K. Lala,27,178,79,80,12500000,79,54,76,77,74,76,,,,,,,,,,,,,,,,,,,,,54,76,77,74,76
S. Arias,27,178,79,80,12500000,83,53,69,75,76,77,,,,,,,,,,,,,,,,,,,,,53,69,75,76,77
J. Veltman,27,184,79,80,12500000,66,49,66,68,79,78,,,,,,,,,,,,,,,,,,,,,49,66,68,79,78
D. Zappacosta,27,182,79,80,12500000,78,66,72,75,76,74,,,,,,,,,,,,,,,,,,,,,66,72,75,76,74
Alex Teixeira,29,174,79,79,12500000,92,76,73,82,42,72,,,,,,,,,,,,,,,,,,,,,76,73,82,42,72
S. Rondón,29,186,79,79,12500000,69,77,62,70,37,82,,,,,,,,,,,,,,,,,,,,,77,62,70,37,82
Iago Falqué,29,174,79,79,12500000,75,74,79,84,41,54,,,,,,,,,,,,,,,,,,,,,74,79,84,41,54
Elkeson,29,180,79,79,12500000,81,77,73,77,49,76,,,,,,,,,,,,,,,,,,,,,77,73,77,49,76
Kike García,29,186,79,79,12500000,61,79,63,75,38,73,,,,,,,,,,,,,,,,,,,,,79,63,75,38,73
A. Yarmolenko,29,190,79,79,12500000,68,80,78,82,42,70,,,,,,,,,,,,,,,,,,,,,80,78,82,42,70
Vitolo,29,185,79,79,12500000,76,76,76,79,41,75,,,,,,,,,,,,,,,,,,,,,76,76,79,41,75
D. Cheryshev,28,179,79,79,12500000,77,79,78,78,55,67,,,,,,,,,,,,,,,,,,,,,79,78,78,55,67
D. Benedetto,29,177,79,79,12500000,80,80,66,75,38,73,,,,,,,,,,,,,,,,,,,,,80,66,75,38,73
Dyego Sousa,29,190,79,79,12500000,55,81,53,71,30,86,,,,,,,,,,,,,,,,,,,,,81,53,71,30,86
Rubén Alcaraz,28,183,79,79,12500000,64,73,79,71,80,82,,,,,,,,,,,,,,,,,,,,,73,79,71,80,82
G. Dzhikiya,25,188,78,84,12500000,82,53,61,64,78,81,,,,,,,,,,,,,,,,,,,,,53,61,64,78,81
Aarón Martín,22,178,78,84,12500000,72,47,73,76,77,65,,,,,,,,,,,,,,,,,,,,,47,73,76,77,65
E. Pulgar,25,187,78,83,12500000,64,61,75,74,76,78,,,,,,,,,,,,,,,,,,,,,61,75,74,76,78
Rúben Vezo,25,183,78,83,12500000,75,54,63,63,79,75,,,,,,,,,,,,,,,,,,,,,54,63,63,79,75
B. Santamaria,24,183,78,83,12500000,64,63,73,77,75,73,,,,,,,,,,,,,,,,,,,,,63,73,77,75,73
Y. Mina,24,195,78,83,12500000,51,54,55,56,78,80,,,,,,,,,,,,,,,,,,,,,54,55,56,78,80
L. Tousart,22,185,78,83,12500000,62,53,66,64,79,83,,,,,,,,,,,,,,,,,,,,,53,66,64,79,83
J. Veretout,26,176,78,81,12500000,63,71,78,77,71,69,,,,,,,,,,,,,,,,,,,,,71,78,77,71,69
K. Fortounis,26,180,78,80,12500000,77,74,77,80,40,67,,,,,,,,,,,,,,,,,,,,,74,77,80,40,67
Luiz Felipe,22,187,77,86,12500000,76,29,59,66,78,67,,,,,,,,,,,,,,,,,,,,,29,59,66,78,67
Y. Atal,23,176,77,86,12500000,88,68,72,82,71,73,,,,,,,,,,,,,,,,,,,,,68,72,82,71,73
G. Simeone,23,180,77,84,12500000,77,75,59,76,39,71,,,,,,,,,,,,,,,,,,,,,75,59,76,39,71
A. Sanabria,23,180,77,84,12500000,76,74,71,78,35,64,,,,,,,,,,,,,,,,,,,,,74,71,78,35,64
R. Borré,23,175,77,84,12500000,79,75,69,77,41,74,,,,,,,,,,,,,,,,,,,,,75,69,77,41,74
E. Ünal,22,185,77,84,12500000,72,77,64,76,36,78,,,,,,,,,,,,,,,,,,,,,77,64,76,36,78
M. Pašalić,24,188,77,84,12500000,59,71,74,76,67,76,,,,,,,,,,,,,,,,,,,,,71,74,76,67,76
L. Cook,22,175,77,84,12500000,70,63,75,78,66,69,,,,,,,,,,,,,,,,,,,,,63,75,78,66,69
E. Boateng,23,175,77,84,12500000,91,74,58,78,39,75,,,,,,,,,,,,,,,,,,,,,74,58,78,39,75
N. Nández,23,172,77,84,12500000,77,67,68,76,76,83,,,,,,,,,,,,,,,,,,,,,67,68,76,76,83
A. Barák,24,190,77,84,12500000,64,73,76,76,52,71,,,,,,,,,,,,,,,,,,,,,73,76,76,52,71
M. Rojas,23,186,77,84,12500000,81,78,76,80,63,70,,,,,,,,,,,,,,,,,,,,,78,76,80,63,70
Galeno,21,182,77,84,12500000,88,70,66,80,32,65,,,,,,,,,,,,,,,,,,,,,70,66,80,32,65
Chiquinho,23,174,77,84,12500000,72,70,76,79,57,51,,,,,,,,,,,,,,,,,,,,,70,76,79,57,51
D. Calvert-Lewin,22,187,77,83,12500000,84,70,63,75,38,79,,,,,,,,,,,,,,,,,,,,,70,63,75,38,79
Borja Mayoral,22,182,77,83,12500000,69,75,69,77,38,68,,,,,,,,,,,,,,,,,,,,,75,69,77,38,68
A. Lookman,21,174,76,86,12500000,82,74,68,83,28,61,,,,,,,,,,,,,,,,,,,,,74,68,83,28,61
R. Orsolini,22,183,76,86,12500000,78,69,73,80,39,60,,,,,,,,,,,,,,,,,,,,,69,73,80,39,60
W. McKennie,20,185,76,86,12500000,68,64,69,74,76,83,,,,,,,,,,,,,,,,,,,,,64,69,74,76,83
A. Mac Allister,20,176,76,86,12500000,71,75,75,74,56,62,,,,,,,,,,,,,,,,,,,,,75,75,74,56,62
V. Kompany,33,190,83,83,12000000,50,53,65,64,84,79,,,,,,,,,,,,,,,,,,,,,53,65,64,84,79
Raúl Albiol,33,190,83,83,12000000,48,41,61,63,86,72,,,,,,,,,,,,,,,,,,,,,41,61,63,86,72
S. Bender,30,186,80,80,12000000,65,51,62,60,82,77,,,,,,,,,,,,,,,,,,,,,51,62,60,82,77
E. Capoue,30,190,80,80,12000000,52,71,74,73,78,77,,,,,,,,,,,,,,,,,,,,,71,74,73,78,77
S. Nzonzi,30,196,80,80,12000000,42,55,71,68,79,86,,,,,,,,,,,,,,,,,,,,,55,71,68,79,86
D. Vida,30,184,80,80,12000000,75,40,59,60,82,79,,,,,,,,,,,,,,,,,,,,,40,59,60,82,79
Ismaily,29,177,80,80,12000000,82,66,74,81,75,75,,,,,,,,,,,,,,,,,,,,,66,74,81,75,75
M. Sakho,29,187,79,80,12000000,53,33,65,56,78,83,,,,,,,,,,,,,,,,,,,,,33,65,56,78,83
Laguardia,29,185,79,80,12000000,53,45,55,48,80,79,,,,,,,,,,,,,,,,,,,,,45,55,48,80,79
S. Kagawa,30,175,79,79,12000000,62,67,75,84,54,45,,,,,,,,,,,,,,,,,,,,,67,75,84,54,45
J. Lascelles,25,188,78,82,12000000,59,28,51,57,78,80,,,,,,,,,,,,,,,,,,,,,28,51,57,78,80
K. Rekik,24,186,78,82,12000000,67,39,59,62,78,77,,,,,,,,,,,,,,,,,,,,,39,59,62,78,77
I. Amadou,26,184,78,82,12000000,71,55,66,72,76,81,,,,,,,,,,,,,,,,,,,,,55,66,72,76,81
G. Maripán,25,193,78,82,12000000,40,33,48,46,78,79,,,,,,,,,,,,,,,,,,,,,33,48,46,78,79
E. Skhiri,24,185,78,82,12000000,66,68,72,74,79,74,,,,,,,,,,,,,,,,,,,,,68,72,74,79,74
D. Dumfries,23,188,78,82,12000000,80,50,66,71,76,87,,,,,,,,,,,,,,,,,,,,,50,66,71,76,87
Bruno Viana,24,187,78,82,12000000,66,42,56,57,79,76,,,,,,,,,,,,,,,,,,,,,42,56,57,79,76
R. Gagliardini,25,190,78,81,12000000,61,63,71,74,77,73,,,,,,,,,,,,,,,,,,,,,63,71,74,77,73
A. Delort,27,181,78,79,12000000,73,78,70,73,33,80,,,,,,,,,,,,,,,,,,,,,78,70,73,33,80
V. Aboubakar,27,184,78,79,12000000,74,77,70,78,36,79,,,,,,,,,,,,,,,,,,,,,77,70,78,36,79
M. Uth,27,185,78,79,12000000,76,80,69,77,40,68,,,,,,,,,,,,,,,,,,,,,80,69,77,40,68
F. Mollet,27,170,78,79,12000000,76,74,78,79,50,59,,,,,,,,,,,,,,,,,,,,,74,78,79,50,59
J. Hofmann,26,176,78,79,12000000,76,69,76,78,47,62,,,,,,,,,,,,,,,,,,,,,69,76,78,47,62
V. Grifo,26,180,78,79,12000000,70,75,76,82,41,62,,,,,,,,,,,,,,,,,,,,,75,76,82,41,62
F. Tait,26,175,78,79,12000000,75,71,76,81,33,58,,,,,,,,,,,,,,,,,,,,,71,76,81,33,58
D. Laxalt,26,178,78,79,12000000,88,63,74,78,62,69,,,,,,,,,,,,,,,,,,,,,63,74,78,62,69
M. Diagne,27,191,78,79,12000000,65,78,58,61,32,74,,,,,,,,,,,,,,,,,,,,,78,58,61,32,74
Jorge Meré,22,182,77,85,12000000,68,30,54,65,78,73,,,,,,,,,,,,,,,,,,,,,30,54,65,78,73
N. Mukiele,21,185,77,85,12000000,77,42,68,72,76,76,,,,,,,,,,,,,,,,,,,,,42,68,72,76,76
L. Martínez,21,178,77,85,12000000,75,55,70,74,77,76,,,,,,,,,,,,,,,,,,,,,55,70,74,77,76
Renan Lodi,21,173,77,85,12000000,84,66,75,79,72,73,,,,,,,,,,,,,,,,,,,,,66,75,79,72,73
P. Sisto,24,171,77,83,12000000,80,75,72,82,47,63,,,,,,,,,,,,,,,,,,,,,75,72,82,47,63
O. Duda,24,181,77,83,12000000,69,75,73,80,55,62,,,,,,,,,,,,,,,,,,,,,75,73,80,55,62
M. Lopez,21,167,77,83,12000000,72,67,78,79,65,58,,,,,,,,,,,,,,,,,,,,,67,78,79,65,58
K. Laimer,22,180,77,83,12000000,83,65,73,78,73,73,,,,,,,,,,,,,,,,,,,,,65,73,78,73,73
Córdoba,22,180,77,83,12000000,83,71,71,81,64,70,,,,,,,,,,,,,,,,,,,,,71,71,81,64,70
W. Hughes,24,185,77,82,12000000,64,64,78,78,68,64,,,,,,,,,,,,,,,,,,,,,64,78,78,68,64
F. Acheampong,25,168,77,82,12000000,94,76,67,80,51,75,,,,,,,,,,,,,,,,,,,,,76,67,80,51,75
A. Petagna,24,190,77,82,12000000,62,74,68,75,40,81,,,,,,,,,,,,,,,,,,,,,74,68,75,40,81
Alex Berenguer,23,175,77,82,12000000,79,68,72,79,63,66,,,,,,,,,,,,,,,,,,,,,68,72,79,63,66
M. Gaćinović,24,175,77,82,12000000,77,68,72,81,62,62,,,,,,,,,,,,,,,,,,,,,68,72,81,62,62
M. Niang,24,188,77,81,12000000,89,76,68,80,31,65,,,,,,,,,,,,,,,,,,,,,76,68,80,31,65
B. Fernández,24,175,77,81,12000000,88,76,71,78,29,63,,,,,,,,,,,,,,,,,,,,,76,71,78,29,63
Florentino,19,184,76,87,12000000,65,44,62,68,76,73,,,,,,,,,,,,,,,,,,,,,44,62,68,76,73
R. Mandragora,22,183,76,86,12000000,58,63,73,75,74,73,,,,,,,,,,,,,,,,,,,,,63,73,75,74,73
B. Embolo,22,185,76,85,12000000,75,71,67,75,39,75,,,,,,,,,,,,,,,,,,,,,71,67,75,39,75
T. Castagne,23,185,76,85,12000000,82,56,69,75,73,68,,,,,,,,,,,,,,,,,,,,,56,69,75,73,68
T. Abraham,21,196,76,85,12000000,74,74,57,69,31,68,,,,,,,,,,,,,,,,,,,,,74,57,69,31,68
D. Malen,20,179,76,85,12000000,91,73,64,80,29,72,,,,,,,,,,,,,,,,,,,,,73,64,80,29,72
Aleñá,21,180,76,85,12000000,75,68,73,78,61,62,,,,,,,,,,,,,,,,,,,,,68,73,78,61,62
A. Ndiaye,22,173,76,85,12000000,87,70,67,81,46,66,,,,,,,,,,,,,,,,,,,,,70,67,81,46,66
Gedson Fernandes,20,181,76,85,12000000,79,70,73,76,71,77,,,,,,,,,,,,,,,,,,,,,70,73,76,71,77
F. Chalov,21,180,76,85,12000000,80,74,65,75,33,63,,,,,,,,,,,,,,,,,,,,,74,65,75,33,63
S. Chukwueze,20,172,76,85,12000000,87,72,66,82,36,57,,,,,,,,,,,,,,,,,,,,,72,66,82,36,57
N. Domínguez,21,179,75,87,12000000,79,63,70,74,70,78,,,,,,,,,,,,,,,,,,,,,63,70,74,70,78
N. Zaniolo,19,190,74,88,12000000,73,66,68,76,59,76,,,,,,,,,,,,,,,,,,,,,66,68,76,59,76
Nani,32,177,80,80,11500000,72,75,79,86,37,62,,,,,,,,,,,,,,,,,,,,,75,79,86,37,62
Raúl García,32,184,80,80,11500000,47,82,80,77,72,81,,,,,,,,,,,,,,,,,,,,,82,80,77,72,81
Pedro León,32,183,80,80,11500000,60,78,85,81,45,59,,,,,,,,,,,,,,,,,,,,,78,85,81,45,59
L. Bender,30,185,80,80,11500000,65,64,72,72,83,77,,,,,,,,,,,,,,,,,,,,,64,72,72,83,77
Hulk,32,179,80,80,11500000,78,85,76,80,47,86,,,,,,,,,,,,,,,,,,,,,85,76,80,47,86
A. Modeste,31,187,79,79,11500000,74,78,63,72,35,80,,,,,,,,,,,,,,,,,,,,,78,63,72,35,80
N. Kalinić,31,187,79,79,11500000,67,76,64,74,42,72,,,,,,,,,,,,,,,,,,,,,76,64,74,42,72
J. Pastore,30,187,79,79,11500000,62,73,81,82,56,58,,,,,,,,,,,,,,,,,,,,,73,81,82,56,58
Luimo Boas Santos,31,176,79,79,11500000,84,79,65,80,27,66,,,,,,,,,,,,,,,,,,,,,79,65,80,27,66
R. Saravia,26,176,78,81,11500000,90,41,68,76,73,79,,,,,,,,,,,,,,,,,,,,,41,68,76,73,79
Omar Mascarell,26,181,78,80,11500000,63,61,72,76,74,76,,,,,,,,,,,,,,,,,,,,,61,72,76,74,76
Sérgio Oliveira,27,181,78,79,11500000,58,76,79,76,67,66,,,,,,,,,,,,,,,,,,,,,76,79,76,67,66
R. Freuler,27,181,78,79,11500000,66,69,75,75,70,69,,,,,,,,,,,,,,,,,,,,,69,75,75,70,69
Reguilón,22,178,77,85,11500000,78,50,71,74,75,69,,,,,,,,,,,,,,,,,,,,,50,71,74,75,69
S. McTominay,22,193,77,84,11500000,61,65,72,72,74,80,,,,,,,,,,,,,,,,,,,,,65,72,72,74,80
Andreas Pereira,23,178,77,82,11500000,73,74,78,78,66,69,,,,,,,,,,,,,,,,,,,,,74,78,78,66,69
M. Benassi,24,184,77,82,11500000,64,71,75,77,72,74,,,,,,,,,,,,,,,,,,,,,71,75,77,72,74
W. Cyprien,24,180,77,82,11500000,76,75,76,78,74,78,,,,,,,,,,,,,,,,,,,,,75,76,78,74,78
N. Bentaleb,24,187,77,82,11500000,65,71,75,79,67,74,,,,,,,,,,,,,,,,,,,,,71,75,79,67,74
P. Højbjerg,23,185,77,82,11500000,61,70,74,75,73,79,,,,,,,,,,,,,,,,,,,,,70,74,75,73,79
L. Miranda,25,173,77,82,11500000,76,67,76,77,70,69,,,,,,,,,,,,,,,,,,,,,67,76,77,70,69
S. Sensi,23,168,77,82,11500000,59,58,79,76,65,66,,,,,,,,,,,,,,,,,,,,,58,79,76,65,66
R. Marin,23,174,77,82,11500000,69,74,78,75,65,70,,,,,,,,,,,,,,,,,,,,,74,78,75,65,70
R. Pizarro,25,175,77,81,11500000,82,70,74,78,64,74,,,,,,,,,,,,,,,,,,,,,70,74,78,64,74
G. Pereiro,24,188,77,81,11500000,71,75,74,79,40,69,,,,,,,,,,,,,,,,,,,,,75,74,79,40,69
L. Ocampos,24,187,77,80,11500000,83,73,72,75,61,84,,,,,,,,,,,,,,,,,,,,,73,72,75,61,84
J. Lukaku,24,177,77,80,11500000,91,61,70,80,71,78,,,,,,,,,,,,,,,,,,,,,61,70,80,71,78
C. Domínguez,24,179,77,80,11500000,81,71,73,77,44,70,,,,,,,,,,,,,,,,,,,,,71,73,77,44,70
G. Mancini,23,190,76,86,11500000,55,45,44,50,77,75,,,,,,,,,,,,,,,,,,,,,45,44,50,77,75
T. Adams,20,176,76,86,11500000,76,48,67,72,73,75,,,,,,,,,,,,,,,,,,,,,48,67,72,73,75
J. Koundé,20,180,76,86,11500000,70,31,48,62,78,69,,,,,,,,,,,,,,,,,,,,,31,48,62,78,69
Kangin Lee,18,173,76,86,11500000,72,71,75,80,27,49,,,,,,,,,,,,,,,,,,,,,71,75,80,27,49
Edu Expósito,22,179,76,85,11500000,56,68,70,74,65,55,,,,,,,,,,,,,,,,,,,,,68,70,74,65,55
I. Pussetto,23,180,76,84,11500000,80,74,62,77,25,65,,,,,,,,,,,,,,,,,,,,,74,62,77,25,65
K. Dolberg,21,187,76,84,11500000,75,80,61,74,29,65,,,,,,,,,,,,,,,,,,,,,80,61,74,29,65
X. Schlager,21,174,76,84,11500000,78,68,71,77,65,74,,,,,,,,,,,,,,,,,,,,,68,71,77,65,74
J. Brekalo,21,175,76,84,11500000,82,65,69,82,36,52,,,,,,,,,,,,,,,,,,,,,65,69,82,36,52
A. Danjuma Groeneveld,22,178,76,84,11500000,82,73,71,79,42,67,,,,,,,,,,,,,,,,,,,,,73,71,79,42,67
M. Terrier,22,184,76,84,11500000,82,76,73,75,34,64,,,,,,,,,,,,,,,,,,,,,76,73,75,34,64
A. Haidara,21,175,76,84,11500000,73,70,74,76,65,69,,,,,,,,,,,,,,,,,,,,,70,74,76,65,69
M. Mount,20,178,75,86,11500000,71,68,74,76,46,53,,,,,,,,,,,,,,,,,,,,,68,74,76,46,53
M. Guendouzi,20,185,75,86,11500000,71,62,73,73,69,74,,,,,,,,,,,,,,,,,,,,,62,73,73,69,74
C. Stengs,20,187,75,86,11500000,77,62,73,79,34,58,,,,,,,,,,,,,,,,,,,,,62,73,79,34,58
J. Kluivert,20,171,75,86,11500000,88,72,66,80,37,59,,,,,,,,,,,,,,,,,,,,,72,66,80,37,59
L. Díaz,22,180,75,86,11500000,92,68,65,77,32,67,,,,,,,,,,,,,,,,,,,,,68,65,77,32,67
Manu Vallejo,22,167,75,86,11500000,77,76,68,77,40,62,,,,,,,,,,,,,,,,,,,,,76,68,77,40,62
Rafael Leão,20,188,75,86,11500000,87,72,64,75,27,71,,,,,,,,,,,,,,,,,,,,,72,64,75,27,71
D. Szoboszlai,18,186,74,89,11500000,80,69,71,78,37,65,,,,,,,,,,,,,,,,,,,,,69,71,78,37,65
C. Hudson-Odoi,18,177,74,88,11500000,85,64,67,81,30,60,,,,,,,,,,,,,,,,,,,,,64,67,81,30,60
Santi Cazorla,34,168,82,82,11000000,56,73,85,83,65,58,,,,,,,,,,,,,,,,,,,,,73,85,83,65,58
L. Biglia,33,178,82,82,11000000,55,63,81,81,77,68,,,,,,,,,,,,,,,,,,,,,63,81,81,77,68
B. Gomis,33,184,81,81,11000000,70,82,66,75,36,74,,,,,,,,,,,,,,,,,,,,,82,66,75,36,74
K. Glik,31,190,80,80,11000000,45,32,44,53,79,82,,,,,,,,,,,,,,,,,,,,,32,44,53,79,82
Granero,31,180,79,79,11000000,47,74,81,76,67,67,,,,,,,,,,,,,,,,,,,,,74,81,76,67,67
R. Vormer,31,178,79,79,11000000,60,74,79,70,75,79,,,,,,,,,,,,,,,,,,,,,74,79,70,75,79
A. Lallana,31,178,79,79,11000000,67,71,79,82,62,65,,,,,,,,,,,,,,,,,,,,,71,79,82,62,65
M. Gradel,31,177,79,79,11000000,84,78,73,81,42,62,,,,,,,,,,,,,,,,,,,,,78,73,81,42,62
Mario Gaspar,28,182,79,79,11000000,74,70,71,72,79,76,,,,,,,,,,,,,,,,,,,,,70,71,72,79,76
Danilo,27,184,79,79,11000000,71,70,74,74,78,76,,,,,,,,,,,,,,,,,,,,,70,74,74,78,76
Mário Rui,28,170,79,79,11000000,83,49,73,79,73,67,,,,,,,,,,,,,,,,,,,,,49,73,79,73,67
T. Inui,31,169,79,79,11000000,81,72,75,84,46,54,,,,,,,,,,,,,,,,,,,,,72,75,84,46,54
Rubén Peña,27,170,79,79,11000000,83,71,72,81,75,69,,,,,,,,,,,,,,,,,,,,,71,72,81,75,69
A. Soumaoro,27,187,78,81,11000000,60,37,56,54,76,83,,,,,,,,,,,,,,,,,,,,,37,56,54,76,83
S. Duffy,27,193,78,80,11000000,47,45,51,48,78,80,,,,,,,,,,,,,,,,,,,,,45,51,48,78,80
L. Dunk,27,192,78,80,11000000,46,40,55,61,78,77,,,,,,,,,,,,,,,,,,,,,40,55,61,78,77
Fernando,27,175,78,80,11000000,73,66,76,73,74,75,,,,,,,,,,,,,,,,,,,,,66,76,73,74,75
C. Hérelle,26,188,78,80,11000000,64,46,63,62,78,74,,,,,,,,,,,,,,,,,,,,,46,63,62,78,74
S. Deli,27,192,78,80,11000000,76,46,52,69,78,79,,,,,,,,,,,,,,,,,,,,,46,52,69,78,79
J. Vestergaard,26,199,78,79,11000000,34,49,61,48,80,77,,,,,,,,,,,,,,,,,,,,,49,61,48,80,77
A. Townsend,27,178,78,78,11000000,78,77,75,80,38,69,,,,,,,,,,,,,,,,,,,,,77,75,80,38,69
J. Mæhle,22,184,77,84,11000000,91,56,68,74,71,80,,,,,,,,,,,,,,,,,,,,,56,68,74,71,80
N. Mazraoui,21,183,77,84,11000000,81,59,72,81,72,69,,,,,,,,,,,,,,,,,,,,,59,72,81,72,69
F. Bustos,23,167,77,84,11000000,87,62,72,79,70,72,,,,,,,,,,,,,,,,,,,,,62,72,79,70,72
K. Mbabu,24,184,77,83,11000000,91,51,69,73,72,82,,,,,,,,,,,,,,,,,,,,,51,69,73,72,82
J. Bednarek,23,189,77,83,11000000,62,22,52,55,78,74,,,,,,,,,,,,,,,,,,,,,22,52,55,78,74
Vallejo,22,184,77,83,11000000,71,41,55,62,77,67,,,,,,,,,,,,,,,,,,,,,41,55,62,77,67
P. Rosario,22,188,77,83,11000000,71,64,68,72,74,80,,,,,,,,,,,,,,,,,,,,,64,68,72,74,80
M. Arambarri,23,175,77,82,11000000,37,57,70,71,76,70,,,,,,,,,,,,,,,,,,,,,57,70,71,76,70
N. Redmond,25,173,77,80,11000000,84,71,71,82,27,52,,,,,,,,,,,,,,,,,,,,,71,71,82,27,52
S. Boufal,25,175,77,80,11000000,78,67,71,86,27,52,,,,,,,,,,,,,,,,,,,,,67,71,86,27,52
Y. Gerhardt,25,184,77,80,11000000,71,67,74,76,73,75,,,,,,,,,,,,,,,,,,,,,67,74,76,73,75
B. Bourigeaud,25,178,77,80,11000000,69,73,78,77,61,70,,,,,,,,,,,,,,,,,,,,,73,78,77,61,70
I. Bebou,25,183,77,80,11000000,93,70,66,81,33,64,,,,,,,,,,,,,,,,,,,,,70,66,81,33,64
A. Schöpf,25,178,77,80,11000000,76,71,70,79,58,70,,,,,,,,,,,,,,,,,,,,,71,70,79,58,70
L. Bittencourt,25,170,77,79,11000000,82,65,75,83,54,59,,,,,,,,,,,,,,,,,,,,,65,75,83,54,59
K. Stöger,25,175,77,79,11000000,69,67,77,78,40,62,,,,,,,,,,,,,,,,,,,,,67,77,78,40,62
Paulinho,26,187,77,79,11000000,67,76,63,73,44,79,,,,,,,,,,,,,,,,,,,,,76,63,73,44,79
Trezeguet,24,179,77,79,11000000,84,74,73,80,35,65,,,,,,,,,,,,,,,,,,,,,74,73,80,35,65
K. Tierney,22,178,76,86,11000000,88,59,70,74,71,81,,,,,,,,,,,,,,,,,,,,,59,70,74,71,81
E. N'Dicka,19,192,76,86,11000000,68,44,59,61,76,74,,,,,,,,,,,,,,,,,,,,,44,59,61,76,74
I. Sangaré,21,191,76,85,11000000,68,64,72,72,74,80,,,,,,,,,,,,,,,,,,,,,64,72,72,74,80
F. Benković,21,194,76,85,11000000,64,46,56,56,75,82,,,,,,,,,,,,,,,,,,,,,46,56,56,75,82
A. Živković,22,169,76,83,11000000,75,69,74,83,57,51,,,,,,,,,,,,,,,,,,,,,69,74,83,57,51
J. Augustin,22,177,76,83,11000000,81,75,62,80,30,63,,,,,,,,,,,,,,,,,,,,,75,62,80,30,63
L. Blas,21,180,76,83,11000000,78,69,75,79,62,64,,,,,,,,,,,,,,,,,,,,,69,75,79,62,64
A. Harit,22,180,76,83,11000000,81,60,71,82,44,46,,,,,,,,,,,,,,,,,,,,,60,71,82,44,46
P. Schick,23,186,76,83,11000000,71,73,70,81,36,64,,,,,,,,,,,,,,,,,,,,,73,70,81,36,64
R. Sessegnon,19,178,75,86,11000000,87,67,68,75,64,62,,,,,,,,,,,,,,,,,,,,,67,68,75,64,62
J. Larsen,20,183,75,85,11000000,85,70,68,75,57,73,,,,,,,,,,,,,,,,,,,,,70,68,75,57,73
H. Barnes,21,174,75,85,11000000,78,69,71,76,45,57,,,,,,,,,,,,,,,,,,,,,69,71,76,45,57
K. Diatta,20,175,75,85,11000000,93,67,66,79,47,63,,,,,,,,,,,,,,,,,,,,,67,66,79,47,63
V. Ćorluka,33,192,82,82,10500000,58,49,65,67,81,82,,,,,,,,,,,,,,,,,,,,,49,65,67,81,82
J. Milner,33,175,81,81,10500000,61,70,82,77,77,78,,,,,,,,,,,,,,,,,,,,,70,82,77,77,78
Welington Dano,31,178,80,80,10500000,79,54,76,78,75,74,,,,,,,,,,,,,,,,,,,,,54,76,78,75,74
Yuri Berchiche,29,180,79,79,10500000,80,64,71,74,78,81,,,,,,,,,,,,,,,,,,,,,64,71,74,78,81
O. Toprak,29,186,79,79,10500000,71,37,62,66,80,74,,,,,,,,,,,,,,,,,,,,,37,62,66,80,74
Cote,29,182,79,79,10500000,69,54,75,74,79,69,,,,,,,,,,,,,,,,,,,,,54,75,74,79,69
Escudero,29,176,79,79,10500000,72,63,74,71,79,72,,,,,,,,,,,,,,,,,,,,,63,74,71,79,72
M. Badelj,30,186,79,79,10500000,54,63,76,73,76,71,,,,,,,,,,,,,,,,,,,,,63,76,73,76,71
Roque Mesa,30,171,79,79,10500000,71,61,74,77,71,77,,,,,,,,,,,,,,,,,,,,,61,74,77,71,77
A. Samaris,30,189,79,79,10500000,57,66,70,70,79,84,,,,,,,,,,,,,,,,,,,,,66,70,70,79,84
J. Hector,29,185,79,79,10500000,75,60,75,75,78,75,,,,,,,,,,,,,,,,,,,,,60,75,75,78,75
Raúl,29,187,79,79,10500000,51,54,59,57,79,83,,,,,,,,,,,,,,,,,,,,,54,59,57,79,83
Petros,30,181,79,79,10500000,70,67,73,76,74,77,,,,,,,,,,,,,,,,,,,,,67,73,76,74,77
Rafael Tolói,28,185,78,80,10500000,64,47,58,62,80,67,,,,,,,,,,,,,,,,,,,,,47,58,62,80,67
F. Lejeune,28,189,78,80,10500000,49,57,61,65,78,79,,,,,,,,,,,,,,,,,,,,,57,61,65,78,79
Pedro Mendes,28,186,78,80,10500000,63,36,50,62,80,79,,,,,,,,,,,,,,,,,,,,,36,50,62,80,79
M. Ngadeu,28,190,78,80,10500000,68,53,59,67,78,83,,,,,,,,,,,,,,,,,,,,,53,59,67,78,83
V. Wanyama,28,184,78,79,10500000,51,65,67,70,79,82,,,,,,,,,,,,,,,,,,,,,65,67,70,79,82
M. Doherty,27,182,78,79,10500000,74,63,71,74,74,78,,,,,,,,,,,,,,,,,,,,,63,71,74,74,78
D. Demme,27,170,78,79,10500000,60,39,74,74,74,78,,,,,,,,,,,,,,,,,,,,,39,74,74,74,78
N. Maksimović,27,193,78,79,10500000,62,28,47,54,80,78,,,,,,,,,,,,,,,,,,,,,28,47,54,80,78
Capa,27,175,78,79,10500000,82,63,69,76,73,83,,,,,,,,,,,,,,,,,,,,,63,69,76,73,83
Bastos,27,180,78,79,10500000,78,37,50,65,79,75,,,,,,,,,,,,,,,,,,,,,37,50,65,79,75
V. Moses,28,177,78,78,10500000,77,69,74,81,73,70,,,,,,,,,,,,,,,,,,,,,69,74,81,73,70
S. Jovetić,29,183,78,78,10500000,67,80,76,80,35,63,,,,,,,,,,,,,,,,,,,,,80,76,80,35,63
D. Welbeck,28,185,78,78,10500000,77,74,70,77,43,74,,,,,,,,,,,,,,,,,,,,,74,70,77,43,74
A. Barnes,29,186,78,78,10500000,62,78,68,74,47,81,,,,,,,,,,,,,,,,,,,,,78,68,74,47,81
C. Grenier,28,186,78,78,10500000,54,75,80,76,62,69,,,,,,,,,,,,,,,,,,,,,75,80,76,62,69
Alan Carvalho,29,184,78,78,10500000,83,75,68,82,33,71,,,,,,,,,,,,,,,,,,,,,75,68,82,33,71
A. Mehmedi,28,183,78,78,10500000,71,77,71,80,44,68,,,,,,,,,,,,,,,,,,,,,77,71,80,44,68
B. André,28,180,78,78,10500000,70,64,75,75,77,82,,,,,,,,,,,,,,,,,,,,,64,75,75,77,82
P. Groß,28,181,78,78,10500000,58,72,82,74,60,72,,,,,,,,,,,,,,,,,,,,,72,82,74,60,72
J. Guðmundsson,28,179,78,78,10500000,75,74,78,77,61,70,,,,,,,,,,,,,,,,,,,,,74,78,77,61,70
D. Ginczek,28,190,78,78,10500000,76,77,51,68,38,79,,,,,,,,,,,,,,,,,,,,,77,51,68,38,79
R. Soriano,28,182,78,78,10500000,71,74,77,79,67,68,,,,,,,,,,,,,,,,,,,,,74,77,79,67,68
T. Cairney,28,186,78,78,10500000,63,72,77,79,60,64,,,,,,,,,,,,,,,,,,,,,72,77,79,60,64
G. Ramírez,28,183,78,78,10500000,63,75,78,79,39,58,,,,,,,,,,,,,,,,,,,,,75,78,79,39,58
G. Defrel,28,179,78,78,10500000,86,78,68,82,36,55,,,,,,,,,,,,,,,,,,,,,78,68,82,36,55
A. Carrillo,28,181,78,78,10500000,86,74,72,83,34,67,,,,,,,,,,,,,,,,,,,,,74,72,83,34,67
S. García,28,181,78,78,10500000,66,80,62,71,27,84,,,,,,,,,,,,,,,,,,,,,80,62,71,27,84
Djaniny,28,190,78,78,10500000,83,74,68,77,35,76,,,,,,,,,,,,,,,,,,,,,74,68,77,35,76
M. de Roon,28,185,78,78,10500000,65,68,72,73,79,79,,,,,,,,,,,,,,,,,,,,,68,72,73,79,79
G. Kanga,28,167,78,78,10500000,75,73,77,81,53,67,,,,,,,,,,,,,,,,,,,,,73,77,81,53,67
J. Seri,27,171,78,78,10500000,68,68,79,79,68,63,,,,,,,,,,,,,,,,,,,,,68,79,79,68,63
R. Battaglia,27,187,78,78,10500000,66,68,68,73,80,80,,,,,,,,,,,,,,,,,,,,,68,68,73,80,80
M. Weiser,25,177,77,82,10500000,80,62,75,84,72,68,,,,,,,,,,,,,,,,,,,,,62,75,84,72,68
Emerson,24,175,77,82,10500000,79,59,68,78,74,62,,,,,,,,,,,,,,,,,,,,,59,68,78,74,62
A. Djiku,24,182,77,82,10500000,76,40,64,69,76,80,,,,,,,,,,,,,,,,,,,,,40,64,69,76,80
Diego Llorente,25,186,77,82,10500000,60,40,62,64,76,73,,,,,,,,,,,,,,,,,,,,,40,62,64,76,73
K. Tete,23,180,77,82,10500000,76,46,66,67,78,77,,,,,,,,,,,,,,,,,,,,,46,66,67,78,77
G. Escalante,26,182,77,82,10500000,68,67,70,69,75,76,,,,,,,,,,,,,,,,,,,,,67,70,69,75,76
O. Colley,26,191,77,82,10500000,67,31,52,52,75,83,,,,,,,,,,,,,,,,,,,,,31,52,52,75,83
M. Diakhaby,22,192,77,82,10500000,56,37,52,57,76,77,,,,,,,,,,,,,,,,,,,,,37,52,57,76,77
O. Selnæs,24,187,77,81,10500000,66,60,75,73,72,72,,,,,,,,,,,,,,,,,,,,,60,75,73,72,72
C. Salcedo,25,188,77,81,10500000,65,31,52,62,77,78,,,,,,,,,,,,,,,,,,,,,31,52,62,77,78
Aritz Elustondo,25,180,77,81,10500000,66,33,58,59,75,74,,,,,,,,,,,,,,,,,,,,,33,58,59,75,74
O. Özyakup,26,180,77,79,10500000,69,70,79,79,62,68,,,,,,,,,,,,,,,,,,,,,70,79,79,62,68
P. Lees-Melou,26,185,77,79,10500000,73,67,77,77,67,73,,,,,,,,,,,,,,,,,,,,,67,77,77,67,73
C. Wood,27,189,77,78,10500000,70,76,59,68,40,79,,,,,,,,,,,,,,,,,,,,,76,59,68,40,79
Juanmi,26,172,77,78,10500000,74,77,67,78,30,53,,,,,,,,,,,,,,,,,,,,,77,67,78,30,53
M. van Ginkel,26,186,77,78,10500000,64,77,77,75,70,70,,,,,,,,,,,,,,,,,,,,,77,77,75,70,70
N. Füllkrug,26,189,77,78,10500000,64,77,62,70,38,75,,,,,,,,,,,,,,,,,,,,,77,62,70,38,75
A. Younes,25,168,77,78,10500000,76,58,70,87,37,56,,,,,,,,,,,,,,,,,,,,,58,70,87,37,56
Rubén Sobrino,27,185,77,78,10500000,81,76,63,76,41,67,,,,,,,,,,,,,,,,,,,,,76,63,76,41,67
R. Centurión,26,174,77,78,10500000,90,70,69,82,37,66,,,,,,,,,,,,,,,,,,,,,70,69,82,37,66
M. Meza,26,180,77,78,10500000,80,72,74,82,48,71,,,,,,,,,,,,,,,,,,,,,72,74,82,48,71
K. Lasagna,26,186,77,78,10500000,90,74,60,77,29,63,,,,,,,,,,,,,,,,,,,,,74,60,77,29,63
E. Akbaba,26,180,77,78,10500000,75,73,75,76,55,67,,,,,,,,,,,,,,,,,,,,,73,75,76,55,67
M. Locatelli,21,186,76,84,10500000,60,63,74,74,75,70,,,,,,,,,,,,,,,,,,,,,63,74,74,75,70
I. Doumbia,21,187,76,84,10500000,68,57,68,73,74,86,,,,,,,,,,,,,,,,,,,,,57,68,73,74,86
M. Sarr,20,182,76,84,10500000,70,51,68,66,76,76,,,,,,,,,,,,,,,,,,,,,51,68,66,76,76
E. Álvarez,21,185,76,84,10500000,70,53,66,68,75,75,,,,,,,,,,,,,,,,,,,,,53,66,68,75,75
T. Koopmeiners,21,183,76,84,10500000,68,67,74,70,74,76,,,,,,,,,,,,,,,,,,,,,67,74,70,74,76
K. Linetty,24,176,76,83,10500000,69,63,71,75,72,70,,,,,,,,,,,,,,,,,,,,,63,71,75,72,70
T. Bongonda,23,176,76,82,10500000,82,68,70,82,26,55,,,,,,,,,,,,,,,,,,,,,68,70,82,26,55
Matheus Pereira,23,175,76,82,10500000,79,73,71,81,39,64,,,,,,,,,,,,,,,,,,,,,73,71,81,39,64
Toni Villa,24,171,76,82,10500000,79,64,74,83,52,49,,,,,,,,,,,,,,,,,,,,,64,74,83,52,49
Eduardo Henrique,24,187,76,82,10500000,72,68,74,74,71,77,,,,,,,,,,,,,,,,,,,,,68,74,74,71,77
Y. Aït Bennasser,22,184,76,82,10500000,74,62,76,78,65,67,,,,,,,,,,,,,,,,,,,,,62,76,78,65,67
Y. En-Nesyri,22,192,76,82,10500000,75,74,54,74,34,74,,,,,,,,,,,,,,,,,,,,,74,54,74,34,74
M. Cornet,22,179,76,81,10500000,88,76,69,76,36,72,,,,,,,,,,,,,,,,,,,,,76,69,76,36,72
Gonçalo Paciência,24,184,76,81,10500000,64,76,54,77,33,77,,,,,,,,,,,,,,,,,,,,,76,54,77,33,77
L. Waldschmidt,23,181,76,81,10500000,76,78,69,75,29,60,,,,,,,,,,,,,,,,,,,,,78,69,75,29,60
Pedraza,23,184,76,81,10500000,83,71,71,76,69,73,,,,,,,,,,,,,,,,,,,,,71,71,76,69,73
H. Wilson,22,173,75,85,10500000,79,76,72,75,40,49,,,,,,,,,,,,,,,,,,,,,76,72,75,40,49
Ferrán Torres,19,180,75,85,10500000,78,69,69,76,32,57,,,,,,,,,,,,,,,,,,,,,69,69,76,32,57
Carlos Fernández,23,186,75,84,10500000,67,76,58,76,27,69,,,,,,,,,,,,,,,,,,,,,76,58,76,27,69
A. Morelos,23,177,75,84,10500000,80,70,62,72,41,81,,,,,,,,,,,,,,,,,,,,,70,62,72,41,81
O. Aina,22,182,75,84,10500000,87,61,70,75,70,75,,,,,,,,,,,,,,,,,,,,,61,70,75,70,75
A. Ounas,22,172,75,84,10500000,85,69,70,80,44,55,,,,,,,,,,,,,,,,,,,,,69,70,80,44,55
Y. Karamoh,20,185,75,84,10500000,79,69,69,79,31,62,,,,,,,,,,,,,,,,,,,,,69,69,79,31,62
S. Kalu,21,176,75,84,10500000,87,65,70,76,31,51,,,,,,,,,,,,,,,,,,,,,65,70,76,31,51
Bruno Tabata,22,178,75,84,10500000,81,67,71,80,40,60,,,,,,,,,,,,,,,,,,,,,67,71,80,40,60
Cucurella,20,172,75,84,10500000,83,60,71,76,65,72,,,,,,,,,,,,,,,,,,,,,60,71,76,65,72
J. David,19,177,74,87,10500000,81,73,64,74,25,60,,,,,,,,,,,,,,,,,,,,,73,64,74,25,60
A. Kolarov,33,187,82,82,10000000,69,74,81,76,82,79,,,,,,,,,,,,,,,,,,,,,74,81,76,82,79
A. Candreva,32,180,79,79,10000000,74,78,76,80,61,67,,,,,,,,,,,,,,,,,,,,,78,76,80,61,67
K. Boateng,32,185,79,79,10000000,65,79,78,80,67,77,,,,,,,,,,,,,,,,,,,,,79,78,80,67,77
Ángel,32,172,79,79,10000000,74,79,61,79,34,64,,,,,,,,,,,,,,,,,,,,,79,61,79,34,64
Éder,32,179,79,79,10000000,86,78,73,83,29,65,,,,,,,,,,,,,,,,,,,,,78,73,83,29,65
S. Coleman,30,177,79,79,10000000,74,65,73,77,79,71,,,,,,,,,,,,,,,,,,,,,65,73,77,79,71
C. Stuani,32,186,79,79,10000000,69,78,69,75,48,82,,,,,,,,,,,,,,,,,,,,,78,69,75,48,82
K. Asamoah,30,173,79,79,10000000,74,68,78,82,79,74,,,,,,,,,,,,,,,,,,,,,68,78,82,79,74
Maicon,30,191,79,79,10000000,53,55,66,54,79,83,,,,,,,,,,,,,,,,,,,,,55,66,54,79,83
Víctor Ruiz,30,185,79,79,10000000,52,42,63,59,80,76,,,,,,,,,,,,,,,,,,,,,42,63,59,80,76
C. Bacca,32,181,79,79,10000000,70,76,64,76,33,66,,,,,,,,,,,,,,,,,,,,,76,64,76,33,66
C. Kabasele,28,188,78,79,10000000,70,50,51,62,78,77,,,,,,,,,,,,,,,,,,,,,50,51,62,78,77
David López,29,183,78,79,10000000,54,60,67,66,78,78,,,,,,,,,,,,,,,,,,,,,60,67,66,78,78
J. dos Santos,29,172,78,78,10000000,72,67,78,78,68,70,,,,,,,,,,,,,,,,,,,,,67,78,78,68,70
F. Caicedo,30,183,78,78,10000000,74,76,71,75,44,81,,,,,,,,,,,,,,,,,,,,,76,71,75,44,81
M. Sulejmani,30,179,78,78,10000000,83,75,75,80,31,54,,,,,,,,,,,,,,,,,,,,,75,75,80,31,54
N. Petersen,30,188,78,78,10000000,59,79,59,66,45,73,,,,,,,,,,,,,,,,,,,,,79,59,66,45,73
P. Piatti,30,163,78,78,10000000,84,72,75,79,47,54,,,,,,,,,,,,,,,,,,,,,72,75,79,47,54
R. Boudebouz,29,177,78,78,10000000,71,77,79,79,40,59,,,,,,,,,,,,,,,,,,,,,77,79,79,40,59
M. Antonio,29,178,78,78,10000000,85,72,73,78,56,82,,,,,,,,,,,,,,,,,,,,,72,73,78,56,82
D. Didavi,29,180,78,78,10000000,67,79,76,79,49,70,,,,,,,,,,,,,,,,,,,,,79,76,79,49,70
A. Finnbogason,30,184,78,78,10000000,66,81,62,74,33,69,,,,,,,,,,,,,,,,,,,,,81,62,74,33,69
N. Lodeiro,30,170,78,78,10000000,68,70,79,79,49,70,,,,,,,,,,,,,,,,,,,,,70,79,79,49,70
L. Pavoletti,30,188,78,78,10000000,60,76,51,68,37,78,,,,,,,,,,,,,,,,,,,,,76,51,68,37,78
I. Fernández,29,182,78,78,10000000,74,72,78,79,65,71,,,,,,,,,,,,,,,,,,,,,72,78,79,65,71
O. Al Soma,30,190,78,78,10000000,70,79,69,73,39,81,,,,,,,,,,,,,,,,,,,,,79,69,73,39,81
R. Bensebaini,24,186,77,81,10000000,67,50,68,70,77,80,,,,,,,,,,,,,,,,,,,,,50,68,70,77,80
K. Ayhan,24,184,77,80,10000000,64,53,71,68,77,75,,,,,,,,,,,,,,,,,,,,,53,71,68,77,75
P. Max,25,177,77,80,10000000,81,52,77,75,70,72,,,,,,,,,,,,,,,,,,,,,52,77,75,70,72
B. Mechele,26,190,77,80,10000000,63,35,47,56,81,75,,,,,,,,,,,,,,,,,,,,,35,47,56,81,75
Wendell,25,178,77,80,10000000,82,49,73,78,72,72,,,,,,,,,,,,,,,,,,,,,49,73,78,72,72
Pedro Henrique,26,190,77,80,10000000,45,42,45,55,77,82,,,,,,,,,,,,,,,,,,,,,42,45,55,77,82
G. Rodríguez,24,185,77,80,10000000,50,52,66,63,77,79,,,,,,,,,,,,,,,,,,,,,52,66,63,77,79
C. Luyindama,25,191,77,80,10000000,73,37,50,50,76,84,,,,,,,,,,,,,,,,,,,,,37,50,50,76,84
J. Shelvey,27,184,77,78,10000000,62,72,79,72,62,74,,,,,,,,,,,,,,,,,,,,,72,79,72,62,74
D. Pröpper,27,185,77,78,10000000,62,70,73,75,67,75,,,,,,,,,,,,,,,,,,,,,70,73,75,67,75
P. Hrošovský,27,174,77,78,10000000,71,68,76,76,70,68,,,,,,,,,,,,,,,,,,,,,68,76,76,70,68
M. Çelik,22,180,76,84,10000000,81,42,70,71,73,74,,,,,,,,,,,,,,,,,,,,,42,70,71,73,74
I. Hayden,24,185,76,83,10000000,58,55,64,68,74,76,,,,,,,,,,,,,,,,,,,,,55,64,68,74,76
R. Holding,23,189,76,83,10000000,60,34,59,64,77,73,,,,,,,,,,,,,,,,,,,,,34,59,64,77,73
W. Anton,22,189,76,83,10000000,64,46,58,66,77,77,,,,,,,,,,,,,,,,,,,,,46,58,66,77,77
Zubeldia,22,180,76,83,10000000,60,66,76,72,71,68,,,,,,,,,,,,,,,,,,,,,66,76,72,71,68
A. Franco,22,183,76,83,10000000,65,34,50,57,76,77,,,,,,,,,,,,,,,,,,,,,34,50,57,76,77
N. Milenković,21,195,76,83,10000000,64,44,62,61,75,81,,,,,,,,,,,,,,,,,,,,,44,62,61,75,81
Unai Núñez,22,186,76,83,10000000,64,22,46,49,74,73,,,,,,,,,,,,,,,,,,,,,22,46,49,74,73
D. Praet,25,181,76,81,10000000,69,70,77,78,61,64,,,,,,,,,,,,,,,,,,,,,70,77,78,61,64
I. Kahveci,23,176,76,81,10000000,77,68,76,78,62,67,,,,,,,,,,,,,,,,,,,,,68,76,78,62,67
V. Guzmán,24,175,76,81,10000000,75,71,73,75,69,70,,,,,,,,,,,,,,,,,,,,,71,73,75,69,70
B. Raman,24,172,76,80,10000000,91,72,66,79,26,56,,,,,,,,,,,,,,,,,,,,,72,66,79,26,56
M. Livaja,25,182,76,80,10000000,74,73,60,75,32,77,,,,,,,,,,,,,,,,,,,,,73,60,75,32,77
Paulinho,24,169,76,80,10000000,70,70,73,77,31,46,,,,,,,,,,,,,,,,,,,,,70,73,77,31,46
A. Rusnák,24,175,76,80,10000000,72,75,75,75,45,60,,,,,,,,,,,,,,,,,,,,,75,75,75,45,60
M. Benítez,25,173,76,80,10000000,77,71,70,79,49,59,,,,,,,,,,,,,,,,,,,,,71,70,79,49,59
Camarasa,25,183,76,80,10000000,63,73,74,75,69,73,,,,,,,,,,,,,,,,,,,,,73,74,75,69,73
L. Acosta,25,161,76,80,10000000,81,67,71,80,46,61,,,,,,,,,,,,,,,,,,,,,67,71,80,46,61
F. Kamano,23,175,76,80,10000000,87,74,68,77,33,62,,,,,,,,,,,,,,,,,,,,,74,68,77,33,62
M. Elyounoussi,24,178,76,79,10000000,78,71,75,76,39,63,,,,,,,,,,,,,,,,,,,,,71,75,76,39,63
J. Locadia,25,185,76,79,10000000,73,75,71,73,36,73,,,,,,,,,,,,,,,,,,,,,75,71,73,36,73
R. Gosens,24,183,76,79,10000000,79,65,72,75,72,77,,,,,,,,,,,,,,,,,,,,,65,72,75,72,77
B. Kamara,19,178,75,86,10000000,70,35,67,70,75,74,,,,,,,,,,,,,,,,,,,,,35,67,70,75,74
Diogo Dalot,20,183,75,85,10000000,80,60,71,77,70,77,,,,,,,,,,,,,,,,,,,,,60,71,77,70,77
P. Retsos,20,186,75,85,10000000,68,35,59,56,75,71,,,,,,,,,,,,,,,,,,,,,35,59,56,75,71
J. Jankto,23,180,75,84,10000000,77,70,73,76,67,64,,,,,,,,,,,,,,,,,,,,,70,73,76,67,64
Renato Sanches,21,176,75,84,10000000,76,72,69,77,70,82,,,,,,,,,,,,,,,,,,,,,72,69,77,70,82
G. Tutino,22,177,75,83,10000000,77,75,71,75,35,66,,,,,,,,,,,,,,,,,,,,,75,71,75,35,66
J. Bowen,22,175,75,83,10000000,79,72,67,77,43,64,,,,,,,,,,,,,,,,,,,,,72,67,77,43,64
A. Diawara,21,184,75,83,10000000,64,54,73,77,72,73,,,,,,,,,,,,,,,,,,,,,54,73,77,72,73
L. Dimata,21,184,75,83,10000000,82,73,63,71,32,79,,,,,,,,,,,,,,,,,,,,,73,63,71,32,79
Luiz Araújo,23,175,75,83,10000000,89,63,68,79,38,52,,,,,,,,,,,,,,,,,,,,,63,68,79,38,52
C. Kouamé,21,185,75,83,10000000,84,71,61,75,40,70,,,,,,,,,,,,,,,,,,,,,71,61,75,40,70
E. Dennis,21,175,75,83,10000000,92,71,62,79,39,67,,,,,,,,,,,,,,,,,,,,,71,62,79,39,67
Jovane Cabral,21,176,75,83,10000000,86,68,69,80,35,65,,,,,,,,,,,,,,,,,,,,,68,69,80,35,65
G. Chakvetadze,19,178,74,86,10000000,83,70,71,78,34,59,,,,,,,,,,,,,,,,,,,,,70,71,78,34,59
V. Osimhen,20,185,74,85,10000000,85,73,61,70,36,76,,,,,,,,,,,,,,,,,,,,,73,61,70,36,76
Matheus Cunha,20,184,74,85,10000000,76,74,63,80,28,63,,,,,,,,,,,,,,,,,,,,,74,63,80,28,63
F. Quagliarella,36,180,83,83,9500000,69,89,75,80,30,65,,,,,,,,,,,,,,,,,,,,,89,75,80,30,65
Miranda,34,186,83,83,9500000,64,49,60,68,84,74,,,,,,,,,,,,,,,,,,,,,49,60,68,84,74
W. Rooney,33,176,80,80,9500000,64,81,80,76,56,76,,,,,,,,,,,,,,,,,,,,,81,80,76,56,76
A. Gignac,33,187,80,80,9500000,69,82,71,71,43,83,,,,,,,,,,,,,,,,,,,,,82,71,71,43,83
S. Radu,32,183,80,80,9500000,64,64,65,68,83,69,,,,,,,,,,,,,,,,,,,,,64,65,68,83,69
M. Díaz,32,166,80,80,9500000,59,67,81,75,74,75,,,,,,,,,,,,,,,,,,,,,67,81,75,74,75
F. Fazio,32,195,80,80,9500000,33,41,54,53,82,81,,,,,,,,,,,,,,,,,,,,,41,54,53,82,81
J. Evans,31,188,79,79,9500000,56,32,59,53,80,75,,,,,,,,,,,,,,,,,,,,,32,59,53,80,75
N. Pallois,31,189,79,79,9500000,49,53,60,56,79,84,,,,,,,,,,,,,,,,,,,,,53,60,56,79,84
Antônio Chiamuloira,31,182,79,79,9500000,70,48,60,52,79,78,,,,,,,,,,,,,,,,,,,,,48,60,52,79,78
Melvin Parrela,31,188,79,79,9500000,71,70,70,72,80,83,,,,,,,,,,,,,,,,,,,,,70,70,72,80,83
J. Hernández,31,175,78,78,9500000,70,77,64,75,31,59,,,,,,,,,,,,,,,,,,,,,77,64,75,31,59
T. Deeney,31,183,78,78,9500000,57,79,67,71,37,85,,,,,,,,,,,,,,,,,,,,,79,67,71,37,85
S. Wagner,31,194,78,78,9500000,59,79,53,65,36,82,,,,,,,,,,,,,,,,,,,,,79,53,65,36,82
Adrien Silva,30,175,78,78,9500000,58,74,79,76,70,65,,,,,,,,,,,,,,,,,,,,,74,79,76,70,65
Mikel San José,30,187,78,78,9500000,43,69,69,64,79,80,,,,,,,,,,,,,,,,,,,,,69,69,64,79,80
J. Gouweleeuw,27,188,78,78,9500000,69,58,66,64,80,75,,,,,,,,,,,,,,,,,,,,,58,66,64,80,75
G. Cano,31,176,78,78,9500000,69,80,62,75,36,66,,,,,,,,,,,,,,,,,,,,,80,62,75,36,66
Sidney Pessinho,27,187,78,78,9500000,72,62,74,69,76,81,,,,,,,,,,,,,,,,,,,,,62,74,69,76,81
C. Piccini,26,189,77,79,9500000,77,42,66,72,76,76,,,,,,,,,,,,,,,,,,,,,42,66,72,76,76
C. Coady,26,186,77,79,9500000,47,59,73,65,78,74,,,,,,,,,,,,,,,,,,,,,59,73,65,78,74
R. Knoche,27,190,77,79,9500000,48,41,52,50,79,71,,,,,,,,,,,,,,,,,,,,,41,52,50,79,71
S. Lainer,26,175,77,79,9500000,85,64,68,72,70,77,,,,,,,,,,,,,,,,,,,,,64,68,72,70,77
M. Elneny,26,181,77,78,9500000,59,63,72,70,74,74,,,,,,,,,,,,,,,,,,,,,63,72,70,74,74
Y. Mallı,27,179,77,77,9500000,71,68,76,81,33,57,,,,,,,,,,,,,,,,,,,,,68,76,81,33,57
J. Forrest,27,175,77,77,9500000,93,72,69,80,48,65,,,,,,,,,,,,,,,,,,,,,72,69,80,48,65
R. Saponara,27,184,77,77,9500000,68,67,77,80,43,61,,,,,,,,,,,,,,,,,,,,,67,77,80,43,61
A. Marušić,26,185,77,77,9500000,87,71,72,76,72,76,,,,,,,,,,,,,,,,,,,,,71,72,76,72,76
Formosandrinho,27,178,77,77,9500000,81,77,60,73,24,64,,,,,,,,,,,,,,,,,,,,,77,60,73,24,64
B. Engels,24,194,76,82,9500000,60,44,61,56,75,76,,,,,,,,,,,,,,,,,,,,,44,61,56,75,76
D. Ćaleta-Car,22,192,76,82,9500000,64,40,59,59,75,79,,,,,,,,,,,,,,,,,,,,,40,59,59,75,79
F. Guilbert,24,178,76,82,9500000,73,47,66,68,76,75,,,,,,,,,,,,,,,,,,,,,47,66,68,76,75
S. Ascacíbar,22,168,76,82,9500000,70,46,61,66,77,76,,,,,,,,,,,,,,,,,,,,,46,61,66,77,76
T. Hernández,21,184,76,82,9500000,92,57,65,74,70,76,,,,,,,,,,,,,,,,,,,,,57,65,74,70,76
Y. Osorio,25,189,76,82,9500000,56,31,44,50,74,83,,,,,,,,,,,,,,,,,,,,,31,44,50,74,83
Palhinha,23,190,76,81,9500000,40,51,65,67,76,80,,,,,,,,,,,,,,,,,,,,,51,65,67,76,80
A. Barboza,24,192,76,81,9500000,54,55,58,62,73,84,,,,,,,,,,,,,,,,,,,,,55,58,62,73,84
Xeka,24,186,76,81,9500000,62,58,71,74,70,75,,,,,,,,,,,,,,,,,,,,,58,71,74,70,75
A. Maher,25,175,76,79,9500000,70,68,77,77,61,55,,,,,,,,,,,,,,,,,,,,,68,77,77,61,55
R. Morrison,26,175,76,79,9500000,78,69,75,79,50,57,,,,,,,,,,,,,,,,,,,,,69,75,79,50,57
J. Córdoba,26,188,76,79,9500000,82,75,61,72,44,83,,,,,,,,,,,,,,,,,,,,,75,61,72,44,83
Fernandinho,26,174,76,79,9500000,80,69,72,77,51,67,,,,,,,,,,,,,,,,,,,,,69,72,77,51,67
Pere Pons,26,177,76,79,9500000,66,61,72,74,69,73,,,,,,,,,,,,,,,,,,,,,61,72,74,69,73
F. Di Francesco,25,171,76,79,9500000,81,67,73,81,40,61,,,,,,,,,,,,,,,,,,,,,67,73,81,40,61
F. Cervi,25,165,76,79,9500000,92,65,68,84,50,51,,,,,,,,,,,,,,,,,,,,,65,68,84,50,51
F. Andone,26,180,76,79,9500000,75,75,63,73,51,78,,,,,,,,,,,,,,,,,,,,,75,63,73,51,78
Caio,25,173,76,79,9500000,83,72,70,79,30,55,,,,,,,,,,,,,,,,,,,,,72,70,79,30,55
A. Thomasson,25,177,76,78,9500000,73,70,75,76,64,63,,,,,,,,,,,,,,,,,,,,,70,75,76,64,63
Luiz Phellype,25,188,76,77,9500000,54,78,59,69,30,81,,,,,,,,,,,,,,,,,,,,,78,59,69,30,81
A. Maitland-Niles,21,177,75,84,9500000,85,59,70,76,68,67,,,,,,,,,,,,,,,,,,,,,59,70,76,68,67
L. Martínez Quarta,23,183,75,84,9500000,72,53,66,68,73,74,,,,,,,,,,,,,,,,,,,,,53,66,68,73,74
J. Lucumi,21,185,75,84,9500000,70,28,54,59,74,76,,,,,,,,,,,,,,,,,,,,,28,54,59,74,76
Ivanildo Fernandes,23,193,75,84,9500000,62,28,48,49,74,81,,,,,,,,,,,,,,,,,,,,,28,48,49,74,81
R. Skov,23,183,75,82,9500000,82,77,73,75,46,72,,,,,,,,,,,,,,,,,,,,,77,73,75,46,72
Kenedy,23,182,75,82,9500000,76,67,71,78,57,61,,,,,,,,,,,,,,,,,,,,,67,71,78,57,61
Kaku,24,171,75,82,9500000,82,66,72,77,48,62,,,,,,,,,,,,,,,,,,,,,66,72,77,48,62
A. Fulgini,22,183,75,82,9500000,76,60,74,76,68,69,,,,,,,,,,,,,,,,,,,,,60,74,76,68,69
M. Vlap,22,191,75,82,9500000,73,77,70,72,47,69,,,,,,,,,,,,,,,,,,,,,77,70,72,47,69
T. Davies,21,185,75,82,9500000,66,62,73,76,65,69,,,,,,,,,,,,,,,,,,,,,62,73,76,65,69
D. Lukébakio,21,187,75,82,9500000,86,74,66,78,28,62,,,,,,,,,,,,,,,,,,,,,74,66,78,28,62
R. Oudin,22,185,75,82,9500000,76,73,72,74,32,68,,,,,,,,,,,,,,,,,,,,,73,72,74,32,68
G. Til,21,183,75,82,9500000,71,71,71,71,61,73,,,,,,,,,,,,,,,,,,,,,71,71,71,61,73
A. Elis,23,180,75,82,9500000,90,71,63,77,30,72,,,,,,,,,,,,,,,,,,,,,71,63,77,30,72
J. Hernández,20,176,75,82,9500000,86,75,62,72,38,71,,,,,,,,,,,,,,,,,,,,,75,62,72,38,71
S. Schrijvers,22,180,75,81,9500000,74,75,72,76,48,70,,,,,,,,,,,,,,,,,,,,,75,72,76,48,70
N. Maupay,22,171,75,81,9500000,75,73,66,72,41,69,,,,,,,,,,,,,,,,,,,,,73,66,72,41,69
W. Saïd,24,171,75,81,9500000,77,74,68,78,29,55,,,,,,,,,,,,,,,,,,,,,74,68,78,29,55
Sandro,23,175,75,81,9500000,68,76,65,79,30,64,,,,,,,,,,,,,,,,,,,,,76,65,79,30,64
E. Ponce,22,178,75,81,9500000,77,73,58,73,40,69,,,,,,,,,,,,,,,,,,,,,73,58,73,40,69
I. Hagi,20,180,74,85,9500000,81,66,71,76,36,68,,,,,,,,,,,,,,,,,,,,,66,71,76,36,68
Aleix García,22,173,74,85,9500000,67,67,74,75,59,57,,,,,,,,,,,,,,,,,,,,,67,74,75,59,57
N. Benedetti,22,177,74,85,9500000,76,66,69,74,45,62,,,,,,,,,,,,,,,,,,,,,66,69,74,45,62
D. Sow,22,184,74,85,9500000,78,65,72,72,68,72,,,,,,,,,,,,,,,,,,,,,65,72,72,68,72
H. Wolf,20,179,74,85,9500000,81,67,68,78,34,60,,,,,,,,,,,,,,,,,,,,,67,68,78,34,60
M. Diaby,19,170,74,85,9500000,87,62,68,78,42,51,,,,,,,,,,,,,,,,,,,,,62,68,78,42,51
D. McNeil,19,183,74,85,9500000,77,66,71,75,50,66,,,,,,,,,,,,,,,,,,,,,66,71,75,50,66
Antunes,32,176,80,80,9000000,75,69,76,76,77,72,,,,,,,,,,,,,,,,,,,,,69,76,76,77,72
D. Caligiuri,31,182,79,79,9000000,74,74,77,79,72,76,,,,,,,,,,,,,,,,,,,,,74,77,79,72,76
D. Suárez,31,173,79,79,9000000,76,67,74,73,78,76,,,,,,,,,,,,,,,,,,,,,67,74,73,78,76
S. Defour,31,175,78,78,9000000,60,71,78,76,74,68,,,,,,,,,,,,,,,,,,,,,71,78,76,74,68
K. Mirallas,31,182,78,78,9000000,76,73,76,80,43,61,,,,,,,,,,,,,,,,,,,,,73,76,80,43,61
Camacho,29,183,78,78,9000000,54,60,70,68,79,72,,,,,,,,,,,,,,,,,,,,,60,70,68,79,72
S. Rudy,29,179,78,78,9000000,64,67,79,78,75,67,,,,,,,,,,,,,,,,,,,,,67,79,78,75,67
Iborra,31,190,78,78,9000000,35,69,74,69,77,79,,,,,,,,,,,,,,,,,,,,,69,74,69,77,79
Rafael,28,172,78,78,9000000,79,60,74,79,75,78,,,,,,,,,,,,,,,,,,,,,60,74,79,75,78
N. Clyne,28,175,78,78,9000000,71,61,70,77,77,69,,,,,,,,,,,,,,,,,,,,,61,70,77,77,69
S. Cook,28,185,78,78,9000000,53,34,55,60,78,75,,,,,,,,,,,,,,,,,,,,,34,55,60,78,75
Hugo Mallo,28,173,78,78,9000000,68,39,69,73,75,74,,,,,,,,,,,,,,,,,,,,,39,69,73,75,74
G. Krychowiak,29,186,78,78,9000000,65,57,71,68,75,80,,,,,,,,,,,,,,,,,,,,,57,71,68,75,80
B. Stambouli,28,180,78,78,9000000,63,55,67,70,79,76,,,,,,,,,,,,,,,,,,,,,55,67,70,79,76
K. Malcuit,27,178,78,78,9000000,85,63,73,78,74,75,,,,,,,,,,,,,,,,,,,,,63,73,78,74,75
S. Rode,28,179,78,78,9000000,67,62,71,73,76,77,,,,,,,,,,,,,,,,,,,,,62,71,73,76,77
G. Pizarro,29,185,78,78,9000000,50,63,71,68,76,84,,,,,,,,,,,,,,,,,,,,,63,71,68,76,84
F. Fabra,28,174,78,78,9000000,89,60,70,79,72,79,,,,,,,,,,,,,,,,,,,,,60,70,79,72,79
N. Domínguez,29,184,78,78,9000000,57,64,72,68,76,77,,,,,,,,,,,,,,,,,,,,,64,72,68,76,77
S. Aziz,28,183,77,79,9000000,73,32,56,57,76,78,,,,,,,,,,,,,,,,,,,,,32,56,57,76,78
M. Plattenhardt,27,181,77,78,9000000,71,55,77,75,74,72,,,,,,,,,,,,,,,,,,,,,55,77,75,74,72
N. Gudelj,27,187,77,78,9000000,63,70,75,67,73,85,,,,,,,,,,,,,,,,,,,,,70,75,67,73,85
Pedro Obiang,27,185,77,78,9000000,62,59,74,73,75,74,,,,,,,,,,,,,,,,,,,,,59,74,73,75,74
D. Sidibé,26,182,77,78,9000000,77,62,74,74,73,79,,,,,,,,,,,,,,,,,,,,,62,74,74,73,79
L. Kurzawa,26,182,77,78,9000000,73,68,75,77,74,73,,,,,,,,,,,,,,,,,,,,,68,75,77,74,73
M. De Sciglio,26,182,77,78,9000000,75,46,69,75,77,72,,,,,,,,,,,,,,,,,,,,,46,69,75,77,72
G. Bou,29,178,77,77,9000000,78,76,69,76,30,72,,,,,,,,,,,,,,,,,,,,,76,69,76,30,72
T. Pukki,29,180,77,77,9000000,77,75,58,75,33,69,,,,,,,,,,,,,,,,,,,,,75,58,75,33,69
Johnathan,29,184,77,77,9000000,79,76,63,74,40,76,,,,,,,,,,,,,,,,,,,,,76,63,74,40,76
C. Tosun,28,183,77,77,9000000,71,77,66,73,36,73,,,,,,,,,,,,,,,,,,,,,77,66,73,36,73
Fransérgio,28,187,77,77,9000000,58,73,73,71,71,81,,,,,,,,,,,,,,,,,,,,,73,73,71,71,81
P. Herrmann,28,179,77,77,9000000,79,70,74,78,33,58,,,,,,,,,,,,,,,,,,,,,70,74,78,33,58
R. Funes Mori,28,184,77,77,9000000,76,74,68,74,43,78,,,,,,,,,,,,,,,,,,,,,74,68,74,43,78
Wilson Eduardo,28,179,77,77,9000000,79,79,72,77,31,67,,,,,,,,,,,,,,,,,,,,,79,72,77,31,67
A. Trebel,28,174,77,77,9000000,73,67,76,76,67,75,,,,,,,,,,,,,,,,,,,,,67,76,76,67,75
Roger,28,179,77,77,9000000,76,78,60,74,41,69,,,,,,,,,,,,,,,,,,,,,78,60,74,41,69
F. Ferreyra,28,186,77,77,9000000,65,76,59,74,31,68,,,,,,,,,,,,,,,,,,,,,76,59,74,31,68
R. Ábila,29,177,77,77,9000000,67,75,56,71,31,82,,,,,,,,,,,,,,,,,,,,,75,56,71,31,82
Sergi Guardiola,28,184,77,77,9000000,76,77,62,77,30,77,,,,,,,,,,,,,,,,,,,,,77,62,77,30,77
L. Augustinsson,25,181,76,81,9000000,76,59,75,74,71,72,,,,,,,,,,,,,,,,,,,,,59,75,74,71,72
Rúben Semedo,25,194,76,81,9000000,68,52,54,64,74,77,,,,,,,,,,,,,,,,,,,,,52,54,64,74,77
S. Gigot,25,187,76,81,9000000,65,29,61,58,76,79,,,,,,,,,,,,,,,,,,,,,29,61,58,76,79
Rubén Duarte,23,180,76,81,9000000,68,36,65,67,77,70,,,,,,,,,,,,,,,,,,,,,36,65,67,77,70
S. Denswil,26,185,76,80,9000000,46,57,66,64,76,74,,,,,,,,,,,,,,,,,,,,,57,66,64,76,74
J. Hendrix,24,181,76,80,9000000,68,59,67,71,73,77,,,,,,,,,,,,,,,,,,,,,59,67,71,73,77
Wallace,24,191,76,80,9000000,65,28,44,48,77,72,,,,,,,,,,,,,,,,,,,,,28,44,48,77,72
M. Nakamba,25,176,76,80,9000000,74,49,63,72,75,82,,,,,,,,,,,,,,,,,,,,,49,63,72,75,82
E. Cardona,26,183,76,77,9000000,56,78,78,76,40,79,,,,,,,,,,,,,,,,,,,,,78,78,76,40,79
D. Ings,26,178,76,77,9000000,75,74,64,76,32,66,,,,,,,,,,,,,,,,,,,,,74,64,76,32,66
M. Gabbiadini,27,181,76,77,9000000,66,79,71,76,26,64,,,,,,,,,,,,,,,,,,,,,79,71,76,26,64
J. Guidetti,27,185,76,77,9000000,61,77,68,73,41,74,,,,,,,,,,,,,,,,,,,,,77,68,73,41,74
F. Klaus,26,180,76,77,9000000,81,71,70,78,37,69,,,,,,,,,,,,,,,,,,,,,71,70,78,37,69
J. Campbell,27,178,76,77,9000000,88,74,74,78,40,72,,,,,,,,,,,,,,,,,,,,,74,74,78,40,72
D. Türüç,26,177,76,77,9000000,75,69,78,76,56,69,,,,,,,,,,,,,,,,,,,,,69,78,76,56,69
G. Shibasaki,27,175,76,77,9000000,68,68,75,76,68,64,,,,,,,,,,,,,,,,,,,,,68,75,76,68,64
B. Henrichs,22,183,75,83,9000000,76,53,70,77,72,68,,,,,,,,,,,,,,,,,,,,,53,70,77,72,68
Fran Beltrán,20,170,75,83,9000000,68,53,72,75,75,65,,,,,,,,,,,,,,,,,,,,,53,72,75,75,65
S. Fofana,24,184,75,82,9000000,72,67,69,76,68,75,,,,,,,,,,,,,,,,,,,,,67,69,76,68,75
S. Serdar,22,184,75,82,9000000,68,62,69,76,71,78,,,,,,,,,,,,,,,,,,,,,62,69,76,71,78
T. Boyd,24,180,75,81,9000000,86,73,66,78,18,66,,,,,,,,,,,,,,,,,,,,,73,66,78,18,66
M. Simon,23,168,75,81,9000000,92,70,64,81,36,63,,,,,,,,,,,,,,,,,,,,,70,64,81,36,63
A. Grassi,24,183,75,81,9000000,67,63,73,74,67,64,,,,,,,,,,,,,,,,,,,,,63,73,74,67,64
G. Donsah,23,176,75,81,9000000,74,63,74,78,69,77,,,,,,,,,,,,,,,,,,,,,63,74,78,69,77
Gabriel Boschilia,23,172,75,81,9000000,72,73,73,78,44,49,,,,,,,,,,,,,,,,,,,,,73,73,78,44,49
Marcos Guilherme,23,170,75,81,9000000,88,66,71,78,40,54,,,,,,,,,,,,,,,,,,,,,66,71,78,40,54
V. Koziello,23,168,75,81,9000000,74,64,73,76,66,53,,,,,,,,,,,,,,,,,,,,,64,73,76,66,53
D. Barbona,24,184,75,81,9000000,83,65,74,72,38,66,,,,,,,,,,,,,,,,,,,,,65,74,72,38,66
M. Thuram,21,192,75,81,9000000,83,73,67,76,47,75,,,,,,,,,,,,,,,,,,,,,73,67,76,47,75
M. Jensen,23,173,75,81,9000000,72,67,73,75,64,70,,,,,,,,,,,,,,,,,,,,,67,73,75,64,70
F. Krovinović,23,177,75,81,9000000,67,69,73,77,60,62,,,,,,,,,,,,,,,,,,,,,69,73,77,60,62
Y. Bissouma,22,182,75,81,9000000,74,65,72,76,73,70,,,,,,,,,,,,,,,,,,,,,65,72,76,73,70
L. Andersen,24,185,75,80,9000000,81,68,70,78,33,58,,,,,,,,,,,,,,,,,,,,,68,70,78,33,58
L. Schaub,24,177,75,80,9000000,74,66,71,81,38,66,,,,,,,,,,,,,,,,,,,,,66,71,81,38,66
J. McGinn,24,178,75,80,9000000,73,66,71,76,70,78,,,,,,,,,,,,,,,,,,,,,66,71,76,70,78
D. Gray,23,180,75,80,9000000,88,67,67,81,37,55,,,,,,,,,,,,,,,,,,,,,67,67,81,37,55
E. Gutiérrez,24,177,75,80,9000000,75,71,74,74,64,66,,,,,,,,,,,,,,,,,,,,,71,74,74,64,66
Danilo,23,183,75,80,9000000,67,66,71,72,74,75,,,,,,,,,,,,,,,,,,,,,66,71,72,74,75
R. Assalé,25,167,75,80,9000000,91,73,68,82,29,51,,,,,,,,,,,,,,,,,,,,,73,68,82,29,51
M. Coco,23,184,75,80,9000000,87,69,69,77,41,59,,,,,,,,,,,,,,,,,,,,,69,69,77,41,59
T. Minamino,24,174,75,80,9000000,89,72,67,80,41,65,,,,,,,,,,,,,,,,,,,,,72,67,80,41,65
E. Ávila,25,172,75,80,9000000,78,76,63,74,43,75,,,,,,,,,,,,,,,,,,,,,76,63,74,43,75
O. Idrissi,23,183,75,80,9000000,83,70,70,80,29,67,,,,,,,,,,,,,,,,,,,,,70,70,80,29,67
S. Ghoddos,25,177,75,80,9000000,81,73,68,77,44,72,,,,,,,,,,,,,,,,,,,,,73,68,77,44,72
M. Zajc,25,179,75,80,9000000,70,70,74,74,52,59,,,,,,,,,,,,,,,,,,,,,70,74,74,52,59
J. Foyth,21,187,74,85,9000000,70,45,66,72,74,70,,,,,,,,,,,,,,,,,,,,,45,66,72,74,70
M. Demiral,21,192,74,85,9000000,66,39,48,57,75,75,,,,,,,,,,,,,,,,,,,,,39,48,57,75,75
I. Bennacer,21,173,74,84,9000000,72,70,73,74,68,66,,,,,,,,,,,,,,,,,,,,,70,73,74,68,66
J. Reine-Adélaïde,21,184,74,84,9000000,79,68,68,78,50,66,,,,,,,,,,,,,,,,,,,,,68,68,78,50,66
R. Doan,21,172,74,84,9000000,76,69,71,78,39,56,,,,,,,,,,,,,,,,,,,,,69,71,78,39,56
O. Edouard,21,187,74,84,9000000,83,71,61,75,42,72,,,,,,,,,,,,,,,,,,,,,71,61,75,42,72
L. Robertone,22,173,74,84,9000000,79,72,73,78,58,60,,,,,,,,,,,,,,,,,,,,,72,73,78,58,60
E. Barco,20,165,74,84,9000000,82,65,68,79,28,48,,,,,,,,,,,,,,,,,,,,,65,68,79,28,48
Douglas Luiz,21,178,74,84,9000000,67,67,72,74,69,70,,,,,,,,,,,,,,,,,,,,,67,72,74,69,70
L. Mothiba,23,182,74,83,9000000,71,74,60,71,27,69,,,,,,,,,,,,,,,,,,,,,74,60,71,27,69
L. Koscielny,33,186,81,81,8500000,60,43,63,64,82,74,,,,,,,,,,,,,,,,,,,,,43,63,64,82,74
Jardel,33,192,81,81,8500000,55,42,54,53,82,79,,,,,,,,,,,,,,,,,,,,,42,54,53,82,79
M. Zárate,32,175,78,78,8500000,77,80,70,85,42,68,,,,,,,,,,,,,,,,,,,,,80,70,85,42,68
R. Bertrand,29,179,78,78,8500000,76,53,70,76,76,70,,,,,,,,,,,,,,,,,,,,,53,70,76,76,70
N. Şahin,30,180,78,78,8500000,31,69,81,77,74,67,,,,,,,,,,,,,,,,,,,,,69,81,77,74,67
J. Tomkins,30,192,78,78,8500000,41,32,57,54,80,75,,,,,,,,,,,,,,,,,,,,,32,57,54,80,75
L. Fejsa,30,184,78,78,8500000,54,57,65,66,81,80,,,,,,,,,,,,,,,,,,,,,57,65,66,81,80
D. Schwaab,30,186,78,78,8500000,67,39,67,66,78,74,,,,,,,,,,,,,,,,,,,,,39,67,66,78,74
Rafael Carioca,30,179,78,78,8500000,72,64,75,75,73,72,,,,,,,,,,,,,,,,,,,,,64,75,75,73,72
Daniel Carriço,30,180,78,78,8500000,39,53,67,61,78,73,,,,,,,,,,,,,,,,,,,,,53,67,61,78,73
Souza,30,188,78,78,8500000,68,63,70,72,78,84,,,,,,,,,,,,,,,,,,,,,63,70,72,78,84
B. Hübner,29,193,78,78,8500000,53,31,51,58,81,74,,,,,,,,,,,,,,,,,,,,,31,51,58,81,74
B. Mee,29,183,78,78,8500000,61,42,58,62,79,80,,,,,,,,,,,,,,,,,,,,,42,58,62,79,80
M. Rojo,29,187,78,78,8500000,67,59,68,65,76,76,,,,,,,,,,,,,,,,,,,,,59,68,65,76,76
Naldo,30,188,78,78,8500000,39,38,49,51,80,74,,,,,,,,,,,,,,,,,,,,,38,49,51,80,74
Álvaro,29,183,78,78,8500000,71,33,55,57,77,78,,,,,,,,,,,,,,,,,,,,,33,55,57,77,78
Z. Feddal,29,192,78,78,8500000,54,50,62,59,78,75,,,,,,,,,,,,,,,,,,,,,50,62,59,78,75
H. Sakai,29,183,78,78,8500000,78,54,68,67,76,79,,,,,,,,,,,,,,,,,,,,,54,68,67,76,79
C. Izquierdoz,30,185,78,78,8500000,50,51,54,53,78,81,,,,,,,,,,,,,,,,,,,,,51,54,53,78,81
Júnior Moraes,32,176,78,78,8500000,79,77,55,74,27,66,,,,,,,,,,,,,,,,,,,,,77,55,74,27,66
R. Funes Mori,28,186,77,78,8500000,62,50,64,65,76,76,,,,,,,,,,,,,,,,,,,,,50,64,65,76,76
Bruno,29,185,77,78,8500000,32,33,51,49,77,79,,,,,,,,,,,,,,,,,,,,,33,51,49,77,79
Pablo,28,188,77,78,8500000,58,52,48,59,79,77,,,,,,,,,,,,,,,,,,,,,52,48,59,79,77
T. Walcott,30,176,77,77,8500000,87,72,70,79,39,61,,,,,,,,,,,,,,,,,,,,,72,70,79,39,61
G. Sio,30,180,77,77,8500000,82,76,71,76,29,75,,,,,,,,,,,,,,,,,,,,,76,71,76,29,75
M. Carcela-González,30,176,77,77,8500000,85,74,73,83,34,58,,,,,,,,,,,,,,,,,,,,,74,73,83,34,58
R. Alessandrini,30,173,77,77,8500000,84,76,73,78,48,66,,,,,,,,,,,,,,,,,,,,,76,73,78,48,66
Alan Kardec,30,187,77,77,8500000,73,76,64,71,34,74,,,,,,,,,,,,,,,,,,,,,76,64,71,34,74
A. Poli,29,182,77,77,8500000,70,65,75,78,72,66,,,,,,,,,,,,,,,,,,,,,65,75,78,72,66
O. Ighalo,30,183,77,77,8500000,84,72,56,78,36,79,,,,,,,,,,,,,,,,,,,,,72,56,78,36,79
D. Drinkwater,29,177,77,77,8500000,59,66,76,75,71,68,,,,,,,,,,,,,,,,,,,,,66,76,75,71,68
A. Dzagoev,29,179,77,77,8500000,74,72,74,76,70,68,,,,,,,,,,,,,,,,,,,,,72,74,76,70,68
A. Westwood,29,174,77,77,8500000,60,60,79,74,74,76,,,,,,,,,,,,,,,,,,,,,60,79,74,74,76
D. Latza,29,179,77,77,8500000,66,57,75,74,72,76,,,,,,,,,,,,,,,,,,,,,57,75,74,72,76
Carlos Eduardo,29,184,77,77,8500000,70,77,76,73,61,74,,,,,,,,,,,,,,,,,,,,,77,76,73,61,74
G. Burgstaller,30,187,77,77,8500000,67,76,66,72,38,84,,,,,,,,,,,,,,,,,,,,,76,66,72,38,84
J. Martin,29,182,77,77,8500000,62,69,77,75,68,73,,,,,,,,,,,,,,,,,,,,,69,77,75,68,73
Sergio León,30,178,77,77,8500000,77,78,64,78,43,69,,,,,,,,,,,,,,,,,,,,,78,64,78,43,69
Lucas Pérez,30,180,77,77,8500000,72,78,75,77,32,68,,,,,,,,,,,,,,,,,,,,,78,75,77,32,68
André André,29,174,77,77,8500000,69,71,76,78,71,68,,,,,,,,,,,,,,,,,,,,,71,76,78,71,68
M. Pereyra,29,170,77,77,8500000,73,71,77,78,54,63,,,,,,,,,,,,,,,,,,,,,71,77,78,54,63
E. Vargas,29,174,77,77,8500000,80,76,70,80,39,67,,,,,,,,,,,,,,,,,,,,,76,70,80,39,67
D. Reyes,26,189,76,79,8500000,62,46,61,69,77,67,,,,,,,,,,,,,,,,,,,,,46,61,69,77,67
N. Araújo,27,188,76,79,8500000,68,41,55,58,76,77,,,,,,,,,,,,,,,,,,,,,41,55,58,76,77
C. Taylor,25,185,76,79,8500000,71,54,71,74,75,76,,,,,,,,,,,,,,,,,,,,,54,71,74,75,76
S. Kverkvelia,27,196,76,79,8500000,72,38,53,40,78,81,,,,,,,,,,,,,,,,,,,,,38,53,40,78,81
R. Khedira,25,188,76,79,8500000,56,43,61,61,76,77,,,,,,,,,,,,,,,,,,,,,43,61,61,76,77
D. Kohr,25,185,76,79,8500000,68,58,63,71,75,79,,,,,,,,,,,,,,,,,,,,,58,63,71,75,79
A. Masuaku,25,179,76,79,8500000,86,63,72,81,70,70,,,,,,,,,,,,,,,,,,,,,63,72,81,70,70
D. Yedlin,25,172,76,79,8500000,92,51,65,76,71,70,,,,,,,,,,,,,,,,,,,,,51,65,76,71,70
Otávio,25,176,76,79,8500000,66,51,64,70,77,75,,,,,,,,,,,,,,,,,,,,,51,64,70,77,75
A. Briançon,24,185,76,79,8500000,60,48,60,55,75,79,,,,,,,,,,,,,,,,,,,,,48,60,55,75,79
Bustinza,27,175,76,79,8500000,62,35,62,62,76,72,,,,,,,,,,,,,,,,,,,,,35,62,62,76,72
Dalbert,25,181,76,79,8500000,91,58,69,76,72,71,,,,,,,,,,,,,,,,,,,,,58,69,76,72,71
Pablo Santos,27,188,76,79,8500000,66,39,43,53,77,77,,,,,,,,,,,,,,,,,,,,,39,43,53,77,77
V. Coufal,26,175,76,79,8500000,77,60,70,72,72,80,,,,,,,,,,,,,,,,,,,,,60,70,72,72,80
D. Heintz,25,190,76,78,8500000,59,36,60,59,74,79,,,,,,,,,,,,,,,,,,,,,36,60,59,74,79
C. McGregor,26,174,76,78,8500000,78,69,73,78,69,76,,,,,,,,,,,,,,,,,,,,,69,73,78,69,76
N. Sliti,26,173,76,76,8500000,75,69,73,80,34,69,,,,,,,,,,,,,,,,,,,,,69,73,80,34,69
J. Izquierdo,26,171,76,76,8500000,86,69,67,80,38,53,,,,,,,,,,,,,,,,,,,,,69,67,80,38,53
O. Romero,26,176,76,76,8500000,77,73,75,79,35,61,,,,,,,,,,,,,,,,,,,,,73,75,79,35,61
K. Omeruo,25,185,75,82,8500000,70,32,50,58,73,78,,,,,,,,,,,,,,,,,,,,,32,50,58,73,78
T. Jedvaj,23,184,75,82,8500000,66,51,58,63,74,74,,,,,,,,,,,,,,,,,,,,,51,58,63,74,74
Y. Koné,23,174,75,82,8500000,84,47,64,74,71,72,,,,,,,,,,,,,,,,,,,,,47,64,74,71,72
Anuar,24,172,75,82,8500000,74,62,69,72,73,73,,,,,,,,,,,,,,,,,,,,,62,69,72,73,73
Thiago Maia,22,179,75,82,8500000,69,57,68,70,73,74,,,,,,,,,,,,,,,,,,,,,57,68,70,73,74
G. Montiel,22,175,75,82,8500000,84,49,64,69,72,80,,,,,,,,,,,,,,,,,,,,,49,64,69,72,80
M. Saracchi,21,172,75,82,8500000,77,65,72,74,72,72,,,,,,,,,,,,,,,,,,,,,65,72,74,72,72
I. Šunjić,22,184,75,82,8500000,70,57,60,64,77,79,,,,,,,,,,,,,,,,,,,,,57,60,64,77,79
M. Burda,24,187,75,82,8500000,65,23,43,40,77,74,,,,,,,,,,,,,,,,,,,,,23,43,40,77,74
K. Phillips,23,178,75,81,8500000,67,66,69,68,72,83,,,,,,,,,,,,,,,,,,,,,66,69,68,72,83
F. Uduokhai,21,192,75,81,8500000,66,39,53,59,75,71,,,,,,,,,,,,,,,,,,,,,39,53,59,75,71
Alfa Semedo,21,189,75,81,8500000,67,60,64,68,73,83,,,,,,,,,,,,,,,,,,,,,60,64,68,73,83
Luis Milla,24,175,75,81,8500000,71,60,72,72,69,72,,,,,,,,,,,,,,,,,,,,,60,72,72,69,72
E. Gnahoré,25,188,75,80,8500000,66,67,71,73,68,77,,,,,,,,,,,,,,,,,,,,,67,71,73,68,77
Fede Vico,24,167,75,79,8500000,75,66,74,77,49,52,,,,,,,,,,,,,,,,,,,,,66,74,77,49,52
D. Cataldi,24,180,75,79,8500000,68,69,75,74,68,65,,,,,,,,,,,,,,,,,,,,,69,75,74,68,65
D. Valdés,25,178,75,79,8500000,79,68,72,74,52,70,,,,,,,,,,,,,,,,,,,,,68,72,74,52,70
R. Christie,24,178,75,79,8500000,77,70,70,76,63,77,,,,,,,,,,,,,,,,,,,,,70,70,76,63,77
L. Ajorque,25,197,75,79,8500000,57,74,52,67,27,79,,,,,,,,,,,,,,,,,,,,,74,52,67,27,79
A. Zeneli,24,176,75,79,8500000,85,70,69,81,35,59,,,,,,,,,,,,,,,,,,,,,70,69,81,35,59
V. Muriqi,25,194,75,79,8500000,60,74,53,67,27,77,,,,,,,,,,,,,,,,,,,,,74,53,67,27,77
D. Bouanga,24,180,75,79,8500000,78,73,70,76,30,67,,,,,,,,,,,,,,,,,,,,,73,70,76,30,67
S. Thioub,24,179,75,79,8500000,81,72,69,76,30,67,,,,,,,,,,,,,,,,,,,,,72,69,76,30,67
M. Pjaca,24,186,75,79,8500000,77,67,74,84,41,67,,,,,,,,,,,,,,,,,,,,,67,74,84,41,67
A. Mitriță,24,171,75,79,8500000,85,69,68,78,26,55,,,,,,,,,,,,,,,,,,,,,69,68,78,26,55
M. Rog,23,180,75,79,8500000,74,66,77,75,63,67,,,,,,,,,,,,,,,,,,,,,66,77,75,63,67
O. Kharbin,25,185,75,79,8500000,80,75,58,72,36,68,,,,,,,,,,,,,,,,,,,,,75,58,72,36,68
Borja Bastón,26,186,75,78,8500000,51,77,61,67,41,76,,,,,,,,,,,,,,,,,,,,,77,61,67,41,76
M. Krmenčík,26,190,75,78,8500000,76,72,58,70,27,76,,,,,,,,,,,,,,,,,,,,,72,58,70,27,76
S. March,24,180,75,78,8500000,77,68,72,77,50,60,,,,,,,,,,,,,,,,,,,,,68,72,77,50,60
T. Rogić,26,189,75,78,8500000,68,73,70,79,49,66,,,,,,,,,,,,,,,,,,,,,73,70,79,49,66
D. Pelkas,25,177,75,78,8500000,80,69,74,76,37,49,,,,,,,,,,,,,,,,,,,,,69,74,76,37,49
R. Quaison,25,183,75,78,8500000,77,73,69,78,51,70,,,,,,,,,,,,,,,,,,,,,73,69,78,51,70
M. Konaté,26,183,75,78,8500000,83,71,55,74,23,66,,,,,,,,,,,,,,,,,,,,,71,55,74,23,66
Kwon Chang Hoon,25,173,75,78,8500000,73,72,73,76,52,60,,,,,,,,,,,,,,,,,,,,,72,73,76,52,60
N. Stanciu,26,170,75,78,8500000,69,72,75,78,34,62,,,,,,,,,,,,,,,,,,,,,72,75,78,34,62
Ivan Cavaleiro,25,175,75,78,8500000,86,71,69,77,38,68,,,,,,,,,,,,,,,,,,,,,71,69,77,38,68
N. Castillo,26,179,75,78,8500000,68,75,60,69,38,82,,,,,,,,,,,,,,,,,,,,,75,60,69,38,82
H. Villalba,24,172,75,78,8500000,92,74,64,80,45,63,,,,,,,,,,,,,,,,,,,,,74,64,80,45,63
Jason,24,178,75,78,8500000,77,73,71,77,45,64,,,,,,,,,,,,,,,,,,,,,73,71,77,45,64
A. Conti,25,184,75,78,8500000,75,59,70,75,73,66,,,,,,,,,,,,,,,,,,,,,59,70,75,73,66
J. Rodríguez,25,179,75,78,8500000,85,74,62,73,37,76,,,,,,,,,,,,,,,,,,,,,74,62,73,37,76
P. Tau,25,168,75,78,8500000,79,73,69,79,36,44,,,,,,,,,,,,,,,,,,,,,73,69,79,36,44
V. Janssen,25,184,75,78,8500000,61,76,57,69,32,70,,,,,,,,,,,,,,,,,,,,,76,57,69,32,70
C. Fassnacht,25,185,75,78,8500000,82,70,68,74,33,69,,,,,,,,,,,,,,,,,,,,,70,68,74,33,69
O. Kabak,19,186,74,85,8500000,69,33,54,66,74,74,,,,,,,,,,,,,,,,,,,,,33,54,66,74,74
Z. Vanheusden,19,186,74,85,8500000,61,39,59,64,75,71,,,,,,,,,,,,,,,,,,,,,39,59,64,75,71
Rodrigo Becão,23,191,74,84,8500000,58,32,55,46,75,70,,,,,,,,,,,,,,,,,,,,,32,55,46,75,70
A. Král,21,186,74,84,8500000,75,68,67,74,71,78,,,,,,,,,,,,,,,,,,,,,68,67,74,71,78
J. Barrera,23,171,74,83,8500000,81,65,72,75,42,57,,,,,,,,,,,,,,,,,,,,,65,72,75,42,57
P. Diop,21,180,74,83,8500000,75,60,69,75,64,72,,,,,,,,,,,,,,,,,,,,,60,69,75,64,72
João Carvalho,22,170,74,83,8500000,71,68,72,77,33,44,,,,,,,,,,,,,,,,,,,,,68,72,77,33,44
A. Ömür,20,168,74,83,8500000,81,65,70,78,39,47,,,,,,,,,,,,,,,,,,,,,65,70,78,39,47
A. Isak,19,190,74,83,8500000,78,74,60,73,29,60,,,,,,,,,,,,,,,,,,,,,74,60,73,29,60
O. Mangala,21,178,74,83,8500000,73,52,71,77,66,72,,,,,,,,,,,,,,,,,,,,,52,71,77,66,72
E. Reynoso,23,176,74,83,8500000,67,62,74,78,57,64,,,,,,,,,,,,,,,,,,,,,62,74,78,57,64
R. Alvarado,20,176,74,83,8500000,76,65,71,76,53,61,,,,,,,,,,,,,,,,,,,,,65,71,76,53,61
M. Djenepo,21,177,74,83,8500000,88,67,64,79,36,64,,,,,,,,,,,,,,,,,,,,,67,64,79,36,64
Bruno Xadas,21,179,74,83,8500000,73,71,72,76,43,59,,,,,,,,,,,,,,,,,,,,,71,72,76,43,59
Adama Traoré,23,178,74,82,8500000,96,60,61,84,31,75,,,,,,,,,,,,,,,,,,,,,60,61,84,31,75
P. Roberts,22,170,74,82,8500000,77,66,69,82,27,41,,,,,,,,,,,,,,,,,,,,,66,69,82,27,41
A. Ajeti,22,183,74,82,8500000,78,72,60,69,29,75,,,,,,,,,,,,,,,,,,,,,72,60,69,29,75
V. Kovalenko,23,182,74,82,8500000,75,71,72,74,59,72,,,,,,,,,,,,,,,,,,,,,71,72,74,59,72
S. Villa,23,179,74,82,8500000,92,64,65,77,32,63,,,,,,,,,,,,,,,,,,,,,64,65,77,32,63
S. Lammers,22,189,74,82,8500000,74,74,61,76,34,70,,,,,,,,,,,,,,,,,,,,,74,61,76,34,70
Francis,23,175,74,82,8500000,83,61,68,75,67,58,,,,,,,,,,,,,,,,,,,,,61,68,75,67,58
Aduriz,38,182,82,82,8000000,61,82,64,75,49,74,,,,,,,,,,,,,,,,,,,,,82,64,75,49,74
Quaresma,35,175,81,81,8000000,77,73,82,86,24,63,,,,,,,,,,,,,,,,,,,,,73,82,86,24,63
B. Yılmaz,33,188,79,79,8000000,80,81,65,69,34,77,,,,,,,,,,,,,,,,,,,,,81,65,69,34,77
D. Criscito,32,183,79,79,8000000,74,61,76,72,79,75,,,,,,,,,,,,,,,,,,,,,61,76,72,79,75
Marcano,32,189,79,79,8000000,65,46,59,59,79,75,,,,,,,,,,,,,,,,,,,,,46,59,59,79,75
L. Sigali,32,181,79,79,8000000,68,41,44,59,80,74,,,,,,,,,,,,,,,,,,,,,41,44,59,80,74
R. Babel,32,185,78,78,8000000,83,79,71,80,36,73,,,,,,,,,,,,,,,,,,,,,79,71,80,36,73
S. Nasri,32,175,78,78,8000000,72,72,76,80,37,51,,,,,,,,,,,,,,,,,,,,,72,76,80,37,51
Gervinho,32,179,78,78,8000000,90,70,71,80,35,59,,,,,,,,,,,,,,,,,,,,,70,71,80,35,59
C. Ansaldi,32,181,78,78,8000000,75,62,77,79,76,70,,,,,,,,,,,,,,,,,,,,,62,77,79,76,70
V. Birsa,32,184,78,78,8000000,67,73,78,79,56,68,,,,,,,,,,,,,,,,,,,,,73,78,79,56,68
N. Amrabat,32,180,78,78,8000000,79,75,76,80,53,74,,,,,,,,,,,,,,,,,,,,,75,76,80,53,74
J. Baumgartlinger,31,184,78,78,8000000,68,49,69,68,78,81,,,,,,,,,,,,,,,,,,,,,49,69,68,78,81
De Marcos,30,182,78,78,8000000,82,62,72,75,71,78,,,,,,,,,,,,,,,,,,,,,62,72,75,71,78
G. Medel,31,171,78,78,8000000,68,47,65,69,77,84,,,,,,,,,,,,,,,,,,,,,47,65,69,77,84
Nolito,32,175,78,78,8000000,68,77,76,78,45,64,,,,,,,,,,,,,,,,,,,,,77,76,78,45,64
V. Odjidja-Ofoe,30,183,77,77,8000000,56,73,76,74,69,79,,,,,,,,,,,,,,,,,,,,,73,76,74,69,79
J. Lens,31,178,77,77,8000000,89,74,71,79,36,71,,,,,,,,,,,,,,,,,,,,,74,71,79,36,71
M. Dossevi,31,172,77,77,8000000,79,68,77,79,36,59,,,,,,,,,,,,,,,,,,,,,68,77,79,36,59
I. Traoré,31,171,77,77,8000000,82,70,74,83,44,49,,,,,,,,,,,,,,,,,,,,,70,74,83,44,49
M. Suárez,31,183,77,77,8000000,70,77,72,81,31,67,,,,,,,,,,,,,,,,,,,,,77,72,81,31,67
A. Dragović,28,186,77,77,8000000,65,51,60,64,77,75,,,,,,,,,,,,,,,,,,,,,51,60,64,77,75
F. Fajr,30,178,77,77,8000000,63,73,79,77,68,67,,,,,,,,,,,,,,,,,,,,,73,79,77,68,67
L. Castro,30,182,77,77,8000000,71,67,78,80,64,66,,,,,,,,,,,,,,,,,,,,,67,78,80,64,66
S. Ristovski,27,180,77,77,8000000,89,61,68,74,74,79,,,,,,,,,,,,,,,,,,,,,61,68,74,74,79
Simão Acunha,31,178,77,77,8000000,80,68,77,77,36,63,,,,,,,,,,,,,,,,,,,,,68,77,77,36,63
E. Mangala,28,187,76,78,8000000,61,42,53,51,74,79,,,,,,,,,,,,,,,,,,,,,42,53,51,74,79
Oriol Romeu,27,183,76,78,8000000,45,39,63,62,77,77,,,,,,,,,,,,,,,,,,,,,39,63,62,77,77
S. Widmer,26,183,76,78,8000000,80,64,73,76,72,78,,,,,,,,,,,,,,,,,,,,,64,73,76,72,78
T. Kolodziejczak,27,185,76,77,8000000,77,37,67,60,76,79,,,,,,,,,,,,,,,,,,,,,37,67,60,76,79
A. Wakaso,27,180,76,77,8000000,67,49,60,66,77,83,,,,,,,,,,,,,,,,,,,,,49,60,66,77,83
O. Onazi,26,173,76,77,8000000,80,66,71,76,75,72,,,,,,,,,,,,,,,,,,,,,66,71,76,75,72
Alberto Moreno,26,171,76,77,8000000,85,65,68,78,70,70,,,,,,,,,,,,,,,,,,,,,65,68,78,70,70
Paulo Oliveira,27,187,76,77,8000000,63,35,50,61,76,75,,,,,,,,,,,,,,,,,,,,,35,50,61,76,75
Ricardo Esgaio,26,173,76,77,8000000,74,66,74,80,70,68,,,,,,,,,,,,,,,,,,,,,66,74,80,70,68
Y. Gómez Andrade,27,187,76,77,8000000,54,32,40,42,76,85,,,,,,,,,,,,,,,,,,,,,32,40,42,76,85
F. Borini,28,180,76,76,8000000,74,74,72,78,45,69,,,,,,,,,,,,,,,,,,,,,74,72,78,45,69
O. El Kaddouri,28,185,76,76,8000000,74,71,76,76,57,71,,,,,,,,,,,,,,,,,,,,,71,76,76,57,71
S. Zuber,27,182,76,76,8000000,78,74,73,77,71,75,,,,,,,,,,,,,,,,,,,,,74,73,77,71,75
I. Brizuela,28,171,76,76,8000000,89,67,69,80,45,71,,,,,,,,,,,,,,,,,,,,,67,69,80,45,71
A. Schürrle,28,183,76,76,8000000,75,78,72,78,43,68,,,,,,,,,,,,,,,,,,,,,78,72,78,43,68
A. Gray,28,180,76,76,8000000,86,75,62,73,30,72,,,,,,,,,,,,,,,,,,,,,75,62,73,30,72
S. Taïder,27,180,76,76,8000000,70,73,74,75,66,77,,,,,,,,,,,,,,,,,,,,,73,74,75,66,77
João Pedro,27,184,76,76,8000000,72,75,72,75,40,67,,,,,,,,,,,,,,,,,,,,,75,72,75,40,67
R. Inglese,27,186,76,76,8000000,58,75,49,69,27,70,,,,,,,,,,,,,,,,,,,,,75,49,69,27,70
N. Jørgensen,28,190,76,76,8000000,71,76,70,72,39,76,,,,,,,,,,,,,,,,,,,,,76,70,72,39,76
R. Brady,27,179,76,76,8000000,72,72,76,76,66,63,,,,,,,,,,,,,,,,,,,,,72,76,76,66,63
A. Knockaert,27,172,76,76,8000000,73,70,72,83,49,65,,,,,,,,,,,,,,,,,,,,,70,72,83,49,65
R. Ruidíaz,28,169,76,76,8000000,80,77,64,76,32,61,,,,,,,,,,,,,,,,,,,,,77,64,76,32,61
R. Ibarra,28,175,76,76,8000000,92,65,70,77,53,74,,,,,,,,,,,,,,,,,,,,,65,70,77,53,74
D. Gayle,28,174,76,76,8000000,81,77,58,72,28,61,,,,,,,,,,,,,,,,,,,,,77,58,72,28,61
Garry Rodrigues,28,173,76,76,8000000,83,72,71,77,43,69,,,,,,,,,,,,,,,,,,,,,72,71,77,43,69
R. Steffen,27,170,76,76,8000000,85,72,73,79,41,65,,,,,,,,,,,,,,,,,,,,,72,73,79,41,65
Embarba,27,173,76,76,8000000,79,69,75,75,47,65,,,,,,,,,,,,,,,,,,,,,69,75,75,47,65
Davidson,28,177,76,76,8000000,76,72,70,78,41,69,,,,,,,,,,,,,,,,,,,,,72,70,78,41,69
M. Kempf,24,186,75,81,8000000,67,38,54,59,75,77,,,,,,,,,,,,,,,,,,,,,38,54,59,75,77
K. Akpoguma,24,192,75,81,8000000,73,48,54,60,76,71,,,,,,,,,,,,,,,,,,,,,48,54,60,76,71
G. Conti,25,194,75,81,8000000,66,38,53,47,76,74,,,,,,,,,,,,,,,,,,,,,38,53,47,76,74
M. Veljković,23,184,75,81,8000000,63,31,57,59,75,72,,,,,,,,,,,,,,,,,,,,,31,57,59,75,72
M. Holgate,22,184,75,81,8000000,70,42,66,66,76,71,,,,,,,,,,,,,,,,,,,,,42,66,66,76,71
E. Velázquez,25,185,75,81,8000000,51,47,49,57,76,76,,,,,,,,,,,,,,,,,,,,,47,49,57,76,76
M. Niakhaté,23,190,75,81,8000000,72,39,59,64,74,79,,,,,,,,,,,,,,,,,,,,,39,59,64,74,79
Melero,25,183,75,81,8000000,61,73,71,70,73,71,,,,,,,,,,,,,,,,,,,,,73,71,70,73,71
F. Sacko,24,179,75,81,8000000,92,36,59,72,68,74,,,,,,,,,,,,,,,,,,,,,36,59,72,68,74
K. Amian,21,180,75,81,8000000,78,48,65,69,75,76,,,,,,,,,,,,,,,,,,,,,48,65,69,75,76
J. Gnagnon,22,182,75,81,8000000,62,33,46,58,73,78,,,,,,,,,,,,,,,,,,,,,33,46,58,73,78
G. Konan,23,176,75,81,8000000,81,48,68,77,70,73,,,,,,,,,,,,,,,,,,,,,48,68,77,70,73
E. Cabaco,24,186,75,81,8000000,61,41,48,54,75,77,,,,,,,,,,,,,,,,,,,,,41,48,54,75,77
C. Chambers,24,183,75,80,8000000,63,49,65,68,74,76,,,,,,,,,,,,,,,,,,,,,49,65,68,74,76
T. Foket,24,177,75,80,8000000,77,57,69,71,72,72,,,,,,,,,,,,,,,,,,,,,57,69,71,72,72
T. Kędziora,25,183,75,80,8000000,77,45,66,64,74,73,,,,,,,,,,,,,,,,,,,,,45,66,64,74,73
B. Pearson,24,176,75,80,8000000,70,50,63,71,72,85,,,,,,,,,,,,,,,,,,,,,50,63,71,72,85
E. Balanta,26,181,75,80,8000000,71,40,60,66,74,85,,,,,,,,,,,,,,,,,,,,,40,60,66,74,85
L. Olaza,24,175,75,80,8000000,79,71,72,74,71,70,,,,,,,,,,,,,,,,,,,,,71,72,74,71,70
A. Long,26,185,75,80,8000000,75,40,56,63,73,81,,,,,,,,,,,,,,,,,,,,,40,56,63,73,81
R. Karsdorp,24,184,75,80,8000000,85,63,71,73,72,70,,,,,,,,,,,,,,,,,,,,,63,71,73,72,70
T. Baumgartl,23,190,75,80,8000000,70,34,55,50,76,75,,,,,,,,,,,,,,,,,,,,,34,55,50,76,75
M. Wolf,24,188,75,80,8000000,81,70,73,76,68,77,,,,,,,,,,,,,,,,,,,,,70,73,76,68,77
A. Nagy,24,178,75,80,8000000,70,54,76,80,72,61,,,,,,,,,,,,,,,,,,,,,54,76,80,72,61
F. Ricca,24,178,75,80,8000000,71,42,60,63,74,72,,,,,,,,,,,,,,,,,,,,,42,60,63,74,72
Bernardo,24,186,75,80,8000000,70,49,62,67,76,72,,,,,,,,,,,,,,,,,,,,,49,62,67,76,72
Marcão,23,185,75,80,8000000,59,32,51,55,75,74,,,,,,,,,,,,,,,,,,,,,32,51,55,75,74
D. Bronn,24,184,75,80,8000000,66,63,67,65,75,76,,,,,,,,,,,,,,,,,,,,,63,67,65,75,76
K. Malong,23,180,75,80,8000000,75,68,71,71,69,81,,,,,,,,,,,,,,,,,,,,,68,71,71,69,81
Martín,23,178,75,80,8000000,70,35,63,69,74,65,,,,,,,,,,,,,,,,,,,,,35,63,69,74,65
N. Chalobah,24,185,75,79,8000000,64,61,70,74,72,71,,,,,,,,,,,,,,,,,,,,,61,70,74,72,71
S. Cristóforo,25,175,75,79,8000000,57,58,67,69,72,69,,,,,,,,,,,,,,,,,,,,,58,67,69,72,69
Cláudio Falcão,24,185,75,79,8000000,66,65,69,71,72,76,,,,,,,,,,,,,,,,,,,,,65,69,71,72,76
M. Rits,25,178,75,78,8000000,67,63,73,70,71,74,,,,,,,,,,,,,,,,,,,,,63,73,70,71,74
G. Imbula,26,186,75,78,8000000,68,60,71,78,60,75,,,,,,,,,,,,,,,,,,,,,60,71,78,60,75
F. Midtsjø,25,176,75,78,8000000,73,62,73,74,67,76,,,,,,,,,,,,,,,,,,,,,62,73,74,67,76
S. Sturaro,26,181,75,78,8000000,70,67,72,75,76,78,,,,,,,,,,,,,,,,,,,,,67,72,75,76,78
K. Möhwald,25,183,75,78,8000000,59,70,76,74,61,67,,,,,,,,,,,,,,,,,,,,,70,76,74,61,67
J. Haberer,25,186,75,78,8000000,65,63,71,76,61,70,,,,,,,,,,,,,,,,,,,,,63,71,76,61,70
Medrán,25,176,75,78,8000000,60,68,77,72,63,54,,,,,,,,,,,,,,,,,,,,,68,77,72,63,54
A. Tameze,25,180,75,78,8000000,68,59,66,74,73,73,,,,,,,,,,,,,,,,,,,,,59,66,74,73,73
L. Lerager,25,188,75,78,8000000,61,67,69,69,70,74,,,,,,,,,,,,,,,,,,,,,67,69,69,70,74
João Novais,25,183,75,78,8000000,66,76,76,77,49,67,,,,,,,,,,,,,,,,,,,,,76,76,77,49,67
V. Buyalskyi,26,170,75,78,8000000,71,67,70,76,67,49,,,,,,,,,,,,,,,,,,,,,67,70,76,67,49
Z. Labyad,26,175,75,77,8000000,73,74,74,78,36,57,,,,,,,,,,,,,,,,,,,,,74,74,78,36,57
D. Bessa,26,178,75,77,8000000,63,69,74,78,55,50,,,,,,,,,,,,,,,,,,,,,69,74,78,55,50
A. Duncan,26,178,75,77,8000000,71,63,73,72,76,76,,,,,,,,,,,,,,,,,,,,,63,73,72,76,76
V. Berisha,26,176,75,76,8000000,79,70,71,77,57,77,,,,,,,,,,,,,,,,,,,,,70,71,77,57,77
F. Kainz,26,176,75,76,8000000,80,70,70,80,37,57,,,,,,,,,,,,,,,,,,,,,70,70,80,37,57
J. Drmić,26,183,75,76,8000000,76,75,67,73,38,70,,,,,,,,,,,,,,,,,,,,,75,67,73,38,70
N. Sansone,27,173,75,76,8000000,78,76,72,79,44,59,,,,,,,,,,,,,,,,,,,,,76,72,79,44,59
Jesé,26,178,75,76,8000000,80,71,72,78,25,62,,,,,,,,,,,,,,,,,,,,,71,72,78,25,62
P. Klement,26,175,75,76,8000000,69,70,74,76,40,57,,,,,,,,,,,,,,,,,,,,,70,74,76,40,57
S. Larsson,26,179,75,76,8000000,74,71,73,80,38,61,,,,,,,,,,,,,,,,,,,,,71,73,80,38,61
Fran Sol,27,181,75,76,8000000,68,77,55,66,34,68,,,,,,,,,,,,,,,,,,,,,77,55,66,34,68
Carles Gil,26,170,75,76,8000000,65,68,75,77,39,55,,,,,,,,,,,,,,,,,,,,,68,75,77,39,55
A. Jahanbakhsh,25,180,75,76,8000000,79,73,69,79,42,70,,,,,,,,,,,,,,,,,,,,,73,69,79,42,70
A. Roa,26,175,75,76,8000000,81,64,75,80,54,61,,,,,,,,,,,,,,,,,,,,,64,75,80,54,61
J. Lolley,26,178,75,76,8000000,84,67,69,79,49,56,,,,,,,,,,,,,,,,,,,,,67,69,79,49,56
Y. Mutō,26,178,75,76,8000000,77,72,68,78,41,62,,,,,,,,,,,,,,,,,,,,,72,68,78,41,62
Borja Valle,26,177,75,76,8000000,74,75,68,75,46,64,,,,,,,,,,,,,,,,,,,,,75,68,75,46,64
K. Onisiwo,27,188,75,76,8000000,78,70,67,75,53,76,,,,,,,,,,,,,,,,,,,,,70,67,75,53,76
J. Ito,26,176,75,76,8000000,90,66,69,75,59,71,,,,,,,,,,,,,,,,,,,,,66,69,75,59,71
L. Masopust,26,179,75,76,8000000,86,68,68,75,58,75,,,,,,,,,,,,,,,,,,,,,68,68,75,58,75
Adrià Pedrosa,21,176,74,84,8000000,89,55,70,75,69,64,,,,,,,,,,,,,,,,,,,,,55,70,75,69,64
E. Cecchini,22,180,74,83,8000000,71,65,69,73,74,70,,,,,,,,,,,,,,,,,,,,,65,69,73,74,70
H. Choudhury,21,178,74,83,8000000,70,44,61,66,76,75,,,,,,,,,,,,,,,,,,,,,44,61,66,76,75
M. Olivera,21,184,74,83,8000000,75,50,63,67,72,72,,,,,,,,,,,,,,,,,,,,,50,63,67,72,72
V. Shepelev,22,184,74,83,8000000,64,52,62,70,69,64,,,,,,,,,,,,,,,,,,,,,52,62,70,69,64
M. Loum,22,188,74,83,8000000,51,53,60,61,74,80,,,,,,,,,,,,,,,,,,,,,53,60,61,74,80
Iago,22,181,74,83,8000000,76,55,68,72,71,72,,,,,,,,,,,,,,,,,,,,,55,68,72,71,72
P. Billing,23,197,74,82,8000000,58,70,72,70,74,73,,,,,,,,,,,,,,,,,,,,,70,72,70,74,73
O. Pineda,23,169,74,82,8000000,86,69,72,78,60,68,,,,,,,,,,,,,,,,,,,,,69,72,78,60,68
Aleix Febas,23,171,74,82,8000000,71,62,73,76,61,65,,,,,,,,,,,,,,,,,,,,,62,73,76,61,65
C. Musonda,22,173,74,81,8000000,84,64,70,80,24,43,,,,,,,,,,,,,,,,,,,,,64,70,80,24,43
Pozo,23,170,74,81,8000000,73,69,71,77,54,54,,,,,,,,,,,,,,,,,,,,,69,71,77,54,54
O. McBurnie,23,191,74,81,8000000,67,71,57,69,34,72,,,,,,,,,,,,,,,,,,,,,71,57,69,34,72
A. Cubas,23,169,74,81,8000000,71,52,67,73,75,56,,,,,,,,,,,,,,,,,,,,,52,67,73,75,56
C. Adams,22,178,74,81,8000000,86,75,61,73,39,76,,,,,,,,,,,,,,,,,,,,,75,61,73,39,76
E. Buendía,22,170,74,81,8000000,73,66,74,78,61,62,,,,,,,,,,,,,,,,,,,,,66,74,78,61,62
L. Rodríguez,22,168,74,81,8000000,79,61,66,81,51,61,,,,,,,,,,,,,,,,,,,,,61,66,81,51,61
C. Bassogog,23,173,74,81,8000000,89,71,60,77,38,69,,,,,,,,,,,,,,,,,,,,,71,60,77,38,69
Ontiveros,21,172,74,81,8000000,74,75,73,76,35,50,,,,,,,,,,,,,,,,,,,,,75,73,76,35,50
E. Löwen,22,188,74,81,8000000,66,62,70,69,70,87,,,,,,,,,,,,,,,,,,,,,62,70,69,70,87
B. Petković,24,193,74,80,8000000,67,72,73,73,37,76,,,,,,,,,,,,,,,,,,,,,72,73,73,37,76
H. Diallo,24,186,74,80,8000000,72,72,52,68,22,70,,,,,,,,,,,,,,,,,,,,,72,52,68,22,70
C. Romero,21,185,73,87,8000000,63,35,43,47,72,77,,,,,,,,,,,,,,,,,,,,,35,43,47,72,77
I. Piatti,34,180,80,80,7500000,73,81,74,85,55,75,,,,,,,,,,,,,,,,,,,,,81,74,85,55,75
M. Valbuena,34,165,80,80,7500000,77,75,80,82,34,48,,,,,,,,,,,,,,,,,,,,,75,80,82,34,48
S. Kalou,33,185,79,79,7500000,65,78,74,85,43,59,,,,,,,,,,,,,,,,,,,,,78,74,85,43,59
D. Valeri,33,178,79,79,7500000,58,79,78,79,41,66,,,,,,,,,,,,,,,,,,,,,79,78,79,41,66
A. Fernández,33,177,79,79,7500000,68,70,76,78,71,74,,,,,,,,,,,,,,,,,,,,,70,76,78,71,74
S. Lulić,33,183,79,79,7500000,78,72,77,78,75,76,,,,,,,,,,,,,,,,,,,,,72,77,78,75,76
F. Orellana,33,171,79,79,7500000,72,75,78,81,40,45,,,,,,,,,,,,,,,,,,,,,75,78,81,40,45
D. Da Silva,31,184,78,78,7500000,59,37,57,54,78,76,,,,,,,,,,,,,,,,,,,,,37,57,54,78,76
Jaume Costa,31,171,78,78,7500000,76,61,71,73,78,71,,,,,,,,,,,,,,,,,,,,,61,71,73,78,71
Marcelo Goiano,31,176,78,78,7500000,76,50,66,77,76,74,,,,,,,,,,,,,,,,,,,,,50,66,77,76,74
Ronaldo Esler,31,168,78,78,7500000,87,58,70,77,74,53,,,,,,,,,,,,,,,,,,,,,58,70,77,74,53
Everticinho,31,176,78,78,7500000,80,71,71,76,74,74,,,,,,,,,,,,,,,,,,,,,71,71,76,74,74
Z. Junuzović,31,172,77,77,7500000,71,73,78,81,65,73,,,,,,,,,,,,,,,,,,,,,73,78,81,65,73
M. Schneiderlin,29,185,77,77,7500000,56,60,71,71,75,76,,,,,,,,,,,,,,,,,,,,,60,71,71,75,76
F. Delph,29,174,77,77,7500000,69,70,76,79,73,74,,,,,,,,,,,,,,,,,,,,,70,76,79,73,74
Maurício,30,180,77,77,7500000,74,70,75,76,74,72,,,,,,,,,,,,,,,,,,,,,70,75,76,74,72
D. Janmaat,29,185,77,77,7500000,67,65,73,76,75,74,,,,,,,,,,,,,,,,,,,,,65,73,76,75,74
Victor Sánchez,31,174,77,77,7500000,55,63,77,73,75,66,,,,,,,,,,,,,,,,,,,,,63,77,73,75,66
T. Rincón,31,177,77,77,7500000,68,59,71,76,76,80,,,,,,,,,,,,,,,,,,,,,59,71,76,76,80
Tomás Pina,31,184,77,77,7500000,49,66,72,74,72,71,,,,,,,,,,,,,,,,,,,,,66,72,74,72,71
L. Tonelli,29,183,77,77,7500000,64,31,44,59,79,71,,,,,,,,,,,,,,,,,,,,,31,44,59,79,71
E. Bičakčić,29,185,77,77,7500000,57,37,50,47,78,78,,,,,,,,,,,,,,,,,,,,,37,50,47,78,78
V. Chiricheș,29,184,77,77,7500000,63,64,56,62,80,69,,,,,,,,,,,,,,,,,,,,,64,56,62,80,69
T. Strobl,29,188,77,77,7500000,53,49,66,58,79,77,,,,,,,,,,,,,,,,,,,,,49,66,58,79,77
R. Saïss,29,190,77,77,7500000,62,53,70,69,76,74,,,,,,,,,,,,,,,,,,,,,53,70,69,76,74
L. López,29,190,77,77,7500000,63,51,50,61,77,72,,,,,,,,,,,,,,,,,,,,,51,50,61,77,72
J. Palomino,29,188,77,77,7500000,52,32,55,58,78,80,,,,,,,,,,,,,,,,,,,,,32,55,58,78,80
M. Jørgensen,29,191,76,77,7500000,66,40,59,55,75,80,,,,,,,,,,,,,,,,,,,,,40,59,55,75,80
P. Jansson,28,196,76,77,7500000,64,42,53,62,76,79,,,,,,,,,,,,,,,,,,,,,42,53,62,76,79
Cédric,27,172,76,77,7500000,77,66,70,76,73,70,,,,,,,,,,,,,,,,,,,,,66,70,76,73,70
T. Monconduit,28,184,76,77,7500000,64,55,72,69,75,77,,,,,,,,,,,,,,,,,,,,,55,72,69,75,77
Guilherme,28,179,76,77,7500000,67,64,72,69,72,78,,,,,,,,,,,,,,,,,,,,,64,72,69,72,78
R. Aliendro,28,177,76,77,7500000,78,72,69,77,72,78,,,,,,,,,,,,,,,,,,,,,72,69,77,72,78
J. Rodriguez,29,185,76,76,7500000,72,74,68,72,41,68,,,,,,,,,,,,,,,,,,,,,74,68,72,41,68
G. dos Santos,30,175,76,76,7500000,84,73,73,79,33,51,,,,,,,,,,,,,,,,,,,,,73,73,79,33,51
J. Altidore,29,183,76,76,7500000,70,76,61,69,32,81,,,,,,,,,,,,,,,,,,,,,76,61,69,32,81
A. Ayew,29,176,76,76,7500000,73,72,72,78,56,75,,,,,,,,,,,,,,,,,,,,,72,72,78,56,75
B. Dočkal,30,182,76,76,7500000,65,74,79,75,49,59,,,,,,,,,,,,,,,,,,,,,74,79,75,49,59
A. Ekdal,29,186,76,76,7500000,49,65,75,73,71,73,,,,,,,,,,,,,,,,,,,,,65,75,73,71,73
M. Albrighton,29,175,76,76,7500000,70,68,75,77,59,69,,,,,,,,,,,,,,,,,,,,,68,75,77,59,69
E. Choupo-Moting,30,191,76,76,7500000,76,71,68,77,37,71,,,,,,,,,,,,,,,,,,,,,71,68,77,37,71
M. Stoch,29,167,76,76,7500000,84,77,73,80,37,55,,,,,,,,,,,,,,,,,,,,,77,73,80,37,55
Rochina,28,182,76,76,7500000,69,76,77,81,54,69,,,,,,,,,,,,,,,,,,,,,76,77,81,54,69
T. Cleverley,29,175,76,76,7500000,64,69,75,73,61,62,,,,,,,,,,,,,,,,,,,,,69,75,73,61,62
Y. Ōsako,29,182,76,76,7500000,75,72,65,78,44,67,,,,,,,,,,,,,,,,,,,,,72,65,78,44,67
Portillo,29,169,76,76,7500000,61,72,77,77,55,63,,,,,,,,,,,,,,,,,,,,,72,77,77,55,63
A. Mooy,28,173,76,76,7500000,59,69,77,73,69,74,,,,,,,,,,,,,,,,,,,,,69,77,73,69,74
Héldon,30,173,76,76,7500000,85,71,70,78,29,58,,,,,,,,,,,,,,,,,,,,,71,70,78,29,58
J. Clasie,28,169,76,76,7500000,63,64,77,74,67,69,,,,,,,,,,,,,,,,,,,,,64,77,74,67,69
V. Darida,28,172,76,76,7500000,65,71,74,76,66,60,,,,,,,,,,,,,,,,,,,,,71,74,76,66,60
D. Garmash,29,186,76,76,7500000,63,72,74,70,71,77,,,,,,,,,,,,,,,,,,,,,72,74,70,71,77
A. Szymanowski,30,175,76,76,7500000,81,72,72,77,40,58,,,,,,,,,,,,,,,,,,,,,72,72,77,40,58
M. Uribe,28,182,76,76,7500000,75,72,72,74,68,79,,,,,,,,,,,,,,,,,,,,,72,72,74,68,79
F. Mancuello,30,175,76,76,7500000,75,72,77,74,62,71,,,,,,,,,,,,,,,,,,,,,72,77,74,62,71
E. Valencia,29,177,76,76,7500000,87,75,67,74,39,74,,,,,,,,,,,,,,,,,,,,,75,67,74,39,74
B. Ndiaye,28,180,76,76,7500000,85,71,73,78,72,80,,,,,,,,,,,,,,,,,,,,,71,73,78,72,80
A. Nwakaeme,30,185,76,76,7500000,81,74,70,80,33,73,,,,,,,,,,,,,,,,,,,,,74,70,80,33,73
Rodrigo Ely,25,188,75,79,7500000,58,32,43,52,75,76,,,,,,,,,,,,,,,,,,,,,32,43,52,75,76
T. Kongolo,25,188,75,79,7500000,71,43,63,68,75,75,,,,,,,,,,,,,,,,,,,,,43,63,68,75,75
V. Lazaro,23,180,75,79,7500000,84,70,76,81,69,67,,,,,,,,,,,,,,,,,,,,,70,76,81,69,67
W. Troost-Ekong,25,191,75,79,7500000,65,32,45,43,76,77,,,,,,,,,,,,,,,,,,,,,32,45,43,76,77
W. Hoedt,25,188,75,79,7500000,54,46,59,56,75,74,,,,,,,,,,,,,,,,,,,,,46,59,56,75,74
G. Shoji,26,182,75,79,7500000,80,41,53,56,75,77,,,,,,,,,,,,,,,,,,,,,41,53,56,75,77
Sergio Álvarez,27,183,75,78,7500000,64,66,68,68,70,78,,,,,,,,,,,,,,,,,,,,,66,68,68,70,78
K. Stafylidis,25,178,75,78,7500000,75,64,68,73,72,74,,,,,,,,,,,,,,,,,,,,,64,68,73,72,74
B. Zuculini,26,182,75,78,7500000,66,58,69,72,70,77,,,,,,,,,,,,,,,,,,,,,58,69,72,70,77
J. Willems,25,177,75,78,7500000,74,62,76,76,71,76,,,,,,,,,,,,,,,,,,,,,62,76,76,71,76
A. Touré,25,188,75,78,7500000,47,56,61,63,74,80,,,,,,,,,,,,,,,,,,,,,56,61,63,74,80
L. Menossi,25,169,75,78,7500000,78,63,72,76,69,69,,,,,,,,,,,,,,,,,,,,,63,72,76,69,69
N. Vukčević,27,184,75,78,7500000,55,51,66,68,75,77,,,,,,,,,,,,,,,,,,,,,51,66,68,75,77
R. Falk,27,177,75,76,7500000,84,64,71,80,58,72,,,,,,,,,,,,,,,,,,,,,64,71,80,58,72
S. Armstrong,27,183,75,76,7500000,75,73,72,74,64,72,,,,,,,,,,,,,,,,,,,,,73,72,74,64,72
P. Mantalos,27,176,75,76,7500000,73,69,75,78,50,61,,,,,,,,,,,,,,,,,,,,,69,75,78,50,61
G. Fernández,27,178,75,76,7500000,72,70,74,76,65,70,,,,,,,,,,,,,,,,,,,,,70,74,76,65,70
D. Brašanac,27,178,75,76,7500000,52,68,71,71,71,73,,,,,,,,,,,,,,,,,,,,,68,71,71,71,73
Róber,24,182,74,82,7500000,54,43,61,61,75,73,,,,,,,,,,,,,,,,,,,,,43,61,61,75,73
Pablo Maffeo,21,172,74,82,7500000,86,52,68,76,73,63,,,,,,,,,,,,,,,,,,,,,52,68,76,73,63
K. Ajer,21,196,74,82,7500000,67,52,62,67,72,82,,,,,,,,,,,,,,,,,,,,,52,62,67,72,82
Lato,21,171,74,82,7500000,79,56,71,72,71,61,,,,,,,,,,,,,,,,,,,,,56,71,72,71,61
C. Söyüncü,23,185,74,82,7500000,63,45,52,59,74,74,,,,,,,,,,,,,,,,,,,,,45,52,59,74,74
Joaquín,23,190,74,82,7500000,67,47,61,61,72,78,,,,,,,,,,,,,,,,,,,,,47,61,61,72,78
S. Cáseres,22,177,74,82,7500000,67,56,66,70,72,72,,,,,,,,,,,,,,,,,,,,,56,66,70,72,72
M. Pongračić,21,190,74,82,7500000,64,24,52,63,73,79,,,,,,,,,,,,,,,,,,,,,24,52,63,73,79
A. Browne,24,173,74,80,7500000,74,73,68,71,69,83,,,,,,,,,,,,,,,,,,,,,73,68,71,69,83
S. Benrahma,23,172,74,80,7500000,79,70,71,77,35,50,,,,,,,,,,,,,,,,,,,,,70,71,77,35,50
O. Watkins,23,180,74,80,7500000,82,70,68,74,44,61,,,,,,,,,,,,,,,,,,,,,70,68,74,44,61
Unai López,23,170,74,80,7500000,74,69,74,77,65,63,,,,,,,,,,,,,,,,,,,,,69,74,77,65,63
Pedro Nuno,24,176,74,80,7500000,67,73,75,77,38,59,,,,,,,,,,,,,,,,,,,,,73,75,77,38,59
Francisco Geraldes,24,175,74,80,7500000,75,59,71,81,43,53,,,,,,,,,,,,,,,,,,,,,59,71,81,43,53
B. Heynen,22,182,74,80,7500000,67,63,72,72,67,70,,,,,,,,,,,,,,,,,,,,,63,72,72,67,70
Waldo,23,181,74,80,7500000,88,74,64,79,35,65,,,,,,,,,,,,,,,,,,,,,74,64,79,35,65
V. Verre,25,181,74,79,7500000,69,72,73,74,65,67,,,,,,,,,,,,,,,,,,,,,72,73,74,65,67
A. El Ghazi,24,189,74,79,7500000,76,75,68,75,32,69,,,,,,,,,,,,,,,,,,,,,75,68,75,32,69
G. Nkoudou,24,175,74,79,7500000,88,67,68,78,34,58,,,,,,,,,,,,,,,,,,,,,67,68,78,34,58
R. Martínez,25,180,74,79,7500000,81,72,62,75,35,73,,,,,,,,,,,,,,,,,,,,,72,62,75,35,73
V. Vada,23,175,74,79,7500000,62,65,74,74,67,68,,,,,,,,,,,,,,,,,,,,,65,74,74,67,68
H. Preciado,25,182,74,79,7500000,80,76,57,72,37,65,,,,,,,,,,,,,,,,,,,,,76,57,72,37,65
Gil Dias,22,183,74,79,7500000,83,67,67,81,42,62,,,,,,,,,,,,,,,,,,,,,67,67,81,42,62
R. Krunić,25,184,74,79,7500000,68,73,73,76,65,70,,,,,,,,,,,,,,,,,,,,,73,73,76,65,70
P. Ševčík,25,172,74,79,7500000,79,72,72,76,62,72,,,,,,,,,,,,,,,,,,,,,72,72,76,62,72
Vadillo,24,180,74,78,7500000,87,68,68,81,34,44,,,,,,,,,,,,,,,,,,,,,68,68,81,34,44
B. Dack,25,175,74,78,7500000,76,70,71,76,52,74,,,,,,,,,,,,,,,,,,,,,70,71,76,52,74
Iván Alejo,24,184,74,78,7500000,76,70,73,74,43,60,,,,,,,,,,,,,,,,,,,,,70,73,74,43,60
Bruno Lamas,25,176,74,78,7500000,69,66,71,74,53,61,,,,,,,,,,,,,,,,,,,,,66,71,74,53,61
Brahim,19,171,73,86,7500000,78,66,63,81,29,43,,,,,,,,,,,,,,,,,,,,,66,63,81,29,43
D. De Rossi,35,184,82,82,7000000,59,64,73,69,85,77,,,,,,,,,,,,,,,,,,,,,64,73,69,85,77
M. Parolo,34,184,81,81,7000000,64,76,76,75,79,79,,,,,,,,,,,,,,,,,,,,,76,76,75,79,79
L. Perrin,33,181,80,80,7000000,52,58,69,66,81,76,,,,,,,,,,,,,,,,,,,,,58,69,66,81,76
Charles,35,179,80,80,7000000,60,81,61,79,35,67,,,,,,,,,,,,,,,,,,,,,81,61,79,35,67
Jô,32,192,77,77,7000000,67,75,65,72,28,75,,,,,,,,,,,,,,,,,,,,,75,65,72,28,75
E. Elia,32,176,77,77,7000000,92,68,68,85,35,67,,,,,,,,,,,,,,,,,,,,,68,68,85,35,67
L. Rémy,32,185,77,77,7000000,74,77,66,73,37,68,,,,,,,,,,,,,,,,,,,,,77,66,73,37,68
N. Subotić,30,193,77,77,7000000,50,45,52,47,80,76,,,,,,,,,,,,,,,,,,,,,45,52,47,80,76
Rômulo,32,178,77,77,7000000,78,66,76,79,70,71,,,,,,,,,,,,,,,,,,,,,66,76,79,70,71
Y. El Arabi,32,182,77,77,7000000,71,78,67,82,37,66,,,,,,,,,,,,,,,,,,,,,78,67,82,37,66
Marçal,30,178,77,77,7000000,77,57,71,73,76,75,,,,,,,,,,,,,,,,,,,,,57,71,73,76,75
Nacho,30,175,77,77,7000000,84,55,66,70,75,70,,,,,,,,,,,,,,,,,,,,,55,66,70,75,70
R. Snodgrass,31,182,76,76,7000000,61,74,77,76,47,71,,,,,,,,,,,,,,,,,,,,,74,77,76,47,71
J. Cork,30,184,76,76,7000000,47,62,73,71,76,80,,,,,,,,,,,,,,,,,,,,,62,73,71,76,80
Adrián,31,183,76,76,7000000,66,76,68,81,27,62,,,,,,,,,,,,,,,,,,,,,76,68,81,27,62
F. Johnson,31,183,76,76,7000000,76,66,73,75,68,66,,,,,,,,,,,,,,,,,,,,,66,73,75,68,66
D. Biseswar,31,176,76,76,7000000,73,70,76,79,33,60,,,,,,,,,,,,,,,,,,,,,70,76,79,33,60
Ki Sung Yueng,30,189,76,76,7000000,58,72,79,74,64,69,,,,,,,,,,,,,,,,,,,,,72,79,74,64,69
D. Stephens,30,185,76,76,7000000,57,64,74,69,71,78,,,,,,,,,,,,,,,,,,,,,64,74,69,71,78
S. Terodde,31,191,76,76,7000000,56,78,55,66,38,77,,,,,,,,,,,,,,,,,,,,,78,55,66,38,77
K. Papadopoulos,27,185,76,76,7000000,52,40,47,44,76,78,,,,,,,,,,,,,,,,,,,,,40,47,44,76,78
A. Szalai,31,193,76,76,7000000,40,76,61,70,40,77,,,,,,,,,,,,,,,,,,,,,76,61,70,40,77
E. Hernández,31,171,76,76,7000000,75,72,75,78,47,60,,,,,,,,,,,,,,,,,,,,,72,75,78,47,60
L. Acosta,31,169,76,76,7000000,92,70,67,79,45,63,,,,,,,,,,,,,,,,,,,,,70,67,79,45,63
Iturraspe,30,187,76,76,7000000,44,63,72,67,76,69,,,,,,,,,,,,,,,,,,,,,63,72,67,76,69
S. Blanco,31,168,76,76,7000000,76,74,73,78,33,70,,,,,,,,,,,,,,,,,,,,,74,73,78,33,70
D. Quintero,31,166,76,76,7000000,86,73,70,81,28,65,,,,,,,,,,,,,,,,,,,,,73,70,81,28,65
D. Pabón,31,174,76,76,7000000,85,77,73,76,38,82,,,,,,,,,,,,,,,,,,,,,77,73,76,38,82
D. Boyata,28,188,76,76,7000000,68,30,51,60,74,85,,,,,,,,,,,,,,,,,,,,,30,51,60,74,85
Juan Jesus,28,185,76,76,7000000,74,33,52,60,76,78,,,,,,,,,,,,,,,,,,,,,33,52,60,76,78
A. Mena,31,168,76,76,7000000,83,72,71,78,44,48,,,,,,,,,,,,,,,,,,,,,72,71,78,44,48
Eltildo Correia,27,188,76,76,7000000,58,50,61,49,76,79,,,,,,,,,,,,,,,,,,,,,50,61,49,76,79
Emilio Piodão,27,177,76,76,7000000,74,64,69,70,74,78,,,,,,,,,,,,,,,,,,,,,64,69,70,74,78
Dênildo Stein,31,180,76,76,7000000,76,76,61,73,30,64,,,,,,,,,,,,,,,,,,,,,76,61,73,30,64
Y. Kobayashi,31,177,76,76,7000000,81,75,67,76,30,65,,,,,,,,,,,,,,,,,,,,,75,67,76,30,65
L. González Pirez,27,185,75,78,7000000,72,48,62,66,73,78,,,,,,,,,,,,,,,,,,,,,48,62,66,73,78
Clinton Mata,26,180,75,78,7000000,84,61,69,75,71,78,,,,,,,,,,,,,,,,,,,,,61,69,75,71,78
Álex Moreno,26,179,75,78,7000000,81,63,68,76,68,55,,,,,,,,,,,,,,,,,,,,,63,68,76,68,55
C. Borja,26,180,75,78,7000000,86,49,65,70,71,71,,,,,,,,,,,,,,,,,,,,,49,65,70,71,71
Rodrigo,26,176,75,78,7000000,75,61,75,75,69,75,,,,,,,,,,,,,,,,,,,,,61,75,75,69,75
J. Svensson,26,170,75,77,7000000,77,60,72,73,70,81,,,,,,,,,,,,,,,,,,,,,60,72,73,70,81
C. Biraghi,26,185,75,77,7000000,76,55,68,71,74,70,,,,,,,,,,,,,,,,,,,,,55,68,71,74,70
K. Djidji,26,184,75,77,7000000,65,32,55,65,75,71,,,,,,,,,,,,,,,,,,,,,32,55,65,75,71
J. Brenet,25,181,75,77,7000000,87,36,62,72,71,69,,,,,,,,,,,,,,,,,,,,,36,62,72,71,69
André Ramalho,27,182,75,77,7000000,47,60,66,65,75,74,,,,,,,,,,,,,,,,,,,,,60,66,65,75,74
R. Haps,26,175,75,77,7000000,89,53,66,75,69,71,,,,,,,,,,,,,,,,,,,,,53,66,75,69,71
L. Magallán,25,185,75,77,7000000,56,38,52,59,75,79,,,,,,,,,,,,,,,,,,,,,38,52,59,75,79
Jemerson,26,184,75,77,7000000,65,35,50,58,76,75,,,,,,,,,,,,,,,,,,,,,35,50,58,76,75
K. Laifis,26,186,75,77,7000000,66,63,72,67,76,74,,,,,,,,,,,,,,,,,,,,,63,72,67,76,74
C. Günter,26,185,75,76,7000000,82,48,67,69,71,79,,,,,,,,,,,,,,,,,,,,,48,67,69,71,79
J. Mojica,26,185,75,76,7000000,90,65,72,74,69,72,,,,,,,,,,,,,,,,,,,,,65,72,74,69,72
Y. Sabaly,26,173,75,76,7000000,74,38,64,75,73,69,,,,,,,,,,,,,,,,,,,,,38,64,75,73,69
C. Benteke,28,190,75,75,7000000,58,74,61,65,32,72,,,,,,,,,,,,,,,,,,,,,74,61,65,32,72
M. Braithwaite,28,177,75,75,7000000,75,74,69,76,35,75,,,,,,,,,,,,,,,,,,,,,74,69,76,35,75
M. Destro,28,182,75,75,7000000,70,72,59,74,29,62,,,,,,,,,,,,,,,,,,,,,72,59,74,29,62
J. Ayew,27,182,75,75,7000000,76,74,70,76,45,72,,,,,,,,,,,,,,,,,,,,,74,70,76,45,72
Caio,28,178,75,75,7000000,82,75,66,77,29,66,,,,,,,,,,,,,,,,,,,,,75,66,77,29,66
M. Waris,27,172,75,75,7000000,92,72,65,77,39,67,,,,,,,,,,,,,,,,,,,,,72,65,77,39,67
J. Hendrick,27,183,75,75,7000000,68,68,74,76,70,75,,,,,,,,,,,,,,,,,,,,,68,74,76,70,75
L. Teodorczyk,28,188,75,75,7000000,63,74,60,66,33,77,,,,,,,,,,,,,,,,,,,,,74,60,66,33,77
F. Santander,28,187,75,75,7000000,69,74,63,69,32,79,,,,,,,,,,,,,,,,,,,,,74,63,69,32,79
V. Eysseric,27,181,75,75,7000000,69,72,78,76,43,63,,,,,,,,,,,,,,,,,,,,,72,78,76,43,63
F. Castillo,27,174,75,75,7000000,91,70,64,82,44,66,,,,,,,,,,,,,,,,,,,,,70,64,82,44,66
A. Donnarumma,28,181,75,75,7000000,84,76,59,74,36,62,,,,,,,,,,,,,,,,,,,,,76,59,74,36,62
L. Fernández,28,178,75,75,7000000,81,75,65,72,36,72,,,,,,,,,,,,,,,,,,,,,75,65,72,36,72
D. Machís,26,174,75,75,7000000,88,74,68,79,38,67,,,,,,,,,,,,,,,,,,,,,74,68,79,38,67
R. Berić,28,188,75,75,7000000,57,76,65,67,38,72,,,,,,,,,,,,,,,,,,,,,76,65,67,38,72
A. Solari,27,176,75,75,7000000,90,63,72,75,56,75,,,,,,,,,,,,,,,,,,,,,63,72,75,56,75
S. Palacios,27,170,75,75,7000000,89,70,65,78,36,65,,,,,,,,,,,,,,,,,,,,,70,65,78,36,65
Hernâni,27,178,75,75,7000000,92,68,68,80,29,56,,,,,,,,,,,,,,,,,,,,,68,68,80,29,56
G. Carrillo,28,191,75,75,7000000,54,75,54,71,39,75,,,,,,,,,,,,,,,,,,,,,75,54,71,39,75
O. Şahiner,27,175,75,75,7000000,81,65,73,77,63,67,,,,,,,,,,,,,,,,,,,,,65,73,77,63,67
G. Giménez,27,188,75,75,7000000,62,62,75,76,66,81,,,,,,,,,,,,,,,,,,,,,62,75,76,66,81
Dani Rochelinhas,27,178,75,75,7000000,76,63,72,76,34,59,,,,,,,,,,,,,,,,,,,,,63,72,76,34,59
Fabrio Farinha,27,177,75,75,7000000,75,62,75,76,43,57,,,,,,,,,,,,,,,,,,,,,62,75,76,43,57
Allan Bardinho,27,175,75,75,7000000,67,69,73,77,35,51,,,,,,,,,,,,,,,,,,,,,69,73,77,35,51
Ailton Guevara,27,177,75,75,7000000,70,73,73,75,26,63,,,,,,,,,,,,,,,,,,,,,73,73,75,26,63
Adilson Edrada,27,176,75,75,7000000,81,71,70,75,32,55,,,,,,,,,,,,,,,,,,,,,71,70,75,32,55
Nicholas Aldair,27,187,75,75,7000000,69,75,68,71,38,76,,,,,,,,,,,,,,,,,,,,,75,68,71,38,76
Lucas Torró,24,190,74,81,7000000,60,61,65,65,74,73,,,,,,,,,,,,,,,,,,,,,61,65,65,74,73
L. Giannetti,25,184,74,81,7000000,69,33,49,49,75,77,,,,,,,,,,,,,,,,,,,,,33,49,49,75,77
Marlon,23,182,74,81,7000000,64,44,59,66,74,73,,,,,,,,,,,,,,,,,,,,,44,59,66,74,73
P. Cissé,23,197,74,81,7000000,76,32,41,42,71,84,,,,,,,,,,,,,,,,,,,,,32,41,42,71,84
T. Cardona,23,186,74,81,7000000,54,46,49,57,72,82,,,,,,,,,,,,,,,,,,,,,46,49,57,72,82
C. Awaziem,22,189,74,81,7000000,67,39,45,60,73,75,,,,,,,,,,,,,,,,,,,,,39,45,60,73,75
Pedro Rebocho,24,170,74,81,7000000,74,58,69,75,71,72,,,,,,,,,,,,,,,,,,,,,58,69,75,71,72
S. Lukić,22,183,74,81,7000000,66,60,75,77,69,68,,,,,,,,,,,,,,,,,,,,,60,75,77,69,68
J. Stephens,25,185,74,80,7000000,61,42,58,67,74,71,,,,,,,,,,,,,,,,,,,,,42,58,67,74,71
V. Cantillo,25,180,74,80,7000000,65,39,64,74,67,76,,,,,,,,,,,,,,,,,,,,,39,64,74,67,76
Walace,24,188,74,80,7000000,67,67,68,68,69,74,,,,,,,,,,,,,,,,,,,,,67,68,68,69,74
K. Adams Nuhu,24,190,74,80,7000000,66,43,55,59,72,81,,,,,,,,,,,,,,,,,,,,,43,55,59,72,81
K. Walker-Peters,22,174,74,80,7000000,76,37,66,72,72,66,,,,,,,,,,,,,,,,,,,,,37,66,72,72,66
J. Aidoo,23,180,74,80,7000000,77,25,36,45,73,85,,,,,,,,,,,,,,,,,,,,,25,36,45,73,85
Pol Lirola,21,183,74,80,7000000,79,45,68,74,72,67,,,,,,,,,,,,,,,,,,,,,45,68,74,72,67
D. Kourmpelis,25,181,74,79,7000000,75,52,63,66,73,77,,,,,,,,,,,,,,,,,,,,,52,63,66,73,77
L. Romero,25,167,74,79,7000000,74,61,69,71,70,73,,,,,,,,,,,,,,,,,,,,,61,69,71,70,73
R. Tapia,23,185,74,79,7000000,70,56,67,74,72,79,,,,,,,,,,,,,,,,,,,,,56,67,74,72,79
J. St. Juste,22,184,74,79,7000000,82,58,64,73,73,75,,,,,,,,,,,,,,,,,,,,,58,64,73,73,75
S. Prcić,25,181,74,78,7000000,63,64,75,73,68,71,,,,,,,,,,,,,,,,,,,,,64,75,73,68,71
R. Thomas,24,174,74,78,7000000,74,58,72,78,61,66,,,,,,,,,,,,,,,,,,,,,58,72,78,61,66
M. Trávník,25,174,74,78,7000000,69,69,73,75,59,64,,,,,,,,,,,,,,,,,,,,,69,73,75,59,64
J. Ananidze,26,171,74,77,7000000,75,70,73,76,39,44,,,,,,,,,,,,,,,,,,,,,70,73,76,39,44
G. Caprari,25,176,74,77,7000000,85,68,70,81,20,51,,,,,,,,,,,,,,,,,,,,,68,70,81,20,51
Y. Ayoub,25,174,74,77,7000000,69,67,75,77,67,70,,,,,,,,,,,,,,,,,,,,,67,75,77,67,70
J. Nsame,26,188,74,77,7000000,77,74,49,70,27,74,,,,,,,,,,,,,,,,,,,,,74,49,70,27,74
Rubén García,25,171,74,77,7000000,79,69,70,77,38,54,,,,,,,,,,,,,,,,,,,,,69,70,77,38,54
Iuri Medeiros,24,175,74,77,7000000,73,72,75,80,33,50,,,,,,,,,,,,,,,,,,,,,72,75,80,33,50
L. Diony,26,183,74,77,7000000,77,73,63,71,25,74,,,,,,,,,,,,,,,,,,,,,73,63,71,25,74
L. Cavallini,26,182,74,77,7000000,76,73,49,71,33,80,,,,,,,,,,,,,,,,,,,,,73,49,71,33,80
D. Rolán,26,177,74,77,7000000,76,71,71,74,43,67,,,,,,,,,,,,,,,,,,,,,71,71,74,43,67
F. Mora,25,175,74,77,7000000,81,74,55,72,27,65,,,,,,,,,,,,,,,,,,,,,74,55,72,27,65
Burgui,25,184,74,77,7000000,71,67,71,76,41,57,,,,,,,,,,,,,,,,,,,,,67,71,76,41,57
Kahraba,25,182,74,77,7000000,81,71,65,78,44,67,,,,,,,,,,,,,,,,,,,,,71,65,78,44,67
Hélder Costa,25,179,74,77,7000000,85,67,68,78,30,59,,,,,,,,,,,,,,,,,,,,,67,68,78,30,59
Ivi,25,175,74,77,7000000,78,74,70,76,43,61,,,,,,,,,,,,,,,,,,,,,74,70,76,43,61
K. Dolly,26,170,74,77,7000000,78,69,72,76,36,52,,,,,,,,,,,,,,,,,,,,,69,72,76,36,52
J. Gallardo,24,176,74,77,7000000,78,67,69,74,66,71,,,,,,,,,,,,,,,,,,,,,67,69,74,66,71
A. González,25,169,74,77,7000000,86,70,65,76,48,65,,,,,,,,,,,,,,,,,,,,,70,65,76,48,65
A. Bouzat,25,169,74,77,7000000,92,63,67,77,57,69,,,,,,,,,,,,,,,,,,,,,63,67,77,57,69
A. Bălută,25,166,74,77,7000000,87,69,68,77,42,67,,,,,,,,,,,,,,,,,,,,,69,68,77,42,67
K. Babacar,26,185,74,76,7000000,68,72,55,72,35,69,,,,,,,,,,,,,,,,,,,,,72,55,72,35,69
A. Cornelius,26,193,74,76,7000000,64,73,55,66,39,81,,,,,,,,,,,,,,,,,,,,,73,55,66,39,81
J. Ralls,25,178,74,76,7000000,64,68,73,72,68,66,,,,,,,,,,,,,,,,,,,,,68,73,72,68,66
K. Roofe,26,178,74,76,7000000,80,73,66,73,50,70,,,,,,,,,,,,,,,,,,,,,73,66,73,50,70
L. Vietto,25,175,74,76,7000000,76,73,68,76,43,61,,,,,,,,,,,,,,,,,,,,,73,68,76,43,61
J. van Overeem,25,181,74,76,7000000,70,62,72,76,61,59,,,,,,,,,,,,,,,,,,,,,62,72,76,61,59
C. González,26,183,74,76,7000000,65,74,53,67,34,71,,,,,,,,,,,,,,,,,,,,,74,53,67,34,71
João Victor,25,178,74,76,7000000,88,73,66,74,31,58,,,,,,,,,,,,,,,,,,,,,73,66,74,31,58
D. Saba,26,168,74,76,7000000,88,67,69,76,29,59,,,,,,,,,,,,,,,,,,,,,67,69,76,29,59
R. James,19,182,73,86,7000000,79,57,69,72,70,75,,,,,,,,,,,,,,,,,,,,,57,69,72,70,75
I. Akhmetov,21,173,73,85,7000000,75,58,72,76,60,51,,,,,,,,,,,,,,,,,,,,,58,72,76,60,51
M. Shaparenko,20,178,73,85,7000000,65,63,68,73,65,56,,,,,,,,,,,,,,,,,,,,,63,68,73,65,56
Puado,21,177,73,85,7000000,80,69,59,75,29,60,,,,,,,,,,,,,,,,,,,,,69,59,75,29,60
R. Kent,22,172,73,84,7000000,88,60,66,78,23,54,,,,,,,,,,,,,,,,,,,,,60,66,78,23,54
Maycon,21,173,73,84,7000000,70,67,71,70,65,68,,,,,,,,,,,,,,,,,,,,,67,71,70,65,68
I. Oblyakov,20,175,73,84,7000000,73,65,75,76,55,64,,,,,,,,,,,,,,,,,,,,,65,75,76,55,64
Óscar,21,174,73,84,7000000,65,67,72,76,49,59,,,,,,,,,,,,,,,,,,,,,67,72,76,49,59
J. Dilrosun,21,174,72,86,7000000,89,63,61,76,44,52,,,,,,,,,,,,,,,,,,,,,63,61,76,44,52
A. Claude Maurice,21,174,72,86,7000000,89,69,63,74,37,51,,,,,,,,,,,,,,,,,,,,,69,63,74,37,51
B. Soumaré,20,188,72,86,7000000,69,56,67,74,67,71,,,,,,,,,,,,,,,,,,,,,56,67,74,67,71
Pepe,36,188,84,84,6500000,67,51,57,60,85,85,,,,,,,,,,,,,,,,,,,,,51,57,60,85,85
Juiano Mestres,35,181,82,82,6500000,71,61,57,62,82,80,,,,,,,,,,,,,,,,,,,,,61,57,62,82,80
L. López,36,174,81,81,6500000,75,82,73,80,50,70,,,,,,,,,,,,,,,,,,,,,82,73,80,50,70
E. Lavezzi,34,173,79,79,6500000,84,79,78,83,40,71,,,,,,,,,,,,,,,,,,,,,79,78,83,40,71
Borja Valero,34,175,79,79,6500000,48,69,84,82,66,60,,,,,,,,,,,,,,,,,,,,,69,84,82,66,60
D. Abraham,32,188,78,78,6500000,75,56,61,52,78,77,,,,,,,,,,,,,,,,,,,,,56,61,52,78,77
Coke,32,177,78,78,6500000,74,66,71,74,78,72,,,,,,,,,,,,,,,,,,,,,66,71,74,78,72
D. Mbokani,33,185,78,78,6500000,68,75,66,77,40,76,,,,,,,,,,,,,,,,,,,,,75,66,77,40,76
C. Zapata,32,186,78,78,6500000,61,32,46,56,82,76,,,,,,,,,,,,,,,,,,,,,32,46,56,82,76
Marcelo,32,191,78,78,6500000,51,49,58,55,77,87,,,,,,,,,,,,,,,,,,,,,49,58,55,77,87
M. Cáceres,32,180,78,78,6500000,74,51,65,70,79,73,,,,,,,,,,,,,,,,,,,,,51,65,70,79,73
A. Donatti,32,192,78,78,6500000,50,60,57,54,78,79,,,,,,,,,,,,,,,,,,,,,60,57,54,78,79
M. Layún,31,178,77,77,6500000,76,72,75,75,75,69,,,,,,,,,,,,,,,,,,,,,72,75,75,75,69
Varela,31,185,77,77,6500000,67,44,54,59,76,82,,,,,,,,,,,,,,,,,,,,,44,54,59,76,82
M. Suchý,31,183,77,77,6500000,64,52,58,63,76,78,,,,,,,,,,,,,,,,,,,,,52,58,63,76,78
A. Ogbonna,31,191,77,77,6500000,58,39,58,60,79,74,,,,,,,,,,,,,,,,,,,,,39,58,60,79,74
Claudemir,31,185,77,77,6500000,62,67,74,73,73,77,,,,,,,,,,,,,,,,,,,,,67,74,73,73,77
J. Kucka,32,186,77,77,6500000,60,72,72,74,77,88,,,,,,,,,,,,,,,,,,,,,72,72,74,77,88
P. Hernández,32,185,77,77,6500000,65,71,74,72,64,75,,,,,,,,,,,,,,,,,,,,,71,74,72,64,75
Luís Neto,31,185,77,77,6500000,58,37,59,53,79,74,,,,,,,,,,,,,,,,,,,,,37,59,53,79,74
M. Casco,31,170,77,77,6500000,86,68,71,77,71,78,,,,,,,,,,,,,,,,,,,,,68,71,77,71,78
Gazzolisco,31,186,77,77,6500000,82,67,71,71,74,86,,,,,,,,,,,,,,,,,,,,,67,71,71,74,86
Vieirundinho,31,189,77,77,6500000,61,39,52,54,78,83,,,,,,,,,,,,,,,,,,,,,39,52,54,78,83
H. Kaldırım,29,183,76,76,6500000,74,56,68,71,74,72,,,,,,,,,,,,,,,,,,,,,56,68,71,74,72
J. McArthur,31,178,76,76,6500000,60,65,72,73,71,75,,,,,,,,,,,,,,,,,,,,,65,72,73,71,75
M. Fellaini,31,194,76,76,6500000,42,71,70,69,76,88,,,,,,,,,,,,,,,,,,,,,71,70,69,76,88
J. De Guzmán,31,173,76,76,6500000,66,73,79,79,54,67,,,,,,,,,,,,,,,,,,,,,73,79,79,54,67
M. Lang,28,185,76,76,6500000,68,69,68,66,76,78,,,,,,,,,,,,,,,,,,,,,69,68,66,76,78
P. van Aanholt,28,176,76,76,6500000,87,68,70,76,72,71,,,,,,,,,,,,,,,,,,,,,68,70,76,72,71
I. Radovanović,30,187,76,76,6500000,55,59,72,68,73,77,,,,,,,,,,,,,,,,,,,,,59,72,68,73,77
C. Kouyaté,29,189,76,76,6500000,69,65,61,69,76,85,,,,,,,,,,,,,,,,,,,,,65,61,69,76,85
Diogo Viana,29,174,76,76,6500000,84,65,73,78,71,65,,,,,,,,,,,,,,,,,,,,,65,73,78,71,65
A. Cresswell,29,175,76,76,6500000,71,59,73,75,74,67,,,,,,,,,,,,,,,,,,,,,59,73,75,74,67
Kiko Femenía,28,174,76,76,6500000,75,58,71,79,73,68,,,,,,,,,,,,,,,,,,,,,58,71,79,73,68
Rubén Pérez,30,178,76,76,6500000,40,56,69,65,73,74,,,,,,,,,,,,,,,,,,,,,56,69,65,73,74
T. Jantschke,29,177,76,76,6500000,58,41,64,65,77,74,,,,,,,,,,,,,,,,,,,,,41,64,65,77,74
K. Théophile-Catherine,29,183,76,76,6500000,69,50,68,64,74,78,,,,,,,,,,,,,,,,,,,,,50,68,64,74,78
A. Smith,28,180,76,76,6500000,71,60,71,74,75,69,,,,,,,,,,,,,,,,,,,,,60,71,74,75,69
M. Jajalo,31,182,76,76,6500000,66,66,74,78,73,79,,,,,,,,,,,,,,,,,,,,,66,74,78,73,79
N. Viergever,29,183,76,76,6500000,70,55,65,67,75,77,,,,,,,,,,,,,,,,,,,,,55,65,67,75,77
Montoya,28,175,76,76,6500000,77,61,71,72,73,69,,,,,,,,,,,,,,,,,,,,,61,71,72,73,69
M. Höger,29,182,76,76,6500000,51,69,72,70,74,79,,,,,,,,,,,,,,,,,,,,,69,72,70,74,79
C. Ortíz,30,175,76,76,6500000,67,57,66,73,74,77,,,,,,,,,,,,,,,,,,,,,57,66,73,74,77
C. Schindler,29,189,76,76,6500000,63,32,57,55,77,75,,,,,,,,,,,,,,,,,,,,,32,57,55,77,75
Aleix Vidal,29,177,76,76,6500000,85,66,71,78,72,71,,,,,,,,,,,,,,,,,,,,,66,71,78,72,71
J. Bořil,28,175,76,76,6500000,78,60,69,73,74,82,,,,,,,,,,,,,,,,,,,,,60,69,73,74,82
S. Sanogo,30,182,76,76,6500000,72,56,67,72,73,87,,,,,,,,,,,,,,,,,,,,,56,67,72,73,87
Toño García,29,179,76,76,6500000,84,64,74,76,71,68,,,,,,,,,,,,,,,,,,,,,64,74,76,71,68
Sequeira,28,184,76,76,6500000,70,59,68,70,74,75,,,,,,,,,,,,,,,,,,,,,59,68,70,74,75
C. Clark,29,185,75,76,6500000,52,52,53,54,76,73,,,,,,,,,,,,,,,,,,,,,52,53,54,76,73
M. Kelly,29,191,75,76,6500000,50,44,60,61,75,71,,,,,,,,,,,,,,,,,,,,,44,60,61,75,71
S. Dewaest,28,188,75,76,6500000,51,41,46,38,75,81,,,,,,,,,,,,,,,,,,,,,41,46,38,75,81
T. Kádár,29,188,75,76,6500000,70,34,65,62,76,79,,,,,,,,,,,,,,,,,,,,,34,65,62,76,79
O. Elabdellaoui,27,177,75,76,6500000,83,55,71,76,69,73,,,,,,,,,,,,,,,,,,,,,55,71,76,69,73
J. Tavernier,27,182,75,76,6500000,86,67,73,76,68,79,,,,,,,,,,,,,,,,,,,,,67,73,76,68,79
P. Dummett,27,183,75,76,6500000,66,40,63,67,76,72,,,,,,,,,,,,,,,,,,,,,40,63,67,76,72
B. Sarr,27,177,75,76,6500000,82,66,69,74,71,71,,,,,,,,,,,,,,,,,,,,,66,69,74,71,71
A. Ring,28,178,75,76,6500000,74,65,70,73,73,76,,,,,,,,,,,,,,,,,,,,,65,70,73,73,76
S. Kryvtsov,28,186,75,76,6500000,65,44,51,49,75,79,,,,,,,,,,,,,,,,,,,,,44,51,49,75,79
S. Mitrović,29,189,75,76,6500000,39,34,49,54,77,77,,,,,,,,,,,,,,,,,,,,,34,49,54,77,77
A. Hegazi,28,194,75,76,6500000,52,20,44,54,75,80,,,,,,,,,,,,,,,,,,,,,20,44,54,75,80
H. Traoré,27,175,75,76,6500000,81,54,68,75,71,69,,,,,,,,,,,,,,,,,,,,,54,68,75,71,69
Zaldúa,27,176,75,76,6500000,65,34,63,62,77,64,,,,,,,,,,,,,,,,,,,,,34,63,62,77,64
S. Sydorchuk,28,189,75,76,6500000,66,59,66,68,71,72,,,,,,,,,,,,,,,,,,,,,59,66,68,71,72
M. Wolff Eikrem,28,184,75,75,6500000,65,69,77,74,47,51,,,,,,,,,,,,,,,,,,,,,69,77,74,47,51
S. Okaka,29,186,75,75,6500000,64,72,59,70,30,82,,,,,,,,,,,,,,,,,,,,,72,59,70,30,82
O. Kamara,29,184,75,75,6500000,74,74,59,71,33,77,,,,,,,,,,,,,,,,,,,,,74,59,71,33,77
A. Taarabt,30,185,75,75,6500000,67,68,71,82,37,61,,,,,,,,,,,,,,,,,,,,,68,71,82,37,61
A. Carroll,30,193,75,75,6500000,44,77,61,67,44,80,,,,,,,,,,,,,,,,,,,,,77,61,67,44,80
Y. Sankharé,29,184,75,75,6500000,63,70,72,73,72,79,,,,,,,,,,,,,,,,,,,,,70,72,73,72,79
R. van Wolfswinkel,30,185,75,75,6500000,63,74,70,71,43,69,,,,,,,,,,,,,,,,,,,,,74,70,71,43,69
J. Allen,29,168,75,75,6500000,67,65,72,75,73,73,,,,,,,,,,,,,,,,,,,,,65,72,75,73,73
D. Gosling,29,183,75,75,6500000,55,68,73,70,70,69,,,,,,,,,,,,,,,,,,,,,68,73,70,70,69
O. Norwood,28,175,75,75,6500000,57,66,78,68,70,62,,,,,,,,,,,,,,,,,,,,,66,78,68,70,62
M. Fabián,29,171,75,75,6500000,63,75,75,78,34,63,,,,,,,,,,,,,,,,,,,,,75,75,78,34,63
A. Paloschi,29,182,75,75,6500000,69,69,58,72,28,75,,,,,,,,,,,,,,,,,,,,,69,58,72,28,75
M. Phillips,28,183,75,75,6500000,82,70,71,75,43,70,,,,,,,,,,,,,,,,,,,,,70,71,75,43,70
M. Wakaso,28,171,75,75,6500000,83,66,72,76,71,76,,,,,,,,,,,,,,,,,,,,,66,72,76,71,76
Y. Bolasie,30,188,75,75,6500000,81,69,69,79,34,75,,,,,,,,,,,,,,,,,,,,,69,69,79,34,75
Jonathas,30,190,75,75,6500000,70,75,59,68,31,77,,,,,,,,,,,,,,,,,,,,,75,59,68,31,77
J. Durmaz,30,180,75,75,6500000,70,70,75,77,34,60,,,,,,,,,,,,,,,,,,,,,70,75,77,34,60
J. Stanislas,29,183,75,75,6500000,75,70,73,75,36,55,,,,,,,,,,,,,,,,,,,,,70,73,75,36,55
A. Prijović,29,191,75,75,6500000,70,73,55,69,35,79,,,,,,,,,,,,,,,,,,,,,73,55,69,35,79
Quique,29,175,75,75,6500000,74,75,65,73,43,66,,,,,,,,,,,,,,,,,,,,,75,65,73,43,66
Y. Salibur,28,177,75,75,6500000,87,73,70,76,40,64,,,,,,,,,,,,,,,,,,,,,73,70,76,40,64
L. Júnior,28,180,75,75,6500000,88,71,63,76,34,73,,,,,,,,,,,,,,,,,,,,,71,63,76,34,73
J. Aquino,29,168,75,75,6500000,88,66,70,79,40,51,,,,,,,,,,,,,,,,,,,,,66,70,79,40,51
A. Ioniță,28,184,75,75,6500000,64,68,72,70,75,78,,,,,,,,,,,,,,,,,,,,,68,72,70,75,78
G. Charbonnier,30,188,75,75,6500000,46,74,63,74,35,72,,,,,,,,,,,,,,,,,,,,,74,63,74,35,72
H. Behrens,29,188,75,75,6500000,67,71,65,70,75,81,,,,,,,,,,,,,,,,,,,,,71,65,70,75,81
A. Potuk,28,177,75,75,6500000,79,65,71,78,52,70,,,,,,,,,,,,,,,,,,,,,65,71,78,52,70
Borja García,28,175,75,75,6500000,79,70,73,76,58,65,,,,,,,,,,,,,,,,,,,,,70,73,76,58,65
C. Austin,29,188,75,75,6500000,52,77,57,68,37,69,,,,,,,,,,,,,,,,,,,,,77,57,68,37,69
F. Jara,30,180,75,75,6500000,77,75,67,75,30,67,,,,,,,,,,,,,,,,,,,,,75,67,75,30,67
D. Drexler,29,182,75,75,6500000,75,63,72,77,40,57,,,,,,,,,,,,,,,,,,,,,63,72,77,40,57
D. Royer,29,177,75,75,6500000,83,73,68,76,48,73,,,,,,,,,,,,,,,,,,,,,73,68,76,48,73
E. Çolak,28,169,75,75,6500000,67,69,76,78,43,49,,,,,,,,,,,,,,,,,,,,,69,76,78,43,49
N. Blandi,29,181,75,75,6500000,61,76,59,70,38,67,,,,,,,,,,,,,,,,,,,,,76,59,70,38,67
Guilherme,28,174,75,75,6500000,91,66,69,77,51,65,,,,,,,,,,,,,,,,,,,,,66,69,77,51,65
L. Rupp,28,178,75,75,6500000,65,67,75,78,66,63,,,,,,,,,,,,,,,,,,,,,67,75,78,66,63
N. Chadli,29,187,75,75,6500000,71,73,74,76,47,75,,,,,,,,,,,,,,,,,,,,,73,74,76,47,75
Y. Konoplyanka,29,178,75,75,6500000,81,72,72,78,31,62,,,,,,,,,,,,,,,,,,,,,72,72,78,31,62
Recio,28,183,75,75,6500000,40,67,73,72,72,71,,,,,,,,,,,,,,,,,,,,,67,73,72,72,71
D. Nagbe,28,175,75,75,6500000,80,64,70,80,63,70,,,,,,,,,,,,,,,,,,,,,64,70,80,63,70
A. Diaby,28,172,75,75,6500000,93,71,67,75,38,63,,,,,,,,,,,,,,,,,,,,,71,67,75,38,63
Fabrício,29,183,75,75,6500000,67,76,66,76,36,77,,,,,,,,,,,,,,,,,,,,,76,66,76,36,77
V. Germain,29,180,75,75,6500000,75,75,71,73,38,67,,,,,,,,,,,,,,,,,,,,,75,71,73,38,67
F. Gutiérrez,28,170,75,75,6500000,66,70,75,76,60,65,,,,,,,,,,,,,,,,,,,,,70,75,76,60,65
A. Katai,28,182,75,75,6500000,66,75,73,77,43,67,,,,,,,,,,,,,,,,,,,,,75,73,77,43,67
Óscar Plano,28,182,75,75,6500000,81,70,74,76,54,69,,,,,,,,,,,,,,,,,,,,,70,74,76,54,69
J. Fernandes,30,183,75,75,6500000,78,74,69,77,35,75,,,,,,,,,,,,,,,,,,,,,74,69,77,35,75
L. Zuffi,29,180,75,75,6500000,66,73,80,73,71,71,,,,,,,,,,,,,,,,,,,,,73,80,73,71,71
L. Quiñones,28,178,75,75,6500000,91,70,67,77,33,62,,,,,,,,,,,,,,,,,,,,,70,67,77,33,62
J. Furch,29,187,75,75,6500000,56,75,61,66,39,79,,,,,,,,,,,,,,,,,,,,,75,61,66,39,79
K. Billiat,28,170,75,75,6500000,86,76,65,80,47,64,,,,,,,,,,,,,,,,,,,,,76,65,80,47,64
L. Tawamba,29,189,75,75,6500000,75,74,49,69,24,77,,,,,,,,,,,,,,,,,,,,,74,49,69,24,77
C. Goldson,26,191,74,79,6500000,70,37,53,63,73,78,,,,,,,,,,,,,,,,,,,,,37,53,63,73,78
F. Quignon,26,178,74,79,6500000,68,59,73,77,69,75,,,,,,,,,,,,,,,,,,,,,59,73,77,69,75
Kévin Rodrigues,25,170,74,79,6500000,71,48,69,63,72,61,,,,,,,,,,,,,,,,,,,,,48,69,63,72,61
I. Kutepov,25,192,74,79,6500000,33,47,57,47,76,74,,,,,,,,,,,,,,,,,,,,,47,57,47,76,74
R. Durmisi,25,168,74,79,6500000,79,62,72,74,70,70,,,,,,,,,,,,,,,,,,,,,62,72,74,70,70
J. O'Connell,25,191,74,79,6500000,63,37,50,55,73,78,,,,,,,,,,,,,,,,,,,,,37,50,55,73,78
I. Lichnovsky,25,188,74,79,6500000,68,40,51,60,74,75,,,,,,,,,,,,,,,,,,,,,40,51,60,74,75
J. Silva,25,178,74,79,6500000,75,60,68,72,71,74,,,,,,,,,,,,,,,,,,,,,60,68,72,71,74
B. Zungu,26,184,74,79,6500000,60,66,72,75,69,75,,,,,,,,,,,,,,,,,,,,,66,72,75,69,75
J. Alonso,26,184,74,79,6500000,69,54,61,64,71,81,,,,,,,,,,,,,,,,,,,,,54,61,64,71,81
A. Barreca,24,183,74,79,6500000,79,34,63,75,70,69,,,,,,,,,,,,,,,,,,,,,34,63,75,70,69
A. Masina,25,191,74,79,6500000,68,42,67,68,73,73,,,,,,,,,,,,,,,,,,,,,42,67,68,73,73
Caju,23,185,74,79,6500000,79,51,67,73,72,72,,,,,,,,,,,,,,,,,,,,,51,67,73,72,72
A. Touré,23,183,74,79,6500000,70,51,64,71,74,72,,,,,,,,,,,,,,,,,,,,,51,64,71,74,72
William,24,171,74,79,6500000,77,50,68,76,70,69,,,,,,,,,,,,,,,,,,,,,50,68,76,70,69
B. Gibson,26,185,74,78,6500000,59,29,48,51,75,71,,,,,,,,,,,,,,,,,,,,,29,48,51,75,71
P. Gouano,25,186,74,78,6500000,64,25,50,51,74,76,,,,,,,,,,,,,,,,,,,,,25,50,51,74,76
A. Webster,24,191,74,78,6500000,68,29,55,66,73,73,,,,,,,,,,,,,,,,,,,,,29,55,66,73,73
E. Krafth,24,181,74,78,6500000,73,52,66,70,74,71,,,,,,,,,,,,,,,,,,,,,52,66,70,74,71
Dória,24,188,74,78,6500000,61,52,52,56,73,75,,,,,,,,,,,,,,,,,,,,,52,52,56,73,75
A. Baba,24,179,74,78,6500000,78,50,66,75,72,67,,,,,,,,,,,,,,,,,,,,,50,66,75,72,67
B. Verstraete,25,175,74,78,6500000,72,58,71,69,71,74,,,,,,,,,,,,,,,,,,,,,58,71,69,71,74
Manquillo,25,178,74,78,6500000,73,44,63,72,71,66,,,,,,,,,,,,,,,,,,,,,44,63,72,71,66
T. Mings,26,196,74,78,6500000,69,44,63,65,73,78,,,,,,,,,,,,,,,,,,,,,44,63,65,73,78
J. Amavi,25,176,74,78,6500000,77,65,69,71,69,72,,,,,,,,,,,,,,,,,,,,,65,69,71,69,72
F. Hadergjonaj,24,182,74,78,6500000,79,48,68,71,70,66,,,,,,,,,,,,,,,,,,,,,48,68,71,70,66
J. Aholou,25,187,74,78,6500000,72,65,63,71,76,69,,,,,,,,,,,,,,,,,,,,,65,63,71,76,69
A. Hack,25,193,74,78,6500000,70,32,62,60,73,75,,,,,,,,,,,,,,,,,,,,,32,62,60,73,75
Pedro Sá,25,175,74,78,6500000,61,51,62,67,70,77,,,,,,,,,,,,,,,,,,,,,51,62,67,70,77
D. Hovorka,25,179,74,78,6500000,74,39,63,67,73,74,,,,,,,,,,,,,,,,,,,,,39,63,67,73,74
J. Geis,25,181,74,77,6500000,40,65,79,64,72,73,,,,,,,,,,,,,,,,,,,,,65,79,64,72,73
Lucas Silva,26,182,74,77,6500000,59,62,68,71,71,74,,,,,,,,,,,,,,,,,,,,,62,68,71,71,74
M. Agu,26,184,74,77,6500000,64,44,59,66,73,81,,,,,,,,,,,,,,,,,,,,,44,59,66,73,81
S. van Beek,24,190,74,77,6500000,62,34,56,51,75,73,,,,,,,,,,,,,,,,,,,,,34,56,51,75,73
G. Cimirot,26,178,74,77,6500000,67,67,71,73,70,70,,,,,,,,,,,,,,,,,,,,,67,71,73,70,70
Rubén Pardo,26,181,74,76,6500000,61,68,74,72,62,55,,,,,,,,,,,,,,,,,,,,,68,74,72,62,55
João Schmidt,26,183,74,76,6500000,54,67,74,71,68,73,,,,,,,,,,,,,,,,,,,,,67,74,71,68,73
F. Đuričić,27,181,74,75,6500000,73,65,72,77,42,57,,,,,,,,,,,,,,,,,,,,,65,72,77,42,57
L. Crisetig,26,183,74,75,6500000,49,51,72,72,69,73,,,,,,,,,,,,,,,,,,,,,51,72,72,69,73
S. Kittel,26,179,74,75,6500000,75,69,73,78,34,56,,,,,,,,,,,,,,,,,,,,,69,73,78,34,56
J. Schlupp,26,178,74,75,6500000,86,67,66,73,69,75,,,,,,,,,,,,,,,,,,,,,67,66,73,69,75
O. Hiljemark,27,184,74,75,6500000,65,61,73,72,63,74,,,,,,,,,,,,,,,,,,,,,61,73,72,63,74
D. Foulquier,26,183,74,75,6500000,73,60,68,75,72,73,,,,,,,,,,,,,,,,,,,,,60,68,75,72,73
S. Bahoken,27,185,74,75,6500000,80,72,57,71,24,71,,,,,,,,,,,,,,,,,,,,,72,57,71,24,71
Jairo,25,173,74,75,6500000,84,66,68,78,30,55,,,,,,,,,,,,,,,,,,,,,66,68,78,30,55
A. Ciciretti,25,170,74,75,6500000,77,68,73,75,35,49,,,,,,,,,,,,,,,,,,,,,68,73,75,35,49
J. Ferri,27,172,74,75,6500000,64,67,71,73,66,74,,,,,,,,,,,,,,,,,,,,,67,71,73,66,74
J. Damm,26,185,74,75,6500000,94,63,65,74,43,70,,,,,,,,,,,,,,,,,,,,,63,65,74,43,70
J. Ramírez,26,174,74,75,6500000,76,69,72,78,65,64,,,,,,,,,,,,,,,,,,,,,69,72,78,65,64
F. Zuqui,27,170,74,75,6500000,70,64,72,75,65,70,,,,,,,,,,,,,,,,,,,,,64,72,75,65,70
Álvaro García,26,168,74,75,6500000,93,65,66,73,30,45,,,,,,,,,,,,,,,,,,,,,65,66,73,30,45
Carlos Mané,25,173,74,75,6500000,82,71,67,79,41,48,,,,,,,,,,,,,,,,,,,,,71,67,79,41,48
S. Adamyan,26,184,74,75,6500000,76,73,64,76,37,70,,,,,,,,,,,,,,,,,,,,,73,64,76,37,70
A. Romero,26,176,74,75,6500000,78,71,59,75,24,69,,,,,,,,,,,,,,,,,,,,,71,59,75,24,69
Z. Ferhat,26,183,74,75,6500000,81,57,73,73,27,64,,,,,,,,,,,,,,,,,,,,,57,73,73,27,64
H. Martín,26,177,74,75,6500000,76,71,65,74,38,70,,,,,,,,,,,,,,,,,,,,,71,65,74,38,70
T. Goiginger,26,181,74,75,6500000,88,67,72,73,35,64,,,,,,,,,,,,,,,,,,,,,67,72,73,35,64
Fábio Martins,25,178,74,75,6500000,76,73,70,80,46,65,,,,,,,,,,,,,,,,,,,,,73,70,80,46,65
J. Zmrhal,25,189,74,75,6500000,81,70,71,72,58,66,,,,,,,,,,,,,,,,,,,,,70,71,72,58,66
G. Blanco Leschuk,27,190,74,75,6500000,68,74,47,62,36,79,,,,,,,,,,,,,,,,,,,,,74,47,62,36,79
E. Håland,18,194,73,85,6500000,81,70,55,72,35,80,,,,,,,,,,,,,,,,,,,,,70,55,72,35,80
S. Salcedo,21,183,73,84,6500000,67,35,43,52,74,75,,,,,,,,,,,,,,,,,,,,,35,43,52,74,75
A. Tuanzebe,21,185,73,84,6500000,78,35,61,69,71,74,,,,,,,,,,,,,,,,,,,,,35,61,69,71,74
T. Tomiyasu,20,188,73,84,6500000,66,28,57,63,72,76,,,,,,,,,,,,,,,,,,,,,28,57,63,72,76
M. Senesi,22,183,73,84,6500000,61,35,48,57,74,71,,,,,,,,,,,,,,,,,,,,,35,48,57,74,71
Stephen Eustáquio,22,178,73,84,6500000,61,60,72,71,68,70,,,,,,,,,,,,,,,,,,,,,60,72,71,68,70
D. Kownacki,22,187,73,83,6500000,78,70,59,70,28,70,,,,,,,,,,,,,,,,,,,,,70,59,70,28,70
J. Eggestein,21,183,73,83,6500000,72,71,67,76,40,57,,,,,,,,,,,,,,,,,,,,,71,67,76,40,57
Léo Jabá,20,178,73,83,6500000,85,68,63,74,26,63,,,,,,,,,,,,,,,,,,,,,68,63,74,26,63
D. Rossi,21,170,73,83,6500000,82,71,65,76,28,55,,,,,,,,,,,,,,,,,,,,,71,65,76,28,55
L. Majer,21,179,73,83,6500000,70,68,77,77,35,58,,,,,,,,,,,,,,,,,,,,,68,77,77,35,58
D. Okereke,21,181,73,82,6500000,91,68,55,76,26,64,,,,,,,,,,,,,,,,,,,,,68,55,76,26,64
T. Almada,18,171,72,88,6500000,86,70,66,76,37,55,,,,,,,,,,,,,,,,,,,,,70,66,76,37,55
A. Davies,18,181,72,87,6500000,91,65,61,76,55,70,,,,,,,,,,,,,,,,,,,,,65,61,76,55,70
L. Piszczek,34,184,81,81,6000000,77,68,75,73,82,78,,,,,,,,,,,,,,,,,,,,,68,75,73,82,78
N. Moisander,33,183,79,79,6000000,50,49,69,70,80,71,,,,,,,,,,,,,,,,,,,,,49,69,70,80,71
E. Pérez,33,178,79,79,6000000,67,71,76,75,75,78,,,,,,,,,,,,,,,,,,,,,71,76,75,75,78
Manu García,33,182,78,78,6000000,44,69,73,71,77,77,,,,,,,,,,,,,,,,,,,,,69,73,71,77,77
Gelson Fernandes,32,179,77,77,6000000,57,56,68,66,77,80,,,,,,,,,,,,,,,,,,,,,56,68,66,77,80
Javi García,32,186,77,77,6000000,50,62,67,68,76,82,,,,,,,,,,,,,,,,,,,,,62,67,68,76,82
A. Turan,32,177,76,76,6000000,64,73,77,77,64,66,,,,,,,,,,,,,,,,,,,,,73,77,77,64,66
M. Noble,32,177,76,76,6000000,41,67,76,73,72,70,,,,,,,,,,,,,,,,,,,,,67,76,73,72,70
M. Bradley,31,188,76,76,6000000,58,62,75,72,69,76,,,,,,,,,,,,,,,,,,,,,62,75,72,69,76
A. Hunt,32,183,76,76,6000000,65,73,75,76,44,63,,,,,,,,,,,,,,,,,,,,,73,75,76,44,63
A. Mierzejewski,32,176,76,76,6000000,73,74,73,77,45,73,,,,,,,,,,,,,,,,,,,,,74,73,77,45,73
D. Zurutuza,32,186,76,76,6000000,56,70,74,76,68,65,,,,,,,,,,,,,,,,,,,,,70,74,76,68,65
W. Reid,30,190,76,76,6000000,52,52,48,49,77,73,,,,,,,,,,,,,,,,,,,,,52,48,49,77,73
O. Toivonen,32,192,76,76,6000000,50,77,75,73,41,73,,,,,,,,,,,,,,,,,,,,,77,75,73,41,73
T. Mangani,32,183,76,76,6000000,55,69,76,71,71,73,,,,,,,,,,,,,,,,,,,,,69,76,71,71,73
C. Cathcart,30,190,76,76,6000000,40,37,57,53,77,73,,,,,,,,,,,,,,,,,,,,,37,57,53,77,73
R. Rosales,30,174,76,76,6000000,71,64,70,74,75,67,,,,,,,,,,,,,,,,,,,,,64,70,74,75,67
M. Moralez,32,158,76,76,6000000,73,71,74,77,52,50,,,,,,,,,,,,,,,,,,,,,71,74,77,52,50
Kiko Olivas,30,184,76,76,6000000,52,52,59,59,76,78,,,,,,,,,,,,,,,,,,,,,52,59,59,76,78
Júnior Caiçara,30,173,76,76,6000000,80,56,74,76,72,65,,,,,,,,,,,,,,,,,,,,,56,74,76,72,65
R. Hamouma,32,178,76,76,6000000,67,73,76,78,42,63,,,,,,,,,,,,,,,,,,,,,73,76,78,42,63
J. Martínez,32,185,76,76,6000000,67,74,62,71,39,76,,,,,,,,,,,,,,,,,,,,,74,62,71,39,76
Mexer,30,188,76,76,6000000,60,48,58,63,75,77,,,,,,,,,,,,,,,,,,,,,48,58,63,75,77
E. Gigliotti,32,187,76,76,6000000,59,78,60,68,45,77,,,,,,,,,,,,,,,,,,,,,78,60,68,45,77
F. Fernández,30,190,76,76,6000000,48,28,50,50,77,74,,,,,,,,,,,,,,,,,,,,,28,50,50,77,74
D. Siovas,30,192,76,76,6000000,32,44,56,61,74,82,,,,,,,,,,,,,,,,,,,,,44,56,61,74,82
E. Mena,30,173,76,76,6000000,78,48,69,74,73,73,,,,,,,,,,,,,,,,,,,,,48,69,74,73,73
O. Duarte,30,186,76,76,6000000,65,47,54,55,77,75,,,,,,,,,,,,,,,,,,,,,47,54,55,77,75
Zeca,30,182,75,75,6000000,75,61,71,74,73,78,,,,,,,,,,,,,,,,,,,,,61,71,74,73,78
L. De Silvestri,31,186,75,75,6000000,71,68,73,74,76,75,,,,,,,,,,,,,,,,,,,,,68,73,74,76,75
D. Buonanotte,31,161,75,75,6000000,84,67,72,79,30,39,,,,,,,,,,,,,,,,,,,,,67,72,79,30,39
K. Mitroglou,31,188,75,75,6000000,53,76,65,65,20,78,,,,,,,,,,,,,,,,,,,,,76,65,65,20,78
J. McCarthy,28,180,75,75,6000000,58,60,73,73,74,65,,,,,,,,,,,,,,,,,,,,,60,73,73,74,65
F. Caputo,31,181,75,75,6000000,84,76,58,73,29,67,,,,,,,,,,,,,,,,,,,,,76,58,73,29,67
Éder,31,190,75,75,6000000,76,73,59,67,41,79,,,,,,,,,,,,,,,,,,,,,73,59,67,41,79
M. Gulde,28,184,75,75,6000000,65,40,53,58,77,70,,,,,,,,,,,,,,,,,,,,,40,53,58,77,70
T. Arslan,28,180,75,75,6000000,73,69,74,78,71,70,,,,,,,,,,,,,,,,,,,,,69,74,78,71,70
P. Lasne,30,186,75,75,6000000,65,72,73,73,72,75,,,,,,,,,,,,,,,,,,,,,72,73,73,72,75
E. Badu,28,173,75,75,6000000,78,67,70,77,72,72,,,,,,,,,,,,,,,,,,,,,67,70,77,72,72
X. Chavalerin,28,179,75,75,6000000,67,62,72,71,68,72,,,,,,,,,,,,,,,,,,,,,62,72,71,68,72
N. Mendy,27,167,75,75,6000000,69,55,70,74,73,71,,,,,,,,,,,,,,,,,,,,,55,70,74,73,71
J. Kurtić,30,186,75,75,6000000,61,69,73,71,71,78,,,,,,,,,,,,,,,,,,,,,69,73,71,71,78
H. Soudani,31,177,75,75,6000000,72,75,69,75,43,67,,,,,,,,,,,,,,,,,,,,,75,69,75,43,67
Lucas Lima,27,179,75,75,6000000,73,57,72,73,71,71,,,,,,,,,,,,,,,,,,,,,57,72,73,71,71
A. Ademi,28,185,75,75,6000000,61,60,64,66,73,80,,,,,,,,,,,,,,,,,,,,,60,64,66,73,80
Granell,30,175,75,75,6000000,61,72,77,71,65,67,,,,,,,,,,,,,,,,,,,,,72,77,71,65,67
Silas Almeim,27,177,75,75,6000000,79,56,70,69,73,66,,,,,,,,,,,,,,,,,,,,,56,70,69,73,66
Otávio Cairinho,27,179,75,75,6000000,59,50,58,51,75,74,,,,,,,,,,,,,,,,,,,,,50,58,51,75,74
Jorginhson,27,178,75,75,6000000,72,57,68,75,76,69,,,,,,,,,,,,,,,,,,,,,57,68,75,76,69
Lafortiscinho,27,178,75,75,6000000,82,53,67,72,74,70,,,,,,,,,,,,,,,,,,,,,53,67,72,74,70
Gabrisco Aníbal,27,182,75,75,6000000,69,62,66,64,74,78,,,,,,,,,,,,,,,,,,,,,62,66,64,74,78
R. Jack,27,182,74,77,6000000,65,52,67,70,71,79,,,,,,,,,,,,,,,,,,,,,52,67,70,71,79
D. Arslanagic,26,191,74,77,6000000,55,32,57,56,73,78,,,,,,,,,,,,,,,,,,,,,32,57,56,73,78
J. Egan,26,188,74,77,6000000,65,49,50,59,73,76,,,,,,,,,,,,,,,,,,,,,49,50,59,73,76
M. Tisserand,26,190,74,77,6000000,67,59,69,68,73,76,,,,,,,,,,,,,,,,,,,,,59,69,68,73,76
Chema Rodríguez,27,189,74,77,6000000,64,59,57,60,73,73,,,,,,,,,,,,,,,,,,,,,59,57,60,73,73
K. Lawrence,26,178,74,77,6000000,88,44,59,69,71,79,,,,,,,,,,,,,,,,,,,,,44,59,69,71,79
T. Holeš,26,180,74,77,6000000,74,62,68,72,71,80,,,,,,,,,,,,,,,,,,,,,62,68,72,71,80
J. Bruma,27,190,74,76,6000000,59,53,59,57,72,80,,,,,,,,,,,,,,,,,,,,,53,59,57,72,80
Jordi Amat,27,185,74,76,6000000,65,48,53,57,73,77,,,,,,,,,,,,,,,,,,,,,48,53,57,73,77
G. Trauner,27,183,74,76,6000000,66,57,61,62,71,85,,,,,,,,,,,,,,,,,,,,,57,61,62,71,85
R. Fredericks,26,181,74,76,6000000,92,51,66,73,69,69,,,,,,,,,,,,,,,,,,,,,51,66,73,69,69
S. Falette,27,184,74,76,6000000,67,44,44,46,73,83,,,,,,,,,,,,,,,,,,,,,44,44,46,73,83
F. Helander,26,192,74,76,6000000,47,33,44,53,76,74,,,,,,,,,,,,,,,,,,,,,33,44,53,76,74
D. Dessoleil,26,188,74,76,6000000,54,46,52,47,75,76,,,,,,,,,,,,,,,,,,,,,46,52,47,75,76
T. Letschert,26,188,74,76,6000000,62,58,64,61,72,77,,,,,,,,,,,,,,,,,,,,,58,64,61,72,77
Diego Rico,26,183,74,76,6000000,72,58,69,67,73,73,,,,,,,,,,,,,,,,,,,,,58,69,67,73,73
B. Valdez,26,183,74,76,6000000,65,36,55,53,72,78,,,,,,,,,,,,,,,,,,,,,36,55,53,72,78
Maurício,27,183,74,76,6000000,63,43,54,51,72,78,,,,,,,,,,,,,,,,,,,,,43,54,51,72,78
G. Shinnie,27,175,74,75,6000000,77,42,68,69,71,79,,,,,,,,,,,,,,,,,,,,,42,68,69,71,79
F. Viviani,27,180,74,75,6000000,63,70,75,75,71,69,,,,,,,,,,,,,,,,,,,,,70,75,75,71,69
G. Töre,27,176,74,74,6000000,80,68,74,78,43,71,,,,,,,,,,,,,,,,,,,,,68,74,78,43,71
C. Clemens,27,179,74,74,6000000,77,69,72,72,51,68,,,,,,,,,,,,,,,,,,,,,69,72,72,51,68
B. Dabo,27,186,74,74,6000000,64,67,71,73,73,78,,,,,,,,,,,,,,,,,,,,,67,71,73,73,78
L. Hinterseer,28,192,74,74,6000000,63,74,65,69,44,75,,,,,,,,,,,,,,,,,,,,,74,65,69,44,75
N. De Préville,28,177,74,74,6000000,76,72,72,75,36,66,,,,,,,,,,,,,,,,,,,,,72,72,75,36,66
L. Krejčí,26,178,74,74,6000000,78,68,75,76,50,57,,,,,,,,,,,,,,,,,,,,,68,75,76,50,57
L. Griffiths,28,174,74,74,6000000,79,74,64,71,24,70,,,,,,,,,,,,,,,,,,,,,74,64,71,24,70
T. Bifouma,27,180,74,74,6000000,93,71,63,77,29,70,,,,,,,,,,,,,,,,,,,,,71,63,77,29,70
C. Atsu,27,165,74,74,6000000,86,67,68,77,34,45,,,,,,,,,,,,,,,,,,,,,67,68,77,34,45
R. Ghezzal,27,182,74,74,6000000,72,68,74,78,28,58,,,,,,,,,,,,,,,,,,,,,68,74,78,28,58
F. Niederlechner,28,187,74,74,6000000,70,75,57,69,35,77,,,,,,,,,,,,,,,,,,,,,75,57,69,35,77
A. Ricaurte,27,182,74,74,6000000,68,59,77,71,64,74,,,,,,,,,,,,,,,,,,,,,59,77,71,64,74
L. Villafañez,27,169,74,74,6000000,77,67,73,77,34,50,,,,,,,,,,,,,,,,,,,,,67,73,77,34,50
L. Zelarayán,27,172,74,74,6000000,73,67,74,77,45,62,,,,,,,,,,,,,,,,,,,,,67,74,77,45,62
A. Chávez,28,184,74,74,6000000,75,75,65,70,36,81,,,,,,,,,,,,,,,,,,,,,75,65,70,36,81
Sabin Merino,27,187,74,74,6000000,72,72,70,75,56,59,,,,,,,,,,,,,,,,,,,,,72,70,75,56,59
Hélton Celanova,27,180,74,74,6000000,55,76,60,66,22,73,,,,,,,,,,,,,,,,,,,,,76,60,66,22,73
Erick Gameira,27,180,74,74,6000000,83,72,58,74,29,59,,,,,,,,,,,,,,,,,,,,,72,58,74,29,59
Jadson Vidigal,27,175,74,74,6000000,79,76,57,63,23,69,,,,,,,,,,,,,,,,,,,,,76,57,63,23,69
Nuno da Costa,28,182,74,74,6000000,78,72,64,77,26,61,,,,,,,,,,,,,,,,,,,,,72,64,77,26,61
J. Kayamba,27,170,74,74,6000000,88,67,68,79,28,52,,,,,,,,,,,,,,,,,,,,,67,68,79,28,52
Pedro Porro,19,176,73,84,6000000,76,61,66,76,69,62,,,,,,,,,,,,,,,,,,,,,61,66,76,69,62
Fede,22,176,73,83,6000000,64,55,66,65,70,76,,,,,,,,,,,,,,,,,,,,,55,66,65,70,76
J. Gélin,22,183,73,83,6000000,62,36,59,62,72,72,,,,,,,,,,,,,,,,,,,,,36,59,62,72,72
R. van Drongelen,20,185,73,83,6000000,66,25,58,51,73,74,,,,,,,,,,,,,,,,,,,,,25,58,51,73,74
M. Camara,22,180,73,83,6000000,67,60,63,70,72,83,,,,,,,,,,,,,,,,,,,,,60,63,70,72,83
M. Mittelstädt,22,180,73,82,6000000,77,57,69,75,68,62,,,,,,,,,,,,,,,,,,,,,57,69,75,68,62
A. Ćorić,22,176,73,82,6000000,69,66,71,76,40,52,,,,,,,,,,,,,,,,,,,,,66,71,76,40,52
M. Pereira Lage,22,180,73,82,6000000,80,69,72,73,43,66,,,,,,,,,,,,,,,,,,,,,69,72,73,43,66
S. Grandsir,22,170,73,82,6000000,87,61,70,76,44,63,,,,,,,,,,,,,,,,,,,,,61,70,76,44,63
M. Richter,21,176,73,82,6000000,82,69,62,77,27,60,,,,,,,,,,,,,,,,,,,,,69,62,77,27,60
J. Savarino,22,169,73,82,6000000,82,70,66,77,37,63,,,,,,,,,,,,,,,,,,,,,70,66,77,37,63
N. De la Cruz,22,167,73,82,6000000,78,65,70,75,46,49,,,,,,,,,,,,,,,,,,,,,65,70,75,46,49
L. Boyé,23,183,73,81,6000000,71,67,66,78,42,73,,,,,,,,,,,,,,,,,,,,,67,66,78,42,73
N. Fernández,23,165,73,81,6000000,86,71,62,76,31,55,,,,,,,,,,,,,,,,,,,,,71,62,76,31,55
L. Haraslín,23,182,73,81,6000000,84,62,67,75,40,66,,,,,,,,,,,,,,,,,,,,,62,67,75,40,66
A. Donis,22,178,73,81,6000000,87,71,57,79,25,65,,,,,,,,,,,,,,,,,,,,,71,57,79,25,65
M. Cafaro,22,170,73,81,6000000,75,68,72,76,44,61,,,,,,,,,,,,,,,,,,,,,68,72,76,44,61
Mama Baldé,23,181,73,81,6000000,89,70,64,73,65,76,,,,,,,,,,,,,,,,,,,,,70,64,73,65,76
T. Bašić,22,189,73,81,6000000,54,60,74,71,67,65,,,,,,,,,,,,,,,,,,,,,60,74,71,67,65
Y. Verschaeren,17,172,72,87,6000000,70,63,70,78,39,53,,,,,,,,,,,,,,,,,,,,,63,70,78,39,53
R. Nelson,19,175,72,85,6000000,88,65,60,79,34,47,,,,,,,,,,,,,,,,,,,,,65,60,79,34,47
Jota,20,175,72,85,6000000,85,64,65,79,32,50,,,,,,,,,,,,,,,,,,,,,64,65,79,32,50
D. Lainez,19,167,72,85,6000000,84,63,64,79,47,53,,,,,,,,,,,,,,,,,,,,,63,64,79,47,53
Tete,19,175,72,85,6000000,83,60,65,79,29,58,,,,,,,,,,,,,,,,,,,,,60,65,79,29,58
J. Mathieu,35,189,81,81,5500000,68,64,73,62,83,81,,,,,,,,,,,,,,,,,,,,,64,73,62,83,81
José Fonte,35,187,81,81,5500000,36,38,54,60,81,76,,,,,,,,,,,,,,,,,,,,,38,54,60,81,76
Jorge Molina,37,188,80,80,5500000,39,83,67,70,41,70,,,,,,,,,,,,,,,,,,,,,83,67,70,41,70
M. Debuchy,33,176,79,79,5500000,69,67,73,75,78,73,,,,,,,,,,,,,,,,,,,,,67,73,75,78,73
Nacho Monreal,33,180,79,79,5500000,63,61,71,74,80,68,,,,,,,,,,,,,,,,,,,,,61,71,74,80,68
Mariano,33,177,79,79,5500000,82,64,75,76,71,76,,,,,,,,,,,,,,,,,,,,,64,75,76,71,76
Raffael,34,174,78,78,5500000,62,76,80,84,44,62,,,,,,,,,,,,,,,,,,,,,76,80,84,44,62
G. Pellè,33,193,77,77,5500000,48,76,64,63,34,85,,,,,,,,,,,,,,,,,,,,,76,64,63,34,85
S. De Maio,32,190,77,77,5500000,57,33,38,54,79,79,,,,,,,,,,,,,,,,,,,,,33,38,54,79,79
P. Aguilar,32,180,77,77,5500000,63,52,53,56,77,78,,,,,,,,,,,,,,,,,,,,,52,53,56,77,78
Arbilla,32,178,77,77,5500000,59,56,71,67,75,76,,,,,,,,,,,,,,,,,,,,,56,71,67,75,76
F. Lustenberger,31,180,76,76,5500000,58,37,60,65,78,70,,,,,,,,,,,,,,,,,,,,,37,60,65,78,70
M. Schmelzer,31,181,76,76,5500000,74,48,67,66,76,76,,,,,,,,,,,,,,,,,,,,,48,67,66,76,76
Raúl Navas,31,186,76,76,5500000,37,45,58,46,77,65,,,,,,,,,,,,,,,,,,,,,45,58,46,77,65
Y. Abdelhamid,31,190,76,76,5500000,36,29,55,63,76,78,,,,,,,,,,,,,,,,,,,,,29,55,63,76,78
G. González,31,186,76,76,5500000,65,45,49,60,78,74,,,,,,,,,,,,,,,,,,,,,45,49,60,78,74
Alexo Baia,31,175,76,76,5500000,76,48,69,75,74,70,,,,,,,,,,,,,,,,,,,,,48,69,75,74,70
Juli Freitinho,31,192,76,76,5500000,47,46,56,53,75,79,,,,,,,,,,,,,,,,,,,,,46,56,53,75,79
Andeson Trigo,31,175,76,76,5500000,85,63,75,77,71,72,,,,,,,,,,,,,,,,,,,,,63,75,77,71,72
Davi Parrela,31,191,76,76,5500000,64,40,54,51,76,78,,,,,,,,,,,,,,,,,,,,,40,54,51,76,78
Rafael Cachoira,31,188,76,76,5500000,55,40,58,59,77,76,,,,,,,,,,,,,,,,,,,,,40,58,59,77,76
C. Erkin,30,181,75,75,5500000,79,73,75,79,69,74,,,,,,,,,,,,,,,,,,,,,73,75,79,69,74
S. Kums,31,175,75,75,5500000,58,66,76,74,70,68,,,,,,,,,,,,,,,,,,,,,66,76,74,70,68
M. Harnik,32,186,75,75,5500000,72,74,68,72,46,76,,,,,,,,,,,,,,,,,,,,,74,68,72,46,76
W. Vainqueur,30,179,75,75,5500000,65,57,67,71,72,81,,,,,,,,,,,,,,,,,,,,,57,67,71,72,81
O. Akhmedov,31,181,75,75,5500000,70,71,72,71,71,72,,,,,,,,,,,,,,,,,,,,,71,72,71,71,72
H. Nordtveit,29,188,75,75,5500000,49,53,71,65,75,75,,,,,,,,,,,,,,,,,,,,,53,71,65,75,75
J. Hogg,30,176,75,75,5500000,67,55,65,68,75,79,,,,,,,,,,,,,,,,,,,,,55,65,68,75,79
L. Koné,30,189,75,75,5500000,56,38,50,56,74,79,,,,,,,,,,,,,,,,,,,,,38,50,56,74,79
M. Darmian,29,182,75,75,5500000,69,58,66,73,77,67,,,,,,,,,,,,,,,,,,,,,58,66,73,77,67
K. Gibbs,29,179,75,75,5500000,77,56,69,73,73,71,,,,,,,,,,,,,,,,,,,,,56,69,73,73,71
M. Ritchie,29,172,75,75,5500000,73,74,76,76,65,69,,,,,,,,,,,,,,,,,,,,,74,76,76,65,69
B. Espinosa,29,192,75,75,5500000,45,44,59,50,73,76,,,,,,,,,,,,,,,,,,,,,44,59,50,73,76
J. Hernández,30,171,75,75,5500000,68,60,71,69,70,78,,,,,,,,,,,,,,,,,,,,,60,71,69,70,78
V. Vasin,30,192,75,75,5500000,67,41,58,45,75,78,,,,,,,,,,,,,,,,,,,,,41,58,45,75,78
D. Brosinski,30,178,75,75,5500000,76,60,72,73,72,69,,,,,,,,,,,,,,,,,,,,,60,72,73,72,69
João Aurélio,30,182,75,75,5500000,62,62,72,73,75,75,,,,,,,,,,,,,,,,,,,,,62,72,73,75,75
B. Oczipka,30,185,75,75,5500000,67,59,72,71,74,75,,,,,,,,,,,,,,,,,,,,,59,72,71,74,75
D. Santon,28,187,75,75,5500000,67,58,71,73,74,69,,,,,,,,,,,,,,,,,,,,,58,71,73,74,69
D. Le Tallec,29,187,75,75,5500000,67,62,66,70,76,75,,,,,,,,,,,,,,,,,,,,,62,66,70,76,75
Dídac Vilà,30,185,75,75,5500000,71,51,68,72,73,75,,,,,,,,,,,,,,,,,,,,,51,68,72,73,75
M. Yoshida,30,189,75,75,5500000,55,41,51,63,76,72,,,,,,,,,,,,,,,,,,,,,41,51,63,76,72
L. Rodríguez,28,177,75,75,5500000,85,61,70,74,71,74,,,,,,,,,,,,,,,,,,,,,61,70,74,71,74
H. Badstuber,30,190,75,75,5500000,35,50,70,54,77,67,,,,,,,,,,,,,,,,,,,,,50,70,54,77,67
M. Gonalons,30,187,75,75,5500000,52,61,68,69,75,75,,,,,,,,,,,,,,,,,,,,,61,68,69,75,75
P. Bargfrede,30,174,75,75,5500000,66,58,68,69,75,72,,,,,,,,,,,,,,,,,,,,,58,68,69,75,72
C. Dawson,29,188,75,75,5500000,62,43,58,60,75,77,,,,,,,,,,,,,,,,,,,,,43,58,60,75,77
Ximo Navarro,29,176,75,75,5500000,75,47,66,68,74,77,,,,,,,,,,,,,,,,,,,,,47,66,68,74,77
D. D'Ambrosio,30,180,75,75,5500000,68,55,65,71,78,70,,,,,,,,,,,,,,,,,,,,,55,65,71,78,70
M. Lowton,30,181,75,75,5500000,67,61,73,73,75,74,,,,,,,,,,,,,,,,,,,,,61,73,73,75,74
J. Schmid,29,179,75,75,5500000,76,64,74,75,69,75,,,,,,,,,,,,,,,,,,,,,64,74,75,69,75
T. Chandler,29,186,75,75,5500000,72,61,69,69,75,79,,,,,,,,,,,,,,,,,,,,,61,69,69,75,79
F. Novák,29,184,75,75,5500000,79,65,69,73,73,75,,,,,,,,,,,,,,,,,,,,,65,69,73,73,75
Luís Hernández,30,183,75,75,5500000,67,49,65,64,75,74,,,,,,,,,,,,,,,,,,,,,49,65,64,75,74
A. Hurtado,32,172,75,75,5500000,91,73,68,79,47,70,,,,,,,,,,,,,,,,,,,,,73,68,79,47,70
D. Torres,29,183,75,75,5500000,53,61,68,69,72,79,,,,,,,,,,,,,,,,,,,,,61,68,69,72,79
Postigo,30,185,75,75,5500000,57,43,54,57,76,76,,,,,,,,,,,,,,,,,,,,,43,54,57,76,76
E. Mas,30,180,75,75,5500000,78,61,67,72,71,80,,,,,,,,,,,,,,,,,,,,,61,67,72,71,80
B. Bianchi,30,183,75,75,5500000,57,35,55,59,76,75,,,,,,,,,,,,,,,,,,,,,35,55,59,76,75
J. Buffarini,30,170,75,75,5500000,87,62,66,73,69,81,,,,,,,,,,,,,,,,,,,,,62,66,73,69,81
André Simões,29,177,75,75,5500000,77,68,71,74,74,72,,,,,,,,,,,,,,,,,,,,,68,71,74,74,72
Daniel Ayala,28,190,74,76,5500000,66,41,52,65,74,78,,,,,,,,,,,,,,,,,,,,,41,52,65,74,78
E. Dilaver,28,184,74,76,5500000,71,46,59,61,74,76,,,,,,,,,,,,,,,,,,,,,46,59,61,74,76
L. Cooper,27,188,74,75,5500000,51,35,54,58,74,77,,,,,,,,,,,,,,,,,,,,,35,54,58,74,77
S. Bell,27,192,74,75,5500000,48,38,53,49,76,75,,,,,,,,,,,,,,,,,,,,,38,53,49,76,75
T. Sainsbury,27,184,74,75,5500000,74,48,62,58,76,73,,,,,,,,,,,,,,,,,,,,,48,62,58,76,73
E. Sviatchenko,27,184,74,75,5500000,58,50,58,55,73,78,,,,,,,,,,,,,,,,,,,,,50,58,55,73,78
F. Hübner,28,193,74,75,5500000,53,43,48,44,77,72,,,,,,,,,,,,,,,,,,,,,43,48,44,77,72
T. Delaine,27,180,74,75,5500000,83,50,71,73,67,78,,,,,,,,,,,,,,,,,,,,,50,71,73,67,78
E. Durm,27,183,74,75,5500000,76,53,65,68,72,70,,,,,,,,,,,,,,,,,,,,,53,65,68,72,70
C. Lema,29,191,74,75,5500000,33,47,54,38,74,81,,,,,,,,,,,,,,,,,,,,,47,54,38,74,81
G. Ferrari,27,189,74,75,5500000,55,27,39,48,76,71,,,,,,,,,,,,,,,,,,,,,27,39,48,76,71
M. Trauco,26,175,74,75,5500000,68,49,73,75,71,79,,,,,,,,,,,,,,,,,,,,,49,73,75,71,79
S. Sinclair,30,178,74,74,5500000,88,72,65,76,41,65,,,,,,,,,,,,,,,,,,,,,72,65,76,41,65
Joselu,29,192,74,74,5500000,54,73,64,69,30,67,,,,,,,,,,,,,,,,,,,,,73,64,69,30,67
Bojan,28,170,74,74,5500000,70,69,73,75,27,41,,,,,,,,,,,,,,,,,,,,,69,73,75,27,41
H. Saivet,28,174,74,74,5500000,68,70,74,75,64,64,,,,,,,,,,,,,,,,,,,,,70,74,75,64,64
B. Bannan,29,169,74,74,5500000,64,64,76,75,49,53,,,,,,,,,,,,,,,,,,,,,64,76,75,49,53
Sergio Tejera,29,180,74,74,5500000,69,69,74,72,68,76,,,,,,,,,,,,,,,,,,,,,69,74,72,68,76
H. Arter,29,176,74,74,5500000,59,69,72,70,67,72,,,,,,,,,,,,,,,,,,,,,69,72,70,67,72
J. Russell,29,178,74,74,5500000,78,73,70,75,48,77,,,,,,,,,,,,,,,,,,,,,73,70,75,48,77
Dentinho,30,176,74,74,5500000,77,68,67,76,48,71,,,,,,,,,,,,,,,,,,,,,68,67,76,48,71
A. N'Diaye,29,189,74,74,5500000,71,63,71,70,71,83,,,,,,,,,,,,,,,,,,,,,63,71,70,71,83
M. Risse,29,183,74,74,5500000,74,75,72,73,66,66,,,,,,,,,,,,,,,,,,,,,75,72,73,66,66
J. Hoilett,29,173,74,74,5500000,87,71,69,77,35,64,,,,,,,,,,,,,,,,,,,,,71,69,77,35,64
M. Ekici,29,180,74,74,5500000,65,72,75,74,54,63,,,,,,,,,,,,,,,,,,,,,72,75,74,54,63
J. Hušbauer,29,182,74,74,5500000,63,72,76,73,58,66,,,,,,,,,,,,,,,,,,,,,72,76,73,58,66
Renatinho,30,167,74,74,5500000,77,72,69,80,37,65,,,,,,,,,,,,,,,,,,,,,72,69,80,37,65
M. Caraglio,30,187,74,74,5500000,46,76,61,69,27,81,,,,,,,,,,,,,,,,,,,,,76,61,69,27,81
J. Obi,28,176,74,74,5500000,76,68,71,78,72,71,,,,,,,,,,,,,,,,,,,,,68,71,78,72,71
D. Sakho,29,184,74,74,5500000,71,73,58,71,32,72,,,,,,,,,,,,,,,,,,,,,73,58,71,32,72
C. Hourihane,28,181,74,74,5500000,65,69,75,69,65,74,,,,,,,,,,,,,,,,,,,,,69,75,69,65,74
M. Leckie,28,181,74,74,5500000,88,68,66,74,55,74,,,,,,,,,,,,,,,,,,,,,68,66,74,55,74
J. Toornstra,30,178,74,74,5500000,65,75,75,71,58,74,,,,,,,,,,,,,,,,,,,,,75,75,71,58,74
Leandro Damião,29,187,74,74,5500000,59,76,56,69,35,78,,,,,,,,,,,,,,,,,,,,,76,56,69,35,78
R. Amalfitano,29,175,74,74,5500000,60,59,70,72,68,59,,,,,,,,,,,,,,,,,,,,,59,70,72,68,59
I. Nestorovski,29,182,74,74,5500000,71,74,53,71,35,79,,,,,,,,,,,,,,,,,,,,,74,53,71,35,79
A. Christiansen,29,174,74,74,5500000,74,70,70,75,63,71,,,,,,,,,,,,,,,,,,,,,70,70,75,63,71
Alan Patrick,28,178,74,74,5500000,75,71,73,78,53,59,,,,,,,,,,,,,,,,,,,,,71,73,78,53,59
Camilo,30,169,74,74,5500000,78,74,67,76,34,65,,,,,,,,,,,,,,,,,,,,,74,67,76,34,65
C. Ciano,29,176,74,74,5500000,80,73,73,77,28,62,,,,,,,,,,,,,,,,,,,,,73,73,77,28,62
T. Serero,29,172,74,74,5500000,80,49,69,78,67,57,,,,,,,,,,,,,,,,,,,,,49,69,78,67,57
Juan Carlos,28,183,74,74,5500000,67,67,72,73,51,58,,,,,,,,,,,,,,,,,,,,,67,72,73,51,58
Y. Yotún,29,173,74,74,5500000,65,63,76,74,64,71,,,,,,,,,,,,,,,,,,,,,63,76,74,64,71
L. Melgarejo,28,177,74,74,5500000,84,69,66,76,55,69,,,,,,,,,,,,,,,,,,,,,69,66,76,55,69
Diego Oliveira,29,179,74,74,5500000,75,72,64,70,39,74,,,,,,,,,,,,,,,,,,,,,72,64,70,39,74
J. Kopic,29,179,74,74,5500000,80,69,70,76,40,60,,,,,,,,,,,,,,,,,,,,,69,70,76,40,60
Pedro Henrique,29,181,74,74,5500000,84,68,69,78,31,55,,,,,,,,,,,,,,,,,,,,,68,69,78,31,55
Jozabed,28,180,74,74,5500000,59,71,73,72,57,64,,,,,,,,,,,,,,,,,,,,,71,73,72,57,64
A. Chumacero,28,164,74,74,5500000,72,68,73,74,64,74,,,,,,,,,,,,,,,,,,,,,68,73,74,64,74
A. Hahn,28,185,74,74,5500000,72,76,67,66,55,83,,,,,,,,,,,,,,,,,,,,,76,67,66,55,83
D. Lazović,28,181,74,74,5500000,86,64,71,76,47,47,,,,,,,,,,,,,,,,,,,,,64,71,76,47,47
F. Pardo,28,178,74,74,5500000,81,75,71,74,38,80,,,,,,,,,,,,,,,,,,,,,75,71,74,38,80
S. Romero,30,177,74,74,5500000,68,74,68,74,38,66,,,,,,,,,,,,,,,,,,,,,74,68,74,38,66
B. Alemán,29,176,74,74,5500000,74,72,75,74,66,71,,,,,,,,,,,,,,,,,,,,,72,75,74,66,71
C. Rius,30,171,74,74,5500000,81,65,72,76,54,72,,,,,,,,,,,,,,,,,,,,,65,72,76,54,72
R. Botta,29,175,74,74,5500000,78,71,73,75,37,65,,,,,,,,,,,,,,,,,,,,,71,73,75,37,65
Edgar Méndez,28,188,74,74,5500000,79,71,70,70,43,77,,,,,,,,,,,,,,,,,,,,,71,70,70,43,77
Eraso,29,180,74,74,5500000,53,71,72,69,58,74,,,,,,,,,,,,,,,,,,,,,71,72,69,58,74
N. Silva,29,163,74,74,5500000,89,62,69,78,23,41,,,,,,,,,,,,,,,,,,,,,62,69,78,23,41
Salvi Sánchez,28,175,74,74,5500000,91,63,70,72,38,54,,,,,,,,,,,,,,,,,,,,,63,70,72,38,54
Carlitos,29,176,74,74,5500000,82,73,68,76,26,71,,,,,,,,,,,,,,,,,,,,,73,68,76,26,71
E. Sarić,28,180,74,74,5500000,74,63,69,72,69,72,,,,,,,,,,,,,,,,,,,,,63,69,72,69,72
Lyanco,22,187,73,82,5500000,59,36,52,58,72,70,,,,,,,,,,,,,,,,,,,,,36,52,58,72,70
Álvaro Tejero,22,174,73,82,5500000,80,60,70,76,66,65,,,,,,,,,,,,,,,,,,,,,60,70,76,66,65
R. Rojas,23,176,73,82,5500000,73,54,63,67,71,75,,,,,,,,,,,,,,,,,,,,,54,63,67,71,75
M. Friedrich,23,192,73,81,5500000,61,36,56,49,74,70,,,,,,,,,,,,,,,,,,,,,36,56,49,74,70
B. Kuscevic,23,185,73,81,5500000,70,41,54,59,72,77,,,,,,,,,,,,,,,,,,,,,41,54,59,72,77
C. Montes,22,191,73,81,5500000,62,38,59,59,72,77,,,,,,,,,,,,,,,,,,,,,38,59,59,72,77
M. Wöber,21,189,73,81,5500000,71,37,61,63,72,76,,,,,,,,,,,,,,,,,,,,,37,61,63,72,76
T. Fosu-Mensah,21,185,73,81,5500000,83,60,64,65,71,76,,,,,,,,,,,,,,,,,,,,,60,64,65,71,76
Gabriel,21,190,73,81,5500000,58,35,51,52,72,75,,,,,,,,,,,,,,,,,,,,,35,51,52,72,75
C. Mepham,21,191,73,81,5500000,62,33,53,60,72,73,,,,,,,,,,,,,,,,,,,,,33,53,60,72,73
S. Alakouch,20,175,73,81,5500000,75,35,67,69,71,60,,,,,,,,,,,,,,,,,,,,,35,67,69,71,60
Pau Torres,22,191,73,81,5500000,64,34,58,58,74,70,,,,,,,,,,,,,,,,,,,,,34,58,58,74,70
Y. Benzia,24,178,73,80,5500000,70,71,70,75,45,63,,,,,,,,,,,,,,,,,,,,,71,70,75,45,63
M. Stępiński,24,183,73,80,5500000,71,70,59,71,37,64,,,,,,,,,,,,,,,,,,,,,70,59,71,37,64
R. Bazoer,22,184,73,80,5500000,74,64,72,75,63,73,,,,,,,,,,,,,,,,,,,,,64,72,75,63,73
C. Akpom,23,186,73,80,5500000,84,70,54,70,28,70,,,,,,,,,,,,,,,,,,,,,70,54,70,28,70
B. Celina,22,181,73,80,5500000,76,70,69,75,26,59,,,,,,,,,,,,,,,,,,,,,70,69,75,26,59
B. Mensah,24,180,73,80,5500000,79,69,70,75,63,65,,,,,,,,,,,,,,,,,,,,,69,70,75,63,65
P. Olayinka,23,188,73,80,5500000,81,68,68,72,40,75,,,,,,,,,,,,,,,,,,,,,68,68,72,40,75
K. Iheanacho,22,183,73,80,5500000,78,71,64,75,28,67,,,,,,,,,,,,,,,,,,,,,71,64,75,28,67
Roger Guedes,22,184,73,80,5500000,82,69,70,78,31,64,,,,,,,,,,,,,,,,,,,,,69,70,78,31,64
André Horta,22,175,73,80,5500000,71,64,73,77,63,66,,,,,,,,,,,,,,,,,,,,,64,73,77,63,66
F. Soldano,24,178,73,80,5500000,69,72,51,69,39,70,,,,,,,,,,,,,,,,,,,,,72,51,69,39,70
J. Cádiz,23,191,73,80,5500000,67,69,52,70,31,75,,,,,,,,,,,,,,,,,,,,,69,52,70,31,75
Luca Sangalli,24,167,73,80,5500000,72,64,70,75,61,63,,,,,,,,,,,,,,,,,,,,,64,70,75,61,63
G. Zahid,24,174,73,79,5500000,78,63,69,75,35,65,,,,,,,,,,,,,,,,,,,,,63,69,75,35,65
H. Mukhtar,24,173,73,79,5500000,79,63,70,78,44,59,,,,,,,,,,,,,,,,,,,,,63,70,78,44,59
A. Sørloth,23,194,73,79,5500000,73,72,65,66,35,80,,,,,,,,,,,,,,,,,,,,,72,65,66,35,80
O. Ntcham,23,180,73,79,5500000,74,66,72,73,68,75,,,,,,,,,,,,,,,,,,,,,66,72,73,68,75
I. Success,23,182,73,79,5500000,75,69,65,76,35,66,,,,,,,,,,,,,,,,,,,,,69,65,76,35,66
D. Blanco,24,167,73,79,5500000,81,63,71,81,58,66,,,,,,,,,,,,,,,,,,,,,63,71,81,58,66
S. Mounié,24,190,73,79,5500000,65,71,61,65,42,78,,,,,,,,,,,,,,,,,,,,,71,61,65,42,78
Arana,22,176,73,79,5500000,75,61,70,74,68,66,,,,,,,,,,,,,,,,,,,,,61,70,74,68,66
G. Kerk,23,175,73,79,5500000,93,69,61,74,32,70,,,,,,,,,,,,,,,,,,,,,69,61,74,32,70
Murilo,24,178,73,79,5500000,90,70,64,77,25,63,,,,,,,,,,,,,,,,,,,,,70,64,77,25,63
A. De Sart,22,180,73,79,5500000,59,65,72,70,70,68,,,,,,,,,,,,,,,,,,,,,65,72,70,70,68
D. Kamada,22,184,73,79,5500000,75,69,71,76,36,60,,,,,,,,,,,,,,,,,,,,,69,71,76,36,60
Álvaro Jiménez,24,176,73,79,5500000,79,69,68,73,46,64,,,,,,,,,,,,,,,,,,,,,69,68,73,46,64
U. Bozok,22,178,73,79,5500000,81,70,60,75,24,67,,,,,,,,,,,,,,,,,,,,,70,60,75,24,67
S. Plavšić,23,168,73,79,5500000,85,67,67,76,28,59,,,,,,,,,,,,,,,,,,,,,67,67,76,28,59
Dani Raba,23,184,73,79,5500000,68,70,70,74,38,59,,,,,,,,,,,,,,,,,,,,,70,70,74,38,59
J. Ibe,23,176,73,78,5500000,78,66,68,78,41,61,,,,,,,,,,,,,,,,,,,,,66,68,78,41,61
C. Robinson,24,178,73,78,5500000,85,72,65,74,34,60,,,,,,,,,,,,,,,,,,,,,72,65,74,34,60
Mattheus Oliveira,24,182,73,78,5500000,64,68,74,74,56,63,,,,,,,,,,,,,,,,,,,,,68,74,74,56,63
Eugeni,24,184,73,78,5500000,66,69,73,73,57,66,,,,,,,,,,,,,,,,,,,,,69,73,73,57,66
M. Stendera,23,173,73,78,5500000,56,71,74,76,57,63,,,,,,,,,,,,,,,,,,,,,71,74,76,57,63
L. Öztunalı,23,184,73,78,5500000,82,67,68,77,47,68,,,,,,,,,,,,,,,,,,,,,67,68,77,47,68
R. Walter,24,174,73,78,5500000,66,61,72,73,66,66,,,,,,,,,,,,,,,,,,,,,61,72,73,66,66
L. Janson,24,169,73,78,5500000,80,72,65,79,31,59,,,,,,,,,,,,,,,,,,,,,72,65,79,31,59
J. Dinenno,24,186,73,78,5500000,67,73,55,63,26,74,,,,,,,,,,,,,,,,,,,,,73,55,63,26,74
B. Ramselaar,23,178,73,78,5500000,82,64,69,74,57,68,,,,,,,,,,,,,,,,,,,,,64,69,74,57,68
Marcão,25,196,73,78,5500000,67,71,45,65,28,80,,,,,,,,,,,,,,,,,,,,,71,45,65,28,80
R. Yaremchuk,23,190,73,78,5500000,74,70,66,69,45,72,,,,,,,,,,,,,,,,,,,,,70,66,69,45,72
N. Radonjić,23,185,73,78,5500000,80,67,70,74,29,56,,,,,,,,,,,,,,,,,,,,,67,70,74,29,56
C. Paterson,24,187,73,77,5500000,74,67,66,68,69,86,,,,,,,,,,,,,,,,,,,,,67,66,68,69,86
E. Crivelli,24,184,73,77,5500000,49,72,62,66,30,83,,,,,,,,,,,,,,,,,,,,,72,62,66,30,83
M. Aarons,19,178,72,85,5500000,83,41,60,73,70,64,,,,,,,,,,,,,,,,,,,,,41,60,73,70,64
D. James,21,170,72,84,5500000,94,61,63,73,27,57,,,,,,,,,,,,,,,,,,,,,61,63,73,27,57
S. Longstaff,21,180,72,84,5500000,63,65,68,67,60,60,,,,,,,,,,,,,,,,,,,,,65,68,67,60,60
M. Cuisance,19,181,72,84,5500000,71,67,77,75,53,54,,,,,,,,,,,,,,,,,,,,,67,77,75,53,54
D. Man,20,183,72,84,5500000,86,68,64,71,31,72,,,,,,,,,,,,,,,,,,,,,68,64,71,31,72
M. Mehlem,21,174,72,83,5500000,74,60,68,78,49,57,,,,,,,,,,,,,,,,,,,,,60,68,78,49,57
O. Ejaria,21,183,72,83,5500000,71,61,69,77,63,64,,,,,,,,,,,,,,,,,,,,,61,69,77,63,64
G. Togni,21,173,72,83,5500000,81,67,64,76,43,66,,,,,,,,,,,,,,,,,,,,,67,64,76,43,66
S. Żurkowski,21,185,72,83,5500000,81,62,67,69,70,81,,,,,,,,,,,,,,,,,,,,,62,67,69,70,81
N. González,21,180,72,83,5500000,79,65,61,78,38,63,,,,,,,,,,,,,,,,,,,,,65,61,78,38,63
C. Gakpo,20,187,72,83,5500000,81,68,68,75,32,63,,,,,,,,,,,,,,,,,,,,,68,68,75,32,63
Joaquín,37,179,80,80,5000000,66,78,83,82,44,56,,,,,,,,,,,,,,,,,,,,,78,83,82,44,56
J. Sosa,34,179,78,78,5000000,69,69,81,80,63,65,,,,,,,,,,,,,,,,,,,,,69,81,80,63,65
P. Diop,33,179,78,78,5000000,44,66,68,68,78,85,,,,,,,,,,,,,,,,,,,,,66,68,68,78,85
L. Schøne,33,177,77,77,5000000,48,74,81,76,63,62,,,,,,,,,,,,,,,,,,,,,74,81,76,63,62
Miguel Veloso,33,180,77,77,5000000,49,70,82,75,64,65,,,,,,,,,,,,,,,,,,,,,70,82,75,64,65
P. Pérez,33,175,77,77,5000000,63,68,77,74,70,80,,,,,,,,,,,,,,,,,,,,,68,77,74,70,80
P. Skjelbred,32,178,76,76,5000000,58,46,71,76,71,72,,,,,,,,,,,,,,,,,,,,,46,71,76,71,72
G. Castro,32,172,75,75,5000000,56,69,77,76,66,62,,,,,,,,,,,,,,,,,,,,,69,77,76,66,62
Mario Suárez,32,188,75,75,5000000,45,68,72,70,65,77,,,,,,,,,,,,,,,,,,,,,68,72,70,65,77
A. Surman,32,178,75,75,5000000,52,65,75,69,66,66,,,,,,,,,,,,,,,,,,,,,65,75,69,66,66
F. Bartels,32,176,75,75,5000000,73,70,73,80,44,48,,,,,,,,,,,,,,,,,,,,,70,73,80,44,48
Leonardo,32,173,75,75,5000000,78,71,76,73,24,69,,,,,,,,,,,,,,,,,,,,,71,76,73,24,69
L. Aued,32,182,75,75,5000000,57,68,73,72,67,77,,,,,,,,,,,,,,,,,,,,,68,73,72,67,77
J. Vázquez,31,166,75,75,5000000,74,53,68,66,74,70,,,,,,,,,,,,,,,,,,,,,53,68,66,74,70
S. Arfield,30,179,74,74,5000000,67,68,72,73,62,72,,,,,,,,,,,,,,,,,,,,,68,72,73,62,72
R. Hennings,31,180,74,74,5000000,65,76,62,67,40,77,,,,,,,,,,,,,,,,,,,,,76,62,67,40,77
J. Dueñas,30,174,74,74,5000000,75,66,71,72,69,80,,,,,,,,,,,,,,,,,,,,,66,71,72,69,80
B. Fornaroli,31,175,74,74,5000000,76,72,64,76,38,75,,,,,,,,,,,,,,,,,,,,,72,64,76,38,75
Míchel,30,183,74,74,5000000,49,66,78,73,55,55,,,,,,,,,,,,,,,,,,,,,66,78,73,55,55
F. Klos,31,194,74,74,5000000,63,74,55,62,38,84,,,,,,,,,,,,,,,,,,,,,74,55,62,38,84
M. Linnes,27,177,74,74,5000000,87,57,65,74,69,66,,,,,,,,,,,,,,,,,,,,,57,65,74,69,66
Ilie Sánchez,28,180,74,74,5000000,55,47,67,71,69,76,,,,,,,,,,,,,,,,,,,,,47,67,71,69,76
H. Canteros,30,176,74,74,5000000,68,69,73,71,68,74,,,,,,,,,,,,,,,,,,,,,69,73,71,68,74
H. Gnohere,31,183,74,74,5000000,65,73,53,64,27,84,,,,,,,,,,,,,,,,,,,,,73,53,64,27,84
D. Kreilach,30,186,74,74,5000000,51,72,69,70,66,83,,,,,,,,,,,,,,,,,,,,,72,69,70,66,83
I. Slimani,31,188,74,74,5000000,51,73,64,66,46,79,,,,,,,,,,,,,,,,,,,,,73,64,66,46,79
Jailson Caeiro,27,177,74,74,5000000,74,53,63,73,74,66,,,,,,,,,,,,,,,,,,,,,53,63,73,74,66
Hugo Goiteira,27,190,74,74,5000000,43,48,55,50,74,80,,,,,,,,,,,,,,,,,,,,,48,55,50,74,80
Fabiano Sonta,27,181,74,74,5000000,51,41,56,52,74,75,,,,,,,,,,,,,,,,,,,,,41,56,52,74,75
Robson Denho,27,181,74,74,5000000,64,59,72,63,73,77,,,,,,,,,,,,,,,,,,,,,59,72,63,73,77
Edvaldisco,27,183,74,74,5000000,74,56,71,71,72,73,,,,,,,,,,,,,,,,,,,,,56,71,71,72,73
Padilhisco,27,182,74,74,5000000,83,57,65,75,69,68,,,,,,,,,,,,,,,,,,,,,57,65,75,69,68
Jesus Andradaldo,27,177,74,74,5000000,73,46,67,73,75,68,,,,,,,,,,,,,,,,,,,,,46,67,73,75,68
Pascoal Muscato,27,177,74,74,5000000,59,68,68,70,72,76,,,,,,,,,,,,,,,,,,,,,68,68,70,72,76
F. Zampedri,31,185,74,74,5000000,67,74,54,70,29,75,,,,,,,,,,,,,,,,,,,,,74,54,70,29,75
Douglas,31,184,74,74,5000000,70,74,46,70,28,77,,,,,,,,,,,,,,,,,,,,,74,46,70,28,77
M. Diop,31,190,74,74,5000000,71,72,63,70,43,77,,,,,,,,,,,,,,,,,,,,,72,63,70,43,77
I. Traoré,30,186,74,74,5000000,72,61,69,74,70,81,,,,,,,,,,,,,,,,,,,,,61,69,74,70,81
D. Biraschi,24,182,73,80,5000000,60,35,56,61,75,67,,,,,,,,,,,,,,,,,,,,,35,56,61,75,67
U. Agbo,23,185,73,80,5000000,60,57,62,66,71,78,,,,,,,,,,,,,,,,,,,,,57,62,66,71,78
F. Maouassa,20,170,73,80,5000000,83,63,67,74,69,69,,,,,,,,,,,,,,,,,,,,,63,67,74,69,69
R. Perraud,21,173,73,80,5000000,74,66,68,72,72,69,,,,,,,,,,,,,,,,,,,,,66,68,72,72,69
Aurélio Buta,22,172,73,80,5000000,89,59,65,76,66,66,,,,,,,,,,,,,,,,,,,,,59,65,76,66,66
V. Rosier,22,175,73,80,5000000,76,47,63,73,71,70,,,,,,,,,,,,,,,,,,,,,47,63,73,71,70
Kim Min Jae,22,190,73,80,5000000,72,31,48,45,72,80,,,,,,,,,,,,,,,,,,,,,31,48,45,72,80
U. Račić,21,193,73,80,5000000,59,66,68,67,72,71,,,,,,,,,,,,,,,,,,,,,66,68,67,72,71
L. Phiri,24,173,73,79,5000000,75,56,70,73,71,70,,,,,,,,,,,,,,,,,,,,,56,70,73,71,70
A. Blin,22,184,73,79,5000000,53,55,67,65,72,72,,,,,,,,,,,,,,,,,,,,,55,67,65,72,72
C. Roldan,24,173,73,79,5000000,69,64,68,71,70,76,,,,,,,,,,,,,,,,,,,,,64,68,71,70,76
Moi Gómez,25,176,73,78,5000000,68,69,75,76,51,59,,,,,,,,,,,,,,,,,,,,,69,75,76,51,59
J. Mišić,25,184,73,78,5000000,66,67,70,74,63,70,,,,,,,,,,,,,,,,,,,,,67,70,74,63,70
Diego Lopes,25,171,73,77,5000000,71,66,69,76,46,51,,,,,,,,,,,,,,,,,,,,,66,69,76,46,51
T. Murg,24,173,73,77,5000000,83,68,68,75,40,64,,,,,,,,,,,,,,,,,,,,,68,68,75,40,64
P. Arriola,24,167,73,77,5000000,82,67,66,73,58,69,,,,,,,,,,,,,,,,,,,,,67,66,73,58,69
W. Bou,25,174,73,77,5000000,73,75,62,72,20,61,,,,,,,,,,,,,,,,,,,,,75,62,72,20,61
Serginho,25,180,73,77,5000000,66,74,72,71,43,72,,,,,,,,,,,,,,,,,,,,,74,72,71,43,72
Y. Sanogo,26,191,73,76,5000000,64,71,61,67,32,69,,,,,,,,,,,,,,,,,,,,,71,61,67,32,69
Álex Fernández,26,182,73,76,5000000,60,61,76,73,64,66,,,,,,,,,,,,,,,,,,,,,61,76,73,64,66
A. Limbombe,24,177,73,76,5000000,83,69,68,77,54,61,,,,,,,,,,,,,,,,,,,,,69,68,77,54,61
A. Bakasetas,26,181,73,76,5000000,69,73,74,69,43,70,,,,,,,,,,,,,,,,,,,,,73,74,69,43,70
D. Moberg Karlsson,25,177,73,76,5000000,87,67,65,75,30,60,,,,,,,,,,,,,,,,,,,,,67,65,75,30,60
A. Hassan,26,191,73,76,5000000,58,74,52,67,29,75,,,,,,,,,,,,,,,,,,,,,74,52,67,29,75
O. Kayode,26,174,73,76,5000000,87,70,57,73,36,71,,,,,,,,,,,,,,,,,,,,,70,57,73,36,71
K. Karaman,25,189,73,76,5000000,70,72,65,76,27,68,,,,,,,,,,,,,,,,,,,,,72,65,76,27,68
Tiago Silva,26,170,73,76,5000000,70,69,73,75,53,53,,,,,,,,,,,,,,,,,,,,,69,73,75,53,53
A. Ruiz,25,183,73,76,5000000,58,74,77,78,34,70,,,,,,,,,,,,,,,,,,,,,74,77,78,34,70
A. Hunou,25,179,73,76,5000000,75,72,69,76,51,68,,,,,,,,,,,,,,,,,,,,,72,69,76,51,68
Lucas Evangelista,24,181,73,76,5000000,68,64,73,71,63,62,,,,,,,,,,,,,,,,,,,,,64,73,71,63,62
J. Añor,25,176,73,76,5000000,68,71,73,74,43,53,,,,,,,,,,,,,,,,,,,,,71,73,74,43,53
J. Agudelo,26,180,73,76,5000000,83,70,60,73,39,67,,,,,,,,,,,,,,,,,,,,,70,60,73,39,67
M. Santos,26,174,73,76,5000000,74,72,63,71,36,72,,,,,,,,,,,,,,,,,,,,,72,63,71,36,72
B. Lozano,25,167,73,76,5000000,84,67,69,77,38,57,,,,,,,,,,,,,,,,,,,,,67,69,77,38,57
M. Moreno,25,168,73,76,5000000,90,63,68,80,54,57,,,,,,,,,,,,,,,,,,,,,63,68,80,54,57
R. Glatzel,25,193,73,76,5000000,74,72,46,64,26,70,,,,,,,,,,,,,,,,,,,,,72,46,64,26,70
J. Gressel,25,186,73,76,5000000,73,65,71,71,61,76,,,,,,,,,,,,,,,,,,,,,65,71,71,61,76
G. Masouras,25,182,73,76,5000000,76,73,69,73,38,66,,,,,,,,,,,,,,,,,,,,,73,69,73,38,66
A. Bastoni,20,190,72,84,5000000,51,33,43,42,76,66,,,,,,,,,,,,,,,,,,,,,33,43,42,76,66
A. Olsen,19,188,72,83,5000000,84,72,63,73,35,68,,,,,,,,,,,,,,,,,,,,,72,63,73,35,68
T. Băluță,20,191,72,83,5000000,62,50,58,50,69,75,,,,,,,,,,,,,,,,,,,,,50,58,50,69,75
J. Boga,22,174,72,82,5000000,78,69,66,77,37,61,,,,,,,,,,,,,,,,,,,,,69,66,77,37,61
B. Tetteh,21,193,72,82,5000000,78,66,53,71,24,73,,,,,,,,,,,,,,,,,,,,,66,53,71,24,73
Lucas Fernandes,21,175,72,82,5000000,73,69,72,77,52,60,,,,,,,,,,,,,,,,,,,,,69,72,77,52,60
L. Vido,22,182,72,82,5000000,69,70,62,71,34,63,,,,,,,,,,,,,,,,,,,,,70,62,71,34,63
Manu Morlanes,20,178,72,82,5000000,66,62,72,72,60,62,,,,,,,,,,,,,,,,,,,,,62,72,72,60,62
Riqui Puig,19,169,71,87,5000000,65,57,73,76,54,46,,,,,,,,,,,,,,,,,,,,,57,73,76,54,46
G. Maroni,20,170,71,86,5000000,78,54,67,77,43,58,,,,,,,,,,,,,,,,,,,,,54,67,77,43,58
Fernando,20,176,71,85,5000000,86,61,60,77,30,43,,,,,,,,,,,,,,,,,,,,,61,60,77,30,43
A. Palaversa,19,187,71,85,5000000,68,59,70,68,69,69,,,,,,,,,,,,,,,,,,,,,59,70,68,69,69
T. Vermaelen,33,183,78,78,4900000,64,61,70,60,77,69,,,,,,,,,,,,,,,,,,,,,61,70,60,77,69
A. Masiello,33,184,78,78,4900000,54,37,57,58,80,70,,,,,,,,,,,,,,,,,,,,,37,57,58,80,70
S. Bocchetti,32,186,76,76,4900000,66,51,55,61,76,79,,,,,,,,,,,,,,,,,,,,,51,55,61,76,79
D. Chygrynskyi,32,189,76,76,4900000,50,39,59,45,76,75,,,,,,,,,,,,,,,,,,,,,39,59,45,76,75
F. Roncaglia,32,179,76,76,4900000,61,53,68,64,77,71,,,,,,,,,,,,,,,,,,,,,53,68,64,77,71
A. Ranocchia,31,195,75,75,4900000,32,32,57,58,78,70,,,,,,,,,,,,,,,,,,,,,32,57,58,78,70
M. Tekdemir,31,178,75,75,4900000,60,59,65,70,74,74,,,,,,,,,,,,,,,,,,,,,59,65,70,74,74
S. Langkamp,31,191,75,75,4900000,52,29,48,43,77,73,,,,,,,,,,,,,,,,,,,,,29,48,43,77,73
R. Thomas,31,193,75,75,4900000,45,33,53,47,76,72,,,,,,,,,,,,,,,,,,,,,33,53,47,76,72
O. Murillo,31,184,75,75,4900000,69,39,55,51,74,77,,,,,,,,,,,,,,,,,,,,,39,55,51,74,77
Eric Botteghin,31,192,75,75,4900000,33,35,45,51,75,82,,,,,,,,,,,,,,,,,,,,,35,45,51,75,82
Zainadine,31,178,75,75,4900000,69,41,56,61,75,76,,,,,,,,,,,,,,,,,,,,,41,56,61,75,76
Caio Nunson,31,185,75,75,4900000,60,50,61,59,73,77,,,,,,,,,,,,,,,,,,,,,50,61,59,73,77
P. Mouche,31,177,74,74,4900000,77,70,70,74,27,64,,,,,,,,,,,,,,,,,,,,,70,70,74,27,64
K. Grosicki,31,180,74,74,4900000,83,72,71,74,38,60,,,,,,,,,,,,,,,,,,,,,72,71,74,38,60
N. Müller,31,173,74,74,4900000,74,72,69,79,44,62,,,,,,,,,,,,,,,,,,,,,72,69,79,44,62
J. Biabiany,31,177,74,74,4900000,90,65,65,77,30,63,,,,,,,,,,,,,,,,,,,,,65,65,77,30,63
S. Morrison,28,194,74,74,4900000,45,29,40,48,74,77,,,,,,,,,,,,,,,,,,,,,29,40,48,74,77
Diego,31,178,74,74,4900000,71,73,76,75,43,63,,,,,,,,,,,,,,,,,,,,,73,76,75,43,63
P. De Blasis,31,166,74,74,4900000,76,72,70,79,56,55,,,,,,,,,,,,,,,,,,,,,72,70,79,56,55
Sebas Couteira,31,178,74,74,4900000,79,62,72,73,42,51,,,,,,,,,,,,,,,,,,,,,62,72,73,42,51
Nicolás Formido,31,183,74,74,4900000,71,65,75,74,34,67,,,,,,,,,,,,,,,,,,,,,65,75,74,34,67
A. Mawson,25,189,73,79,4900000,54,41,49,57,73,72,,,,,,,,,,,,,,,,,,,,,41,49,57,73,72
J. Figal,25,181,73,79,4900000,70,45,63,70,71,75,,,,,,,,,,,,,,,,,,,,,45,63,70,71,75
Nélson Monte,23,187,73,79,4900000,57,35,57,57,74,73,,,,,,,,,,,,,,,,,,,,,35,57,57,74,73
J. Kenny,22,176,73,79,4900000,72,41,63,68,73,68,,,,,,,,,,,,,,,,,,,,,41,63,68,73,68
M. Ilaimaharitra,23,177,73,78,4900000,70,52,69,68,70,75,,,,,,,,,,,,,,,,,,,,,52,69,68,70,75
O. Tufan,24,179,73,78,4900000,71,64,69,72,71,74,,,,,,,,,,,,,,,,,,,,,64,69,72,71,74
D. Toköz,23,180,73,78,4900000,71,65,66,70,72,72,,,,,,,,,,,,,,,,,,,,,65,66,70,72,72
A. Zambo Anguissa,23,184,73,78,4900000,69,53,67,69,70,81,,,,,,,,,,,,,,,,,,,,,53,67,69,70,81
P. Aquino,24,175,73,78,4900000,77,59,67,67,70,73,,,,,,,,,,,,,,,,,,,,,59,67,67,70,73
R. Koch,22,192,73,78,4900000,60,38,61,60,72,73,,,,,,,,,,,,,,,,,,,,,38,61,60,72,73
Vesga,26,191,73,76,4900000,39,61,68,65,70,75,,,,,,,,,,,,,,,,,,,,,61,68,65,70,75
Jamiro Monteiro,25,175,73,76,4900000,76,61,70,76,63,74,,,,,,,,,,,,,,,,,,,,,61,70,76,63,74
F. Gulbrandsen,26,175,73,75,4900000,88,71,59,75,36,78,,,,,,,,,,,,,,,,,,,,,71,59,75,36,78
S. Skrzybski,26,175,73,75,4900000,78,73,65,75,33,62,,,,,,,,,,,,,,,,,,,,,73,65,75,33,62
B. Decordova-Reid,26,170,73,75,4900000,79,71,68,76,54,64,,,,,,,,,,,,,,,,,,,,,71,68,76,54,64
K. Frei,25,171,73,75,4900000,90,69,68,78,35,53,,,,,,,,,,,,,,,,,,,,,69,68,78,35,53
M. van Buren,26,184,73,75,4900000,83,68,60,73,30,71,,,,,,,,,,,,,,,,,,,,,68,60,73,30,71
M. Ishak,26,185,73,75,4900000,73,72,58,67,38,76,,,,,,,,,,,,,,,,,,,,,72,58,67,38,76
T. Lawrence,25,180,73,75,4900000,74,71,70,73,38,63,,,,,,,,,,,,,,,,,,,,,71,70,73,38,63
Hwang Ui Jo,26,184,73,75,4900000,81,71,59,72,36,71,,,,,,,,,,,,,,,,,,,,,71,59,72,36,71
F. Avenatti,26,196,73,75,4900000,51,70,67,69,44,77,,,,,,,,,,,,,,,,,,,,,70,67,69,44,77
S. Gümüş,25,179,73,75,4900000,86,74,66,76,34,64,,,,,,,,,,,,,,,,,,,,,74,66,76,34,64
Nuno Tavares,19,183,72,84,4900000,87,51,58,72,67,74,,,,,,,,,,,,,,,,,,,,,51,58,72,67,74
J. Lewis,21,177,72,83,4900000,79,51,60,70,70,66,,,,,,,,,,,,,,,,,,,,,51,60,70,70,66
F. Tomori,21,185,72,83,4900000,80,35,55,65,71,71,,,,,,,,,,,,,,,,,,,,,35,55,65,71,71
Diogo Leite,20,188,72,83,4900000,60,38,45,55,73,70,,,,,,,,,,,,,,,,,,,,,38,45,55,73,70
I. Gómez,22,167,72,83,4900000,65,52,63,71,70,71,,,,,,,,,,,,,,,,,,,,,52,63,71,70,71
A. Caci,22,184,72,83,4900000,73,48,65,67,72,70,,,,,,,,,,,,,,,,,,,,,48,65,67,72,70
J. Torunarigha,21,191,72,83,4900000,74,33,53,61,73,72,,,,,,,,,,,,,,,,,,,,,33,53,61,73,72
C. Dagba,20,170,72,83,4900000,83,50,68,77,68,57,,,,,,,,,,,,,,,,,,,,,50,68,77,68,57
Aihen Muñoz,21,175,72,83,4900000,75,53,66,71,72,65,,,,,,,,,,,,,,,,,,,,,53,66,71,72,65
F. Ayé,22,184,72,81,4900000,84,70,52,69,24,74,,,,,,,,,,,,,,,,,,,,,70,52,69,24,74
Paulinho,18,177,71,86,4900000,79,61,66,75,34,67,,,,,,,,,,,,,,,,,,,,,61,66,75,34,67
G. Hoarau,35,192,78,78,4800000,47,79,69,71,44,79,,,,,,,,,,,,,,,,,,,,,79,69,71,44,79
J. Briand,33,181,76,76,4800000,66,76,73,72,46,71,,,,,,,,,,,,,,,,,,,,,76,73,72,46,71
M. Gómez,33,189,76,76,4800000,58,75,59,67,35,75,,,,,,,,,,,,,,,,,,,,,75,59,67,35,75
T. Gebre Selassie,32,181,76,76,4800000,73,51,70,75,75,72,,,,,,,,,,,,,,,,,,,,,51,70,75,75,72
Miguel Lopes,32,182,76,76,4800000,77,50,68,71,74,78,,,,,,,,,,,,,,,,,,,,,50,68,71,74,78
M. Isla,31,176,75,75,4800000,77,54,73,75,72,72,,,,,,,,,,,,,,,,,,,,,54,73,75,72,72
Tiago Pinto,31,177,75,75,4800000,82,60,70,76,70,70,,,,,,,,,,,,,,,,,,,,,60,70,76,70,70
O. Trejo,31,180,74,74,4800000,70,71,72,78,65,74,,,,,,,,,,,,,,,,,,,,,71,72,78,65,74
Adrián González,31,183,74,74,4800000,65,73,72,75,71,73,,,,,,,,,,,,,,,,,,,,,73,72,75,71,73
S. Corchia,28,175,74,74,4800000,70,65,73,74,75,65,,,,,,,,,,,,,,,,,,,,,65,73,74,75,65
G. Schennikov,28,178,74,74,4800000,79,54,69,70,71,71,,,,,,,,,,,,,,,,,,,,,54,69,70,71,71
E. Stevens,28,183,74,74,4800000,70,45,63,69,72,73,,,,,,,,,,,,,,,,,,,,,45,63,69,72,73
M. Zeegelaar,28,186,74,74,4800000,70,62,67,73,73,74,,,,,,,,,,,,,,,,,,,,,62,67,73,73,74
J. Larsen,28,182,74,74,4800000,76,55,63,69,72,76,,,,,,,,,,,,,,,,,,,,,55,63,69,72,76
M. Bakalorz,29,180,74,74,4800000,64,66,62,66,74,80,,,,,,,,,,,,,,,,,,,,,66,62,66,74,80
B. Butko,28,182,74,74,4800000,78,47,65,70,72,68,,,,,,,,,,,,,,,,,,,,,47,65,70,72,68
F. Bachirou,29,169,74,74,4800000,74,42,64,77,70,75,,,,,,,,,,,,,,,,,,,,,42,64,77,70,75
D. Rodríguez,29,170,74,74,4800000,64,57,68,66,73,74,,,,,,,,,,,,,,,,,,,,,57,68,66,73,74
D. González,31,180,74,74,4800000,68,65,70,70,68,82,,,,,,,,,,,,,,,,,,,,,65,70,70,68,82
O. Opazo,28,169,74,74,4800000,89,67,68,73,67,75,,,,,,,,,,,,,,,,,,,,,67,68,73,67,75
A. Oyongo,28,176,74,74,4800000,87,59,67,74,66,73,,,,,,,,,,,,,,,,,,,,,59,67,74,66,73
C. Mayada,28,174,74,74,4800000,93,66,69,76,67,77,,,,,,,,,,,,,,,,,,,,,66,69,76,67,77
Edgar Ié,25,178,73,78,4800000,70,44,57,64,72,73,,,,,,,,,,,,,,,,,,,,,44,57,64,72,73
F. Barba,25,185,73,78,4800000,69,30,58,60,73,70,,,,,,,,,,,,,,,,,,,,,30,58,60,73,70
M. Miazga,23,193,73,78,4800000,56,25,45,57,70,78,,,,,,,,,,,,,,,,,,,,,25,45,57,70,78
G. Silva,25,185,73,78,4800000,67,53,68,66,73,72,,,,,,,,,,,,,,,,,,,,,53,68,66,73,72
S. Ingason,25,188,73,78,4800000,61,50,52,54,74,74,,,,,,,,,,,,,,,,,,,,,50,52,54,74,74
Carlos Ponck,24,183,73,78,4800000,63,45,51,60,72,79,,,,,,,,,,,,,,,,,,,,,45,51,60,72,79
M. Leitner,26,176,73,75,4800000,69,65,74,74,59,58,,,,,,,,,,,,,,,,,,,,,65,74,74,59,58
A. Pritchard,26,171,73,75,4800000,69,68,74,75,46,48,,,,,,,,,,,,,,,,,,,,,68,74,75,46,48
Y. Chibsah,26,177,73,75,4800000,68,61,66,73,72,78,,,,,,,,,,,,,,,,,,,,,61,66,73,72,78
C. Baeza,25,171,73,75,4800000,70,67,70,72,67,74,,,,,,,,,,,,,,,,,,,,,67,70,72,67,74
P. Žulj,26,185,73,75,4800000,57,69,73,72,64,65,,,,,,,,,,,,,,,,,,,,,69,73,72,64,65
I. Chochev,26,189,73,75,4800000,68,69,70,71,69,76,,,,,,,,,,,,,,,,,,,,,69,70,71,69,76
Pere Milla,26,179,73,75,4800000,76,73,69,76,36,62,,,,,,,,,,,,,,,,,,,,,73,69,76,36,62
G. Di Lorenzo,25,182,73,74,4800000,69,69,71,74,73,74,,,,,,,,,,,,,,,,,,,,,69,71,74,73,74
K. Schindler,25,180,73,74,4800000,82,69,65,71,45,66,,,,,,,,,,,,,,,,,,,,,69,65,71,45,66
B. Cufré,22,179,72,83,4800000,79,62,69,74,67,76,,,,,,,,,,,,,,,,,,,,,62,69,74,67,76
Ayrton,22,180,72,83,4800000,84,53,63,75,66,76,,,,,,,,,,,,,,,,,,,,,53,63,75,66,76
P. Schuurs,19,193,72,83,4800000,66,62,65,62,72,71,,,,,,,,,,,,,,,,,,,,,62,65,62,72,71
J. Murillo,23,171,72,81,4800000,92,67,57,77,30,48,,,,,,,,,,,,,,,,,,,,,67,57,77,30,48
S. Vasiliadis,21,175,72,81,4800000,74,59,68,72,63,71,,,,,,,,,,,,,,,,,,,,,59,68,72,63,71
J. Todibo,19,190,71,86,4800000,69,43,58,63,67,76,,,,,,,,,,,,,,,,,,,,,43,58,63,67,76
J. Mascherano,35,174,80,80,4700000,66,53,72,68,79,75,,,,,,,,,,,,,,,,,,,,,53,72,68,79,75
Everton Andrão,35,177,80,80,4700000,68,62,74,76,78,77,,,,,,,,,,,,,,,,,,,,,62,74,76,78,77
M. Škrtel,34,191,79,79,4700000,51,38,50,51,78,82,,,,,,,,,,,,,,,,,,,,,38,50,51,78,82
V. Ibišević,34,188,77,77,4700000,41,78,68,72,41,70,,,,,,,,,,,,,,,,,,,,,78,68,72,41,70
B. Wright-Phillips,34,173,77,77,4700000,71,76,64,71,43,69,,,,,,,,,,,,,,,,,,,,,76,64,71,43,69
I. Scocco,34,177,77,77,4700000,73,80,71,80,35,66,,,,,,,,,,,,,,,,,,,,,80,71,80,35,66
L. Rodríguez,34,168,77,77,4700000,67,79,73,79,27,66,,,,,,,,,,,,,,,,,,,,,79,73,79,27,66
C. Villanueva,33,173,76,76,4700000,61,71,76,79,50,50,,,,,,,,,,,,,,,,,,,,,71,76,79,50,50
G. Moreno,33,192,76,76,4700000,73,74,69,77,53,76,,,,,,,,,,,,,,,,,,,,,74,69,77,53,76
Hong Jeong Ho,29,186,74,74,4700000,80,47,53,55,71,79,,,,,,,,,,,,,,,,,,,,,47,53,55,71,79
R. Czichos,29,187,74,74,4700000,59,48,59,62,74,74,,,,,,,,,,,,,,,,,,,,,48,59,62,74,74
M. Pavlović,29,196,74,74,4700000,31,60,50,52,72,84,,,,,,,,,,,,,,,,,,,,,60,50,52,72,84
R. Pérez,29,186,74,74,4700000,56,38,41,58,73,78,,,,,,,,,,,,,,,,,,,,,38,41,58,73,78
D. Benlamri,29,185,74,74,4700000,60,28,52,51,72,83,,,,,,,,,,,,,,,,,,,,,28,52,51,72,83
David Juncà,25,176,73,78,4700000,72,45,65,67,69,76,,,,,,,,,,,,,,,,,,,,,45,65,67,69,76
N. Murru,24,180,73,78,4700000,73,40,61,69,72,68,,,,,,,,,,,,,,,,,,,,,40,61,69,72,68
H. Magnússon,26,190,73,78,4700000,66,48,66,61,73,73,,,,,,,,,,,,,,,,,,,,,48,66,61,73,73
F. Campos,25,179,73,78,4700000,83,45,64,64,69,78,,,,,,,,,,,,,,,,,,,,,45,64,64,69,78
F. Angileri,25,184,73,78,4700000,81,67,68,73,68,77,,,,,,,,,,,,,,,,,,,,,67,68,73,68,77
Rafa Soares,24,178,73,78,4700000,76,62,70,72,69,67,,,,,,,,,,,,,,,,,,,,,62,70,72,69,67
T. Parker,26,188,73,78,4700000,72,31,48,53,70,82,,,,,,,,,,,,,,,,,,,,,31,48,53,70,82
T. Ouwejan,23,183,73,78,4700000,73,52,69,71,71,73,,,,,,,,,,,,,,,,,,,,,52,69,71,71,73
A. Soto,25,177,73,78,4700000,75,36,63,72,69,72,,,,,,,,,,,,,,,,,,,,,36,63,72,69,72
Marc Navarro,23,188,73,78,4700000,63,56,69,65,74,64,,,,,,,,,,,,,,,,,,,,,56,69,65,74,64
Yuri Ribeiro,22,178,73,78,4700000,75,51,70,73,71,67,,,,,,,,,,,,,,,,,,,,,51,70,73,71,67
Wilson Manafá,24,174,73,78,4700000,82,60,66,76,65,66,,,,,,,,,,,,,,,,,,,,,60,66,76,65,66
Samir,24,189,73,77,4700000,64,33,55,58,74,72,,,,,,,,,,,,,,,,,,,,,33,55,58,74,72
M. Sobottka,25,185,73,77,4700000,66,57,63,67,71,77,,,,,,,,,,,,,,,,,,,,,57,63,67,71,77
D. Luckassen,23,186,73,77,4700000,76,58,65,67,70,78,,,,,,,,,,,,,,,,,,,,,58,65,67,70,78
Hernani,25,188,73,77,4700000,67,69,68,71,72,70,,,,,,,,,,,,,,,,,,,,,69,68,71,72,70
V. Jovanović,23,188,73,77,4700000,46,46,59,62,73,74,,,,,,,,,,,,,,,,,,,,,46,59,62,73,74
F. Macheda,27,185,73,74,4700000,69,73,58,70,30,62,,,,,,,,,,,,,,,,,,,,,73,58,70,30,62
A. Musa,26,170,73,74,4700000,93,69,63,73,30,57,,,,,,,,,,,,,,,,,,,,,69,63,73,30,57
O. Hernández,26,172,73,74,4700000,85,70,63,77,33,71,,,,,,,,,,,,,,,,,,,,,70,63,77,33,71
A. Reach,26,185,73,74,4700000,77,70,70,74,64,71,,,,,,,,,,,,,,,,,,,,,70,70,74,64,71
R. Alioui,27,186,73,74,4700000,71,73,62,68,33,68,,,,,,,,,,,,,,,,,,,,,73,62,68,33,68
F. Boulaya,26,179,73,74,4700000,76,65,70,78,25,52,,,,,,,,,,,,,,,,,,,,,65,70,78,25,52
J. Bela,26,173,73,74,4700000,92,72,63,77,37,64,,,,,,,,,,,,,,,,,,,,,72,63,77,37,64
F. Aristeguieta,27,188,73,74,4700000,52,74,52,67,45,83,,,,,,,,,,,,,,,,,,,,,74,52,67,45,83
J. Beauguel,27,196,73,74,4700000,69,71,53,68,35,76,,,,,,,,,,,,,,,,,,,,,71,53,68,35,76
M. Oršić,26,179,73,74,4700000,90,76,67,75,50,60,,,,,,,,,,,,,,,,,,,,,76,67,75,50,60
Lee Jae Sung,26,180,73,74,4700000,68,55,72,75,49,63,,,,,,,,,,,,,,,,,,,,,55,72,75,49,63
Sidcley,26,176,73,74,4700000,80,65,69,78,73,70,,,,,,,,,,,,,,,,,,,,,65,69,78,73,70
C. Ninga,26,186,73,74,4700000,91,73,65,70,27,78,,,,,,,,,,,,,,,,,,,,,73,65,70,27,78
K. Laba,27,180,73,74,4700000,79,69,60,66,25,74,,,,,,,,,,,,,,,,,,,,,69,60,66,25,74
K. Galanopoulos,21,172,72,82,4700000,73,51,67,72,69,66,,,,,,,,,,,,,,,,,,,,,51,67,72,69,66
L. Deaux,30,188,74,74,4600000,57,54,68,66,72,79,,,,,,,,,,,,,,,,,,,,,54,68,66,72,79
F. Frei,30,183,74,74,4600000,65,71,75,71,72,73,,,,,,,,,,,,,,,,,,,,,71,75,71,72,73
A. Bjelland,30,188,74,74,4600000,43,46,63,59,73,76,,,,,,,,,,,,,,,,,,,,,46,63,59,73,76
J. Chester,30,180,74,74,4600000,66,34,58,62,74,74,,,,,,,,,,,,,,,,,,,,,34,58,62,74,74
B. Ecuélé Manga,30,186,74,74,4600000,54,32,56,49,74,74,,,,,,,,,,,,,,,,,,,,,32,56,49,74,74
D. Diekmeier,29,188,74,74,4600000,87,39,65,65,69,74,,,,,,,,,,,,,,,,,,,,,39,65,65,69,74
Alcalá,30,196,74,74,4600000,34,48,59,52,73,77,,,,,,,,,,,,,,,,,,,,,48,59,52,73,77
S. Sunzu,30,190,74,74,4600000,52,38,50,50,73,82,,,,,,,,,,,,,,,,,,,,,38,50,50,73,82
I. Opara,30,188,74,74,4600000,84,38,52,55,71,82,,,,,,,,,,,,,,,,,,,,,38,52,55,71,82
Sandro,30,187,74,74,4600000,54,69,67,68,75,72,,,,,,,,,,,,,,,,,,,,,69,67,68,75,72
S. Sow,30,185,74,74,4600000,65,47,66,73,72,79,,,,,,,,,,,,,,,,,,,,,47,66,73,72,79
N. Hult,29,173,74,74,4600000,84,59,71,74,68,67,,,,,,,,,,,,,,,,,,,,,59,71,74,68,67
S. Ilsanker,30,189,74,74,4600000,58,53,57,52,76,82,,,,,,,,,,,,,,,,,,,,,53,57,52,76,82
F. Hanin,29,177,74,74,4600000,85,44,69,74,69,68,,,,,,,,,,,,,,,,,,,,,44,69,74,69,68
Anselmo,30,185,74,74,4600000,67,63,64,66,73,79,,,,,,,,,,,,,,,,,,,,,63,64,66,73,79
J. Sánchez Miño,29,177,74,74,4600000,70,73,77,76,71,72,,,,,,,,,,,,,,,,,,,,,73,77,76,71,72
L. Advíncula,29,178,74,74,4600000,94,64,70,76,66,76,,,,,,,,,,,,,,,,,,,,,64,70,76,66,76
Ewerton,30,188,74,74,4600000,56,37,55,61,75,72,,,,,,,,,,,,,,,,,,,,,37,55,61,75,72
S. Özbayraklı,29,171,74,74,4600000,81,60,69,73,69,73,,,,,,,,,,,,,,,,,,,,,60,69,73,69,73
P. Martinez,30,182,74,74,4600000,66,45,63,69,74,75,,,,,,,,,,,,,,,,,,,,,45,63,69,74,75
Ignasi Miquel,26,189,73,77,4600000,60,28,56,59,73,72,,,,,,,,,,,,,,,,,,,,,28,56,59,73,72
Insua,25,187,73,77,4600000,53,36,55,53,73,67,,,,,,,,,,,,,,,,,,,,,36,55,53,73,67
J. Uronen,24,177,73,77,4600000,75,57,68,68,71,75,,,,,,,,,,,,,,,,,,,,,57,68,68,71,75
B. Djimsiti,26,190,73,77,4600000,33,39,59,47,73,77,,,,,,,,,,,,,,,,,,,,,39,59,47,73,77
Frederico Venâncio,26,186,73,77,4600000,62,33,51,54,72,68,,,,,,,,,,,,,,,,,,,,,33,51,54,72,68
M. Mitrović,25,187,73,77,4600000,47,50,57,59,73,76,,,,,,,,,,,,,,,,,,,,,50,57,59,73,76
L. Freeman,27,172,73,74,4600000,75,67,72,75,52,60,,,,,,,,,,,,,,,,,,,,,67,72,75,52,60
P. Kasami,27,188,73,74,4600000,67,71,70,71,56,78,,,,,,,,,,,,,,,,,,,,,71,70,71,56,78
M. Vydra,27,175,73,74,4600000,81,74,67,73,35,59,,,,,,,,,,,,,,,,,,,,,74,67,73,35,59
P. Ceppelini,27,179,73,74,4600000,71,64,73,76,42,66,,,,,,,,,,,,,,,,,,,,,64,73,76,42,66
G. Brugman,26,175,73,74,4600000,72,59,73,73,60,65,,,,,,,,,,,,,,,,,,,,,59,73,73,60,65
S. Luperto,22,191,72,82,4600000,51,55,60,59,74,70,,,,,,,,,,,,,,,,,,,,,55,60,59,74,70
J. Komar,22,189,72,82,4600000,54,33,49,45,73,77,,,,,,,,,,,,,,,,,,,,,33,49,45,73,77
Jorge Sáenz,22,192,72,82,4600000,66,42,62,63,71,77,,,,,,,,,,,,,,,,,,,,,42,62,63,71,77
S. McKenna,22,189,72,82,4600000,61,33,44,44,70,84,,,,,,,,,,,,,,,,,,,,,33,44,44,70,84
Léo Duarte,22,183,72,82,4600000,57,35,36,53,74,74,,,,,,,,,,,,,,,,,,,,,35,36,53,74,74
K. Rüegg,20,173,72,82,4600000,81,42,64,70,68,78,,,,,,,,,,,,,,,,,,,,,42,64,70,68,78
O. Alderete,22,188,72,82,4600000,62,59,62,61,71,78,,,,,,,,,,,,,,,,,,,,,59,62,61,71,78
H. Türkmen,21,183,72,82,4600000,73,37,49,56,73,72,,,,,,,,,,,,,,,,,,,,,37,49,56,73,72
A. Cerri,23,194,72,80,4600000,59,72,54,68,39,75,,,,,,,,,,,,,,,,,,,,,72,54,68,39,75
S. Guirassy,23,187,72,80,4600000,71,68,59,73,36,71,,,,,,,,,,,,,,,,,,,,,68,59,73,36,71
D. Verde,23,168,72,80,4600000,83,71,67,79,36,47,,,,,,,,,,,,,,,,,,,,,71,67,79,36,47
M. Fares,23,183,72,80,4600000,78,62,66,75,65,69,,,,,,,,,,,,,,,,,,,,,62,66,75,65,69
S. Adegbenro,23,178,72,80,4600000,89,66,61,76,41,70,,,,,,,,,,,,,,,,,,,,,66,61,76,41,70
I. Mbenza,23,187,72,80,4600000,87,70,68,72,36,66,,,,,,,,,,,,,,,,,,,,,70,68,72,36,66
A. Dioussé,21,175,72,80,4600000,63,46,69,75,66,61,,,,,,,,,,,,,,,,,,,,,46,69,75,66,61
E. Mor,21,169,72,80,4600000,81,66,60,80,28,46,,,,,,,,,,,,,,,,,,,,,66,60,80,28,46
A. Peñaranda,22,185,72,80,4600000,75,69,67,77,36,59,,,,,,,,,,,,,,,,,,,,,69,67,77,36,59
M. Maolida,20,182,72,80,4600000,83,67,62,76,24,56,,,,,,,,,,,,,,,,,,,,,67,62,76,24,56
B. Tekpetey,21,172,72,80,4600000,83,64,62,77,30,61,,,,,,,,,,,,,,,,,,,,,64,62,77,30,61
E. Rexhbeçaj,21,182,72,80,4600000,66,58,70,72,64,65,,,,,,,,,,,,,,,,,,,,,58,70,72,64,65
D. Limnios,21,180,72,80,4600000,81,67,65,75,33,57,,,,,,,,,,,,,,,,,,,,,67,65,75,33,57
B. Samudio,23,180,72,80,4600000,76,69,63,74,38,65,,,,,,,,,,,,,,,,,,,,,69,63,74,38,65
W. Saliba,18,192,71,88,4600000,63,29,57,55,71,72,,,,,,,,,,,,,,,,,,,,,29,57,55,71,72
M. Hasebe,35,180,80,80,4500000,53,51,76,71,81,69,,,,,,,,,,,,,,,,,,,,,51,76,71,81,69
David Villa,37,175,79,79,4500000,65,81,74,80,34,67,,,,,,,,,,,,,,,,,,,,,81,74,80,34,67
C. Tévez,35,171,78,78,4500000,68,77,74,78,45,71,,,,,,,,,,,,,,,,,,,,,77,74,78,45,71
Claudio Coíntra,35,174,78,78,4500000,80,73,76,77,27,59,,,,,,,,,,,,,,,,,,,,,73,76,77,27,59
J. Farfán,34,178,77,77,4500000,84,73,75,75,36,75,,,,,,,,,,,,,,,,,,,,,73,75,75,36,75
B. Džemaili,33,179,76,76,4500000,57,73,76,76,71,66,,,,,,,,,,,,,,,,,,,,,73,76,76,71,66
S. Long,32,178,74,74,4500000,80,72,61,71,36,69,,,,,,,,,,,,,,,,,,,,,72,61,71,36,69
M. Erdinç,32,181,74,74,4500000,69,75,64,70,44,74,,,,,,,,,,,,,,,,,,,,,75,64,70,44,74
F. González,32,178,74,74,4500000,70,74,66,74,39,74,,,,,,,,,,,,,,,,,,,,,74,66,74,39,74
W. Morelo,32,172,74,74,4500000,79,74,61,73,42,67,,,,,,,,,,,,,,,,,,,,,74,61,73,42,67
L. Gamba,32,170,74,74,4500000,87,72,70,77,28,61,,,,,,,,,,,,,,,,,,,,,72,70,77,28,61
Enric Gallego,32,189,74,74,4500000,64,75,54,65,25,72,,,,,,,,,,,,,,,,,,,,,75,54,65,25,72
J. Bryan,25,174,73,77,4500000,77,64,65,72,70,72,,,,,,,,,,,,,,,,,,,,,64,65,72,70,72
M. Mohammadi,25,178,73,77,4500000,88,54,63,73,69,69,,,,,,,,,,,,,,,,,,,,,54,63,73,69,69
I. Mbaye,24,188,73,76,4500000,70,49,65,68,72,69,,,,,,,,,,,,,,,,,,,,,49,65,68,72,69
C. Mbemba,24,182,73,76,4500000,70,54,54,64,72,70,,,,,,,,,,,,,,,,,,,,,54,54,64,72,70
D. Amartey,24,186,73,76,4500000,67,55,65,69,75,76,,,,,,,,,,,,,,,,,,,,,55,65,69,75,76
S. Klaiber,24,184,73,76,4500000,81,59,67,65,70,81,,,,,,,,,,,,,,,,,,,,,59,67,65,70,81
A. Esiti,25,189,73,76,4500000,58,46,56,54,74,83,,,,,,,,,,,,,,,,,,,,,46,56,54,74,83
M. Siopis,25,171,73,76,4500000,75,54,64,64,73,73,,,,,,,,,,,,,,,,,,,,,54,64,64,73,73
Y. Meriah,25,190,73,76,4500000,74,49,52,60,74,69,,,,,,,,,,,,,,,,,,,,,49,52,60,74,69
J. Fleck,27,169,73,74,4500000,72,64,73,75,66,74,,,,,,,,,,,,,,,,,,,,,64,73,75,66,74
R. Yabo,27,177,73,74,4500000,78,60,66,76,63,75,,,,,,,,,,,,,,,,,,,,,60,66,76,63,75
O. Rashid,27,174,73,74,4500000,70,67,73,74,58,62,,,,,,,,,,,,,,,,,,,,,67,73,74,58,62
M. Jojić,27,177,73,74,4500000,68,74,75,75,57,68,,,,,,,,,,,,,,,,,,,,,74,75,75,57,68
F. Ballo-Touré,22,182,72,82,4500000,82,46,69,71,68,67,,,,,,,,,,,,,,,,,,,,,46,69,71,68,67
Ronaldo Vieira,20,178,72,81,4500000,76,58,66,72,68,78,,,,,,,,,,,,,,,,,,,,,58,66,72,68,78
E. Fernandes,23,187,72,80,4500000,72,67,67,71,60,72,,,,,,,,,,,,,,,,,,,,,67,67,71,60,72
A. Leya Iseka,21,183,72,79,4500000,84,73,61,71,27,72,,,,,,,,,,,,,,,,,,,,,73,61,71,27,72
I. Sissoko,21,193,71,84,4500000,51,51,64,64,69,82,,,,,,,,,,,,,,,,,,,,,51,64,64,69,82
M. Fritzler,32,179,75,75,4400000,52,51,65,65,74,76,,,,,,,,,,,,,,,,,,,,,51,65,65,74,76
A. Lennon,32,165,74,74,4400000,79,63,69,79,49,58,,,,,,,,,,,,,,,,,,,,,63,69,79,49,58
L. Christodoulopoulos,32,183,74,74,4400000,73,74,72,78,52,64,,,,,,,,,,,,,,,,,,,,,74,72,78,52,64
F. Navarro,30,165,74,74,4400000,86,58,65,70,70,65,,,,,,,,,,,,,,,,,,,,,58,65,70,70,65
A. Chahechouhe,32,176,74,74,4400000,75,72,69,76,32,60,,,,,,,,,,,,,,,,,,,,,72,69,76,32,60
Juanfran,30,180,74,74,4400000,75,67,69,74,70,73,,,,,,,,,,,,,,,,,,,,,67,69,74,70,73
Pedro Sánchez,32,175,74,74,4400000,83,71,71,74,38,68,,,,,,,,,,,,,,,,,,,,,71,71,74,38,68
P. Capelle,32,181,74,74,4400000,70,70,74,74,69,70,,,,,,,,,,,,,,,,,,,,,70,74,74,69,70
E. Puch,32,168,74,74,4400000,85,70,66,78,43,63,,,,,,,,,,,,,,,,,,,,,70,66,78,43,63
Jorge Miramón,30,175,74,74,4400000,74,58,72,68,72,74,,,,,,,,,,,,,,,,,,,,,58,72,68,72,74
L. Moore,26,185,73,76,4400000,71,33,59,63,71,79,,,,,,,,,,,,,,,,,,,,,33,59,63,71,79
J. Brabec,26,186,73,76,4400000,58,51,60,62,73,72,,,,,,,,,,,,,,,,,,,,,51,60,62,73,72
Patric,26,184,73,76,4400000,67,53,64,70,74,67,,,,,,,,,,,,,,,,,,,,,53,64,70,74,67
M. van der Hoorn,26,190,73,76,4400000,38,45,50,47,75,77,,,,,,,,,,,,,,,,,,,,,45,50,47,75,77
C. Jullien,26,196,73,76,4400000,62,45,48,56,69,80,,,,,,,,,,,,,,,,,,,,,45,48,56,69,80
K. Wimmer,26,187,73,76,4400000,53,27,59,64,73,73,,,,,,,,,,,,,,,,,,,,,27,59,64,73,73
A. Scholz,26,189,73,76,4400000,64,51,60,64,72,76,,,,,,,,,,,,,,,,,,,,,51,60,64,72,76
W. Zimmerman,26,191,73,76,4400000,59,50,52,50,71,81,,,,,,,,,,,,,,,,,,,,,50,52,50,71,81
Y. Gordillo,27,176,73,76,4400000,60,46,60,63,70,76,,,,,,,,,,,,,,,,,,,,,46,60,63,70,76
César,26,192,73,76,4400000,36,37,44,51,74,75,,,,,,,,,,,,,,,,,,,,,37,44,51,74,75
T. Leibold,25,174,73,76,4400000,85,57,69,74,69,71,,,,,,,,,,,,,,,,,,,,,57,69,74,69,71
B. Perlaza,27,187,73,76,4400000,51,49,60,65,73,84,,,,,,,,,,,,,,,,,,,,,49,60,65,73,84
W. Vaulks,25,180,73,75,4400000,59,62,66,64,71,77,,,,,,,,,,,,,,,,,,,,,62,66,64,71,77
M. Taremi,26,187,73,73,4400000,64,72,60,71,33,62,,,,,,,,,,,,,,,,,,,,,72,60,71,33,62
J. Onguéné,21,186,72,81,4400000,68,30,40,55,72,77,,,,,,,,,,,,,,,,,,,,,30,40,55,72,77
L. Abram,23,181,72,81,4400000,63,41,54,55,72,74,,,,,,,,,,,,,,,,,,,,,41,54,55,72,74
E. Atuesta,22,180,72,81,4400000,63,56,68,71,67,66,,,,,,,,,,,,,,,,,,,,,56,68,71,67,66
D. Lischka,21,188,72,81,4400000,62,40,56,58,69,74,,,,,,,,,,,,,,,,,,,,,40,56,58,69,74
Brandon Thomas,24,173,72,79,4400000,77,73,62,76,32,61,,,,,,,,,,,,,,,,,,,,,73,62,76,32,61
R. Sallai,22,183,72,79,4400000,74,67,67,74,37,58,,,,,,,,,,,,,,,,,,,,,67,67,74,37,58
D. Lamkel Zé,22,192,72,79,4400000,84,65,71,71,50,72,,,,,,,,,,,,,,,,,,,,,65,71,71,50,72
Marc Cardona,23,183,72,79,4400000,75,70,58,72,26,56,,,,,,,,,,,,,,,,,,,,,70,58,72,26,56
N. Reniero,24,183,72,79,4400000,67,72,62,72,32,68,,,,,,,,,,,,,,,,,,,,,72,62,72,32,68
L. Singh,21,171,72,79,4400000,87,68,61,77,29,42,,,,,,,,,,,,,,,,,,,,,68,61,77,29,42
Heriberto Tavares,22,181,72,79,4400000,79,74,63,76,30,62,,,,,,,,,,,,,,,,,,,,,74,63,76,30,62
Vinícius,24,190,72,79,4400000,71,71,49,66,25,70,,,,,,,,,,,,,,,,,,,,,71,49,66,25,70
E. Elmas,19,184,71,84,4400000,66,68,69,73,57,67,,,,,,,,,,,,,,,,,,,,,68,69,73,57,67
Francisco Trincão,19,183,71,84,4400000,78,66,66,74,37,63,,,,,,,,,,,,,,,,,,,,,66,66,74,37,63
Bruno,35,184,78,78,4300000,31,71,77,70,76,62,,,,,,,,,,,,,,,,,,,,,71,77,70,76,62
P. Wernbloom,33,187,77,77,4300000,54,71,66,67,77,81,,,,,,,,,,,,,,,,,,,,,71,66,67,77,81
S. Dann,32,188,75,75,4300000,32,40,48,47,76,65,,,,,,,,,,,,,,,,,,,,,40,48,47,76,65
H. Ayala,32,183,75,75,4300000,57,55,60,57,76,72,,,,,,,,,,,,,,,,,,,,,55,60,57,76,72
A. Mariappa,32,180,75,75,4300000,55,34,57,62,76,70,,,,,,,,,,,,,,,,,,,,,34,57,62,76,70
A. Epureanu,32,189,75,75,4300000,44,53,55,55,77,75,,,,,,,,,,,,,,,,,,,,,53,55,55,77,75
I. Traoré,32,184,75,75,4300000,51,32,57,49,74,80,,,,,,,,,,,,,,,,,,,,,32,57,49,74,80
P. Hetemaj,32,175,74,74,4300000,75,64,73,73,70,77,,,,,,,,,,,,,,,,,,,,,64,73,73,70,77
Ivo,32,173,74,74,4300000,72,65,77,73,48,66,,,,,,,,,,,,,,,,,,,,,65,77,73,48,66
Fábio Pacheco,31,180,74,74,4300000,67,54,69,64,74,73,,,,,,,,,,,,,,,,,,,,,54,69,64,74,73
Montoro,31,181,74,74,4300000,42,63,69,67,71,69,,,,,,,,,,,,,,,,,,,,,63,69,67,71,69
C. Borges,31,187,74,74,4300000,53,74,71,68,73,74,,,,,,,,,,,,,,,,,,,,,74,71,68,73,74
A. Bedoya,32,178,74,74,4300000,65,65,71,71,66,73,,,,,,,,,,,,,,,,,,,,,65,71,71,66,73
Iñigo Pérez,31,178,74,74,4300000,64,63,77,66,70,72,,,,,,,,,,,,,,,,,,,,,63,77,66,70,72
Edercinho Sepa,31,179,74,74,4300000,75,72,65,67,74,70,,,,,,,,,,,,,,,,,,,,,72,65,67,74,70
Marc Muniesa,27,179,73,76,4300000,48,43,64,66,72,71,,,,,,,,,,,,,,,,,,,,,43,64,66,72,71
L. Landre,27,182,73,76,4300000,57,36,54,54,72,72,,,,,,,,,,,,,,,,,,,,,36,54,54,72,72
Iago,27,188,73,76,4300000,46,30,47,53,73,77,,,,,,,,,,,,,,,,,,,,,30,47,53,73,77
M. Hanousek,26,181,73,76,4300000,87,44,64,69,67,72,,,,,,,,,,,,,,,,,,,,,44,64,69,67,72
M. Abeid,26,178,73,75,4300000,59,69,70,75,66,74,,,,,,,,,,,,,,,,,,,,,69,70,75,66,74
M. Çağıran,26,181,73,75,4300000,64,68,72,71,71,77,,,,,,,,,,,,,,,,,,,,,68,72,71,71,77
T. Trybull,26,181,73,75,4300000,61,48,66,66,73,74,,,,,,,,,,,,,,,,,,,,,48,66,66,73,74
M. Luongo,26,176,73,75,4300000,69,63,62,71,69,77,,,,,,,,,,,,,,,,,,,,,63,62,71,69,77
Nélson Oliveira,27,186,73,73,4300000,70,73,61,70,37,74,,,,,,,,,,,,,,,,,,,,,73,61,70,37,74
P. Ntep,26,180,73,73,4300000,73,68,70,77,29,67,,,,,,,,,,,,,,,,,,,,,68,70,77,29,67
Hervías,26,174,73,73,4300000,81,64,69,77,40,50,,,,,,,,,,,,,,,,,,,,,64,69,77,40,50
Iván Sánchez,26,174,73,73,4300000,91,59,66,77,34,52,,,,,,,,,,,,,,,,,,,,,59,66,77,34,52
K. Coulibaly,27,197,73,73,4300000,74,72,60,61,27,73,,,,,,,,,,,,,,,,,,,,,72,60,61,27,73
S. Andersson,27,190,73,73,4300000,65,69,49,65,25,75,,,,,,,,,,,,,,,,,,,,,69,49,65,25,75
S. Doukara,27,186,73,73,4300000,67,73,64,69,27,71,,,,,,,,,,,,,,,,,,,,,73,64,69,27,71
D. Delgado,26,185,73,73,4300000,88,63,65,69,60,71,,,,,,,,,,,,,,,,,,,,,63,65,69,60,71
Xavier,26,176,73,73,4300000,81,68,70,74,34,60,,,,,,,,,,,,,,,,,,,,,68,70,74,34,60
M. Targett,23,183,72,81,4300000,72,42,69,70,70,64,,,,,,,,,,,,,,,,,,,,,42,69,70,70,64
Adrián Marín,22,181,72,81,4300000,64,46,64,70,72,70,,,,,,,,,,,,,,,,,,,,,46,64,70,72,70
J. Brownhill,23,178,72,79,4300000,72,66,68,70,66,75,,,,,,,,,,,,,,,,,,,,,66,68,70,66,75
O. Etebo,23,176,72,79,4300000,81,64,68,76,72,79,,,,,,,,,,,,,,,,,,,,,64,68,76,72,79
J. Léa Siliki,23,183,72,79,4300000,71,69,71,74,68,67,,,,,,,,,,,,,,,,,,,,,69,71,74,68,67
M. Sáček,22,178,72,79,4300000,73,59,69,73,64,69,,,,,,,,,,,,,,,,,,,,,59,69,73,64,69
A. Halilović,23,169,72,78,4300000,73,63,73,77,40,42,,,,,,,,,,,,,,,,,,,,,63,73,77,40,42
Carlos Júnior,23,176,72,78,4300000,73,70,65,77,30,48,,,,,,,,,,,,,,,,,,,,,70,65,77,30,48
E. Koulouris,23,184,72,78,4300000,69,71,53,67,27,60,,,,,,,,,,,,,,,,,,,,,71,53,67,27,60
B. Manuel,22,169,72,78,4300000,80,61,67,79,34,58,,,,,,,,,,,,,,,,,,,,,61,67,79,34,58
O. Çınar,23,174,72,78,4300000,79,66,70,77,25,60,,,,,,,,,,,,,,,,,,,,,66,70,77,25,60
J. Otero,24,182,72,78,4300000,90,76,65,70,31,69,,,,,,,,,,,,,,,,,,,,,76,65,70,31,69
D. Crowley,21,170,72,78,4300000,71,61,71,77,38,57,,,,,,,,,,,,,,,,,,,,,61,71,77,38,57
M. Moreno,22,171,72,78,4300000,88,64,63,77,27,52,,,,,,,,,,,,,,,,,,,,,64,63,77,27,52
J. Harper,23,186,72,78,4300000,76,73,60,70,32,67,,,,,,,,,,,,,,,,,,,,,73,60,70,32,67
Aitor,23,177,72,78,4300000,81,65,68,74,28,54,,,,,,,,,,,,,,,,,,,,,65,68,74,28,54
Y. Suzuki,23,182,72,78,4300000,72,67,67,68,45,80,,,,,,,,,,,,,,,,,,,,,67,67,68,45,80
Gelson Dala,22,175,72,78,4300000,86,71,57,76,27,62,,,,,,,,,,,,,,,,,,,,,71,57,76,27,62
B. Srarfi,22,176,72,78,4300000,78,67,69,77,32,49,,,,,,,,,,,,,,,,,,,,,67,69,77,32,49
G. Cahill,33,193,77,77,4200000,41,58,51,57,78,74,,,,,,,,,,,,,,,,,,,,,58,51,57,78,74
Jonatan Soriano,33,180,75,75,4200000,58,78,73,78,32,66,,,,,,,,,,,,,,,,,,,,,78,73,78,32,66
H. Rodallega,33,181,75,75,4200000,75,73,68,75,43,71,,,,,,,,,,,,,,,,,,,,,73,68,75,43,71
F. Bastians,31,188,74,74,4200000,61,60,68,57,75,77,,,,,,,,,,,,,,,,,,,,,60,68,57,75,77
Nuno Coelho,31,183,74,74,4200000,55,44,64,67,74,72,,,,,,,,,,,,,,,,,,,,,44,64,67,74,72
P. Baysse,31,184,74,74,4200000,51,46,62,62,73,80,,,,,,,,,,,,,,,,,,,,,46,62,62,73,80
Titi,31,188,74,74,4200000,32,39,44,53,76,75,,,,,,,,,,,,,,,,,,,,,39,44,53,76,75
J. van der Heijden,31,185,74,74,4200000,37,62,72,70,74,70,,,,,,,,,,,,,,,,,,,,,62,72,70,74,70
L. Balogun,31,190,74,74,4200000,57,45,60,60,74,72,,,,,,,,,,,,,,,,,,,,,45,60,60,74,72
B. Poulain,31,189,74,74,4200000,33,26,57,46,77,74,,,,,,,,,,,,,,,,,,,,,26,57,46,77,74
G. Tzavellas,31,183,74,74,4200000,67,62,66,62,73,77,,,,,,,,,,,,,,,,,,,,,62,66,62,73,77
T. Klose,31,193,74,74,4200000,37,38,54,37,75,75,,,,,,,,,,,,,,,,,,,,,38,54,37,75,75
Osvaldo Lodeiro,31,185,74,74,4200000,73,49,53,53,75,69,,,,,,,,,,,,,,,,,,,,,49,53,53,75,69
Enaldo Toxeto,31,181,74,74,4200000,68,54,58,63,73,74,,,,,,,,,,,,,,,,,,,,,54,58,63,73,74
M. Kamiński,27,192,73,75,4200000,71,56,64,61,73,71,,,,,,,,,,,,,,,,,,,,,56,64,61,73,71
J. Czerwiński,27,183,73,75,4200000,60,32,45,42,73,82,,,,,,,,,,,,,,,,,,,,,32,45,42,73,82
Raillo,27,187,73,75,4200000,58,36,53,54,73,77,,,,,,,,,,,,,,,,,,,,,36,53,54,73,77
A. Poko,26,173,73,74,4200000,74,57,64,74,69,78,,,,,,,,,,,,,,,,,,,,,57,64,74,69,78
E. Goldaniga,25,188,73,74,4200000,48,33,41,51,73,70,,,,,,,,,,,,,,,,,,,,,33,41,51,73,70
P. Mpoku,27,180,73,73,4200000,69,74,74,73,46,69,,,,,,,,,,,,,,,,,,,,,74,74,73,46,69
M. Lestienne,27,176,73,73,4200000,76,70,70,76,36,54,,,,,,,,,,,,,,,,,,,,,70,70,76,36,54
S. Gürler,27,175,73,73,4200000,80,67,68,74,44,51,,,,,,,,,,,,,,,,,,,,,67,68,74,44,51
O. John,27,179,73,73,4200000,76,64,72,76,25,60,,,,,,,,,,,,,,,,,,,,,64,72,76,25,60
S. Al Dawsari,27,174,73,73,4200000,81,69,66,76,45,75,,,,,,,,,,,,,,,,,,,,,69,66,76,45,75
Álex Gallar,27,176,73,73,4200000,74,72,72,73,42,62,,,,,,,,,,,,,,,,,,,,,72,72,73,42,62
Puertas,27,183,73,73,4200000,78,71,65,74,40,67,,,,,,,,,,,,,,,,,,,,,71,65,74,40,67
S. Mendoza,27,171,73,73,4200000,90,67,64,78,29,65,,,,,,,,,,,,,,,,,,,,,67,64,78,29,65
M. Pisano,27,166,73,73,4200000,78,67,70,78,42,46,,,,,,,,,,,,,,,,,,,,,67,70,78,42,46
A. Ibargüen,27,168,73,73,4200000,90,63,66,78,36,45,,,,,,,,,,,,,,,,,,,,,63,66,78,36,45
C. de Pena,27,177,73,73,4200000,75,60,70,72,27,51,,,,,,,,,,,,,,,,,,,,,60,70,72,27,51
D. Zabala,27,172,73,73,4200000,71,74,72,73,41,65,,,,,,,,,,,,,,,,,,,,,74,72,73,41,65
S. Vegas,22,182,72,80,4200000,74,52,55,63,69,77,,,,,,,,,,,,,,,,,,,,,52,55,63,69,77
S. Posch,22,188,72,80,4200000,59,29,43,38,75,68,,,,,,,,,,,,,,,,,,,,,29,43,38,75,68
L. Mühl,22,189,72,80,4200000,74,37,60,58,69,74,,,,,,,,,,,,,,,,,,,,,37,60,58,69,74
A. González,24,173,72,78,4200000,76,70,71,72,65,67,,,,,,,,,,,,,,,,,,,,,70,71,72,65,67
E. Ofori,24,172,72,78,4200000,67,57,69,75,63,67,,,,,,,,,,,,,,,,,,,,,57,69,75,63,67
S. Bastien,22,175,72,78,4200000,71,61,72,76,59,66,,,,,,,,,,,,,,,,,,,,,61,72,76,59,66
S. Amrabat,22,183,72,78,4200000,68,57,71,72,67,80,,,,,,,,,,,,,,,,,,,,,57,71,72,67,80
A. Bobichon,23,178,72,78,4200000,73,72,72,73,56,66,,,,,,,,,,,,,,,,,,,,,72,72,73,56,66
A. Murgia,22,185,72,78,4200000,48,64,68,69,69,59,,,,,,,,,,,,,,,,,,,,,64,68,69,69,59
Santi Comesaña,22,184,72,78,4200000,60,64,65,66,72,70,,,,,,,,,,,,,,,,,,,,,64,65,66,72,70
J. Murphy,24,173,72,77,4200000,85,66,64,76,26,52,,,,,,,,,,,,,,,,,,,,,66,64,76,26,52
C. Jean,23,170,72,77,4200000,80,68,68,75,31,54,,,,,,,,,,,,,,,,,,,,,68,68,75,31,54
J. Jones,24,174,72,77,4200000,91,57,66,76,40,49,,,,,,,,,,,,,,,,,,,,,57,66,76,40,49
S. Perica,23,192,72,77,4200000,66,69,49,65,27,70,,,,,,,,,,,,,,,,,,,,,69,49,65,27,70
F. Mattiello,23,184,72,77,4200000,75,64,71,74,69,65,,,,,,,,,,,,,,,,,,,,,64,71,74,69,65
C. Akolo,24,172,72,77,4200000,81,68,63,78,26,61,,,,,,,,,,,,,,,,,,,,,68,63,78,26,61
S. Prevljak,24,187,72,77,4200000,71,72,61,70,23,73,,,,,,,,,,,,,,,,,,,,,72,61,70,23,73
Juan Muñoz,23,187,72,77,4200000,67,74,52,71,21,64,,,,,,,,,,,,,,,,,,,,,74,52,71,21,64
Nuno Santos,24,179,72,77,4200000,78,70,68,75,33,56,,,,,,,,,,,,,,,,,,,,,70,68,75,33,56
J. Kouassi,24,174,72,77,4200000,83,72,54,75,25,59,,,,,,,,,,,,,,,,,,,,,72,54,75,25,59
C. Ikonomidis,24,180,72,77,4200000,82,70,68,77,51,66,,,,,,,,,,,,,,,,,,,,,70,68,77,51,66
A. Diakhaby,22,184,72,77,4200000,87,69,64,73,23,54,,,,,,,,,,,,,,,,,,,,,69,64,73,23,54
N. Ampomah,23,175,72,77,4200000,85,67,61,77,27,66,,,,,,,,,,,,,,,,,,,,,67,61,77,27,66
Carlinhos,24,176,72,77,4200000,87,68,61,75,29,67,,,,,,,,,,,,,,,,,,,,,68,61,75,29,67
A. Besedin,23,185,72,77,4200000,71,67,48,67,41,67,,,,,,,,,,,,,,,,,,,,,67,48,67,41,67
A. Čermák,24,180,72,77,4200000,66,63,72,72,43,61,,,,,,,,,,,,,,,,,,,,,63,72,72,43,61
G. Fernández,25,186,72,77,4200000,66,71,59,67,52,78,,,,,,,,,,,,,,,,,,,,,71,59,67,52,78
O. Kökçü,18,175,71,84,4200000,73,65,70,71,52,60,,,,,,,,,,,,,,,,,,,,,65,70,71,52,60
Evander,21,179,71,83,4200000,70,67,67,75,50,60,,,,,,,,,,,,,,,,,,,,,67,67,75,50,60
K. Huntelaar,35,186,77,77,4100000,53,80,63,65,35,70,,,,,,,,,,,,,,,,,,,,,80,63,65,35,70
D. Cvitanich,35,174,77,77,4100000,60,76,71,75,37,69,,,,,,,,,,,,,,,,,,,,,76,71,75,37,69
G. Murray,35,183,77,77,4100000,31,78,61,67,42,72,,,,,,,,,,,,,,,,,,,,,78,61,67,42,72
Soldado,34,180,76,76,4100000,57,77,71,72,43,68,,,,,,,,,,,,,,,,,,,,,77,71,72,43,68
T. Gutiérrez,34,177,76,76,4100000,57,75,72,77,28,72,,,,,,,,,,,,,,,,,,,,,75,72,77,28,72
Barragán,32,183,75,75,4100000,70,52,67,70,73,74,,,,,,,,,,,,,,,,,,,,,52,67,70,73,74
Y. Nagatomo,32,170,75,75,4100000,81,49,66,70,72,65,,,,,,,,,,,,,,,,,,,,,49,66,70,72,65
L. Vangioni,32,178,75,75,4100000,83,63,69,72,72,75,,,,,,,,,,,,,,,,,,,,,63,69,72,72,75
G. Bong,31,183,74,74,4100000,63,41,69,70,76,71,,,,,,,,,,,,,,,,,,,,,41,69,70,76,71
Balenziaga,31,177,74,74,4100000,75,46,68,69,72,75,,,,,,,,,,,,,,,,,,,,,46,68,69,72,75
A. Nyom,31,189,74,74,4100000,70,47,62,65,75,82,,,,,,,,,,,,,,,,,,,,,47,62,65,75,82
M. Morozyuk,31,176,74,74,4100000,75,62,75,70,69,50,,,,,,,,,,,,,,,,,,,,,62,75,70,69,50
Enaldo Praz,31,177,74,74,4100000,72,49,68,64,74,70,,,,,,,,,,,,,,,,,,,,,49,68,64,74,70
M. Dijks,26,194,73,74,4100000,73,40,65,65,72,83,,,,,,,,,,,,,,,,,,,,,40,65,65,72,83
M. Poundjé,26,180,73,74,4100000,81,35,63,73,69,71,,,,,,,,,,,,,,,,,,,,,35,63,73,69,71
Lekue,26,180,73,74,4100000,85,64,69,73,69,71,,,,,,,,,,,,,,,,,,,,,64,69,73,69,71
S. Polter,28,192,73,73,4100000,70,72,51,62,28,84,,,,,,,,,,,,,,,,,,,,,72,51,62,28,84
A. Pulido,28,177,73,73,4100000,77,70,63,71,36,73,,,,,,,,,,,,,,,,,,,,,70,63,71,36,73
Suk Hyun Jun,28,190,73,73,4100000,62,74,58,69,39,78,,,,,,,,,,,,,,,,,,,,,74,58,69,39,78
Guerrero,28,181,73,73,4100000,70,72,66,70,42,69,,,,,,,,,,,,,,,,,,,,,72,66,70,42,69
A. Ujah,28,183,73,73,4100000,69,72,55,69,33,72,,,,,,,,,,,,,,,,,,,,,72,55,69,33,72
B. Linssen,28,170,73,73,4100000,77,71,65,73,37,66,,,,,,,,,,,,,,,,,,,,,71,65,73,37,66
Edigar Junio,28,174,73,73,4100000,89,72,64,74,21,64,,,,,,,,,,,,,,,,,,,,,72,64,74,21,64
Romarinho,28,174,73,73,4100000,85,68,67,78,30,56,,,,,,,,,,,,,,,,,,,,,68,67,78,30,56
Kim Seung Dae,28,175,73,73,4100000,88,67,67,73,53,66,,,,,,,,,,,,,,,,,,,,,67,67,73,53,66
G. Escobar,22,171,72,80,4100000,81,43,64,71,66,75,,,,,,,,,,,,,,,,,,,,,43,64,71,66,75
M. Murillo,23,183,72,80,4100000,81,49,63,70,68,79,,,,,,,,,,,,,,,,,,,,,49,63,70,68,79
S. Tibbling,24,175,72,77,4100000,70,56,71,74,62,68,,,,,,,,,,,,,,,,,,,,,56,71,74,62,68
M. Grimes,23,178,72,77,4100000,60,56,73,71,62,62,,,,,,,,,,,,,,,,,,,,,56,73,71,62,62
I. Fossum,22,180,72,77,4100000,70,63,68,73,63,71,,,,,,,,,,,,,,,,,,,,,63,68,73,63,71
L. Mazzitelli,23,187,72,77,4100000,57,55,71,71,64,63,,,,,,,,,,,,,,,,,,,,,55,71,71,64,63
P. Michorl,24,176,72,77,4100000,67,64,72,68,66,68,,,,,,,,,,,,,,,,,,,,,64,72,68,66,68
M. Gakpa,25,182,72,77,4100000,79,63,71,75,50,62,,,,,,,,,,,,,,,,,,,,,63,71,75,50,62
B. Acosta,25,175,72,77,4100000,84,70,68,68,66,80,,,,,,,,,,,,,,,,,,,,,70,68,68,66,80
M. Ducksch,25,188,72,76,4100000,67,71,58,66,34,68,,,,,,,,,,,,,,,,,,,,,71,58,66,34,68
D. Fagundez,24,173,72,76,4100000,75,67,69,76,43,59,,,,,,,,,,,,,,,,,,,,,67,69,76,43,59
P. Bamford,25,185,72,76,4100000,71,69,63,71,35,68,,,,,,,,,,,,,,,,,,,,,69,63,71,35,68
K. Peterson,24,185,72,76,4100000,77,74,66,75,33,61,,,,,,,,,,,,,,,,,,,,,74,66,75,33,61
J. Swift,24,182,72,76,4100000,63,67,72,73,56,54,,,,,,,,,,,,,,,,,,,,,67,72,73,56,54
A. Allione,24,169,72,76,4100000,80,62,70,73,34,61,,,,,,,,,,,,,,,,,,,,,62,70,73,34,61
P. Gerkens,24,179,72,76,4100000,58,70,70,68,66,67,,,,,,,,,,,,,,,,,,,,,70,70,68,66,67
Erik,24,170,72,76,4100000,84,71,65,76,23,44,,,,,,,,,,,,,,,,,,,,,71,65,76,23,44
S. Khaoui,24,182,72,76,4100000,72,64,73,74,38,54,,,,,,,,,,,,,,,,,,,,,64,73,74,38,54
A. Mendy,25,184,72,76,4100000,71,73,51,64,24,79,,,,,,,,,,,,,,,,,,,,,73,51,64,24,79
J. Dompé,23,170,72,76,4100000,76,68,71,75,37,59,,,,,,,,,,,,,,,,,,,,,68,71,75,37,59
Carlos Embaló,24,175,72,76,4100000,91,63,64,75,28,64,,,,,,,,,,,,,,,,,,,,,63,64,75,28,64
C. Espinoza,24,173,72,76,4100000,79,66,68,75,37,63,,,,,,,,,,,,,,,,,,,,,66,68,75,37,63
Ivo Rodrigues,24,179,72,76,4100000,77,68,68,78,39,63,,,,,,,,,,,,,,,,,,,,,68,68,78,39,63
Anderson Lopes,25,185,72,76,4100000,87,73,60,70,30,77,,,,,,,,,,,,,,,,,,,,,73,60,70,30,77
N. Dovedan,24,172,72,76,4100000,79,68,64,78,34,57,,,,,,,,,,,,,,,,,,,,,68,64,78,34,57
P. Hamel,25,189,72,76,4100000,62,73,49,65,26,60,,,,,,,,,,,,,,,,,,,,,73,49,65,26,60
B. Mbeumo,19,171,71,83,4100000,82,68,62,75,34,60,,,,,,,,,,,,,,,,,,,,,68,62,75,34,60
K. Grant,21,183,71,82,4100000,88,69,49,68,36,60,,,,,,,,,,,,,,,,,,,,,69,49,68,36,60
E. Eze,21,173,71,82,4100000,75,62,63,74,42,64,,,,,,,,,,,,,,,,,,,,,62,63,74,42,64
P. Daka,20,183,71,82,4100000,91,67,52,70,23,71,,,,,,,,,,,,,,,,,,,,,67,52,70,23,71
G. Clichy,33,176,77,77,4000000,78,43,70,75,75,68,,,,,,,,,,,,,,,,,,,,,43,70,75,75,68
A. Young,33,175,77,77,4000000,70,66,74,75,73,71,,,,,,,,,,,,,,,,,,,,,66,74,75,73,71
L. Refaelov,33,175,75,75,4000000,69,73,73,76,46,53,,,,,,,,,,,,,,,,,,,,,73,73,76,46,53
J. Błaszczykowski,33,175,75,75,4000000,72,70,75,76,60,67,,,,,,,,,,,,,,,,,,,,,70,75,76,60,67
N. Dirar,33,187,75,75,4000000,79,65,71,76,53,74,,,,,,,,,,,,,,,,,,,,,65,71,76,53,74
Fábio Espinho,33,174,75,75,4000000,67,71,74,77,61,62,,,,,,,,,,,,,,,,,,,,,71,74,77,61,62
M. Schnatterer,33,180,75,75,4000000,70,78,77,73,35,61,,,,,,,,,,,,,,,,,,,,,78,77,73,35,61
M. Zaldivia,28,181,73,75,4000000,53,39,61,59,73,79,,,,,,,,,,,,,,,,,,,,,39,61,59,73,79
L. Benito,27,186,73,74,4000000,68,50,67,68,71,75,,,,,,,,,,,,,,,,,,,,,50,67,68,71,75
A. Souquet,27,179,73,74,4000000,75,53,70,70,70,65,,,,,,,,,,,,,,,,,,,,,53,70,70,70,65
N. Isimat-Mirin,27,189,73,74,4000000,63,34,53,45,73,77,,,,,,,,,,,,,,,,,,,,,34,53,45,73,77
D. Pavelka,28,185,73,74,4000000,60,59,68,69,67,75,,,,,,,,,,,,,,,,,,,,,59,68,69,67,75
Clerc,27,182,73,74,4000000,79,56,68,75,67,74,,,,,,,,,,,,,,,,,,,,,56,68,75,67,74
N. Gießelmann,27,182,73,74,4000000,75,54,67,67,70,75,,,,,,,,,,,,,,,,,,,,,54,67,67,70,75
L. Gil,28,171,73,74,4000000,67,52,77,71,70,74,,,,,,,,,,,,,,,,,,,,,52,77,71,70,74
S. Taniguchi,27,183,73,74,4000000,66,45,58,59,73,74,,,,,,,,,,,,,,,,,,,,,45,58,59,73,74
O. Haddadi,27,184,73,74,4000000,74,38,62,64,72,72,,,,,,,,,,,,,,,,,,,,,38,62,64,72,72
Bebé,28,190,73,73,4000000,83,74,69,72,41,82,,,,,,,,,,,,,,,,,,,,,74,69,72,41,82
F. Forestieri,29,172,73,73,4000000,78,73,68,79,48,67,,,,,,,,,,,,,,,,,,,,,73,68,79,48,67
S. Vokes,29,188,73,73,4000000,51,75,61,64,43,81,,,,,,,,,,,,,,,,,,,,,75,61,64,43,81
G. Kakuta,28,173,73,73,4000000,78,69,70,79,40,62,,,,,,,,,,,,,,,,,,,,,69,70,79,40,62
S. Johansen,28,182,73,73,4000000,68,70,72,73,66,74,,,,,,,,,,,,,,,,,,,,,70,72,73,66,74
Dani Pacheco,28,168,73,73,4000000,71,69,74,78,36,60,,,,,,,,,,,,,,,,,,,,,69,74,78,36,60
J. Kodjia,29,189,73,73,4000000,77,70,57,73,27,73,,,,,,,,,,,,,,,,,,,,,70,57,73,27,73
N. Krstičić,28,180,73,73,4000000,71,62,70,71,68,72,,,,,,,,,,,,,,,,,,,,,62,70,71,68,72
M. Stiepermann,28,190,73,73,4000000,66,72,70,72,64,77,,,,,,,,,,,,,,,,,,,,,72,70,72,64,77
Samu Sáiz,28,174,73,73,4000000,75,69,70,75,25,59,,,,,,,,,,,,,,,,,,,,,69,70,75,25,59
M. Autret,28,179,73,73,4000000,71,70,72,74,42,60,,,,,,,,,,,,,,,,,,,,,70,72,74,42,60
V. Pajot,28,180,73,73,4000000,59,58,69,71,73,68,,,,,,,,,,,,,,,,,,,,,58,69,71,73,68
B. Dejaegere,28,174,73,73,4000000,75,61,71,77,66,73,,,,,,,,,,,,,,,,,,,,,61,71,77,66,73
N. Benezet,28,165,73,73,4000000,77,69,70,76,32,53,,,,,,,,,,,,,,,,,,,,,69,70,76,32,53
Jota,28,180,73,73,4000000,69,68,72,75,31,58,,,,,,,,,,,,,,,,,,,,,68,72,75,31,58
D. Ndongala,28,170,73,73,4000000,88,60,67,77,27,46,,,,,,,,,,,,,,,,,,,,,60,67,77,27,46
T. Dingomé,28,174,73,73,4000000,68,64,72,74,65,70,,,,,,,,,,,,,,,,,,,,,64,72,74,65,70
R. Bezus,28,186,73,73,4000000,65,68,75,72,46,70,,,,,,,,,,,,,,,,,,,,,68,75,72,46,70
O. Niasse,29,182,73,73,4000000,73,72,55,72,29,69,,,,,,,,,,,,,,,,,,,,,72,55,72,29,69
R. Zozulya,29,180,73,73,4000000,76,71,58,66,44,81,,,,,,,,,,,,,,,,,,,,,71,58,66,44,81
Gerso,28,173,73,73,4000000,93,66,62,76,41,50,,,,,,,,,,,,,,,,,,,,,66,62,76,41,50
A. Maxim,28,177,73,73,4000000,69,67,71,78,32,53,,,,,,,,,,,,,,,,,,,,,67,71,78,32,53
P. Hurtado,28,176,73,73,4000000,81,71,71,75,44,59,,,,,,,,,,,,,,,,,,,,,71,71,75,44,59
G. Lapadula,29,178,73,73,4000000,73,71,57,73,24,64,,,,,,,,,,,,,,,,,,,,,71,57,73,24,64
A. Plata,28,173,73,73,4000000,91,68,57,75,42,69,,,,,,,,,,,,,,,,,,,,,68,57,75,42,69
G. Haraguchi,28,177,73,73,4000000,85,59,66,79,44,51,,,,,,,,,,,,,,,,,,,,,59,66,79,44,51
M. Barrios,28,162,73,73,4000000,92,66,66,74,45,51,,,,,,,,,,,,,,,,,,,,,66,66,74,45,51
C. Peralta,29,178,73,73,4000000,74,72,51,70,29,60,,,,,,,,,,,,,,,,,,,,,72,51,70,29,60
R. Morioka,28,180,73,73,4000000,58,71,75,71,37,60,,,,,,,,,,,,,,,,,,,,,71,75,71,37,60
O. Govea,23,174,72,79,4000000,67,57,71,72,68,64,,,,,,,,,,,,,,,,,,,,,57,71,72,68,64
C. Gruezo,24,171,72,79,4000000,59,46,62,66,69,76,,,,,,,,,,,,,,,,,,,,,46,62,66,69,76
R. Canouse,24,177,72,79,4000000,67,51,62,66,70,76,,,,,,,,,,,,,,,,,,,,,51,62,66,70,76
J. Schouten,22,185,72,79,4000000,67,55,65,73,70,66,,,,,,,,,,,,,,,,,,,,,55,65,73,70,66
D. Nedelcu,22,189,72,79,4000000,69,54,62,62,69,76,,,,,,,,,,,,,,,,,,,,,54,62,62,69,76
A. Musrati,23,193,72,79,4000000,53,51,66,65,69,76,,,,,,,,,,,,,,,,,,,,,51,66,65,69,76
N. Powell,25,183,72,76,4000000,67,70,66,72,47,64,,,,,,,,,,,,,,,,,,,,,70,66,72,47,64
C. Benavente,25,172,72,76,4000000,73,69,68,74,34,45,,,,,,,,,,,,,,,,,,,,,69,68,74,34,45
S. Gustafson,24,185,72,76,4000000,66,71,71,72,52,72,,,,,,,,,,,,,,,,,,,,,71,71,72,52,72
M. Frey,24,189,72,75,4000000,64,72,57,65,30,87,,,,,,,,,,,,,,,,,,,,,72,57,65,30,87
Léo Bonatini,25,184,72,75,4000000,68,70,67,71,35,71,,,,,,,,,,,,,,,,,,,,,70,67,71,35,71
M. Mahi,25,181,72,75,4000000,76,73,67,77,35,65,,,,,,,,,,,,,,,,,,,,,73,67,77,35,65
Y. Boli,25,181,72,75,4000000,76,70,57,71,39,72,,,,,,,,,,,,,,,,,,,,,70,57,71,39,72
Dalmau,25,181,72,75,4000000,77,75,53,68,41,58,,,,,,,,,,,,,,,,,,,,,75,53,68,41,58
L. Höler,24,184,72,75,4000000,68,71,51,65,34,74,,,,,,,,,,,,,,,,,,,,,71,51,65,34,74
G. Kvilitaia,25,193,72,75,4000000,71,69,56,70,37,77,,,,,,,,,,,,,,,,,,,,,69,56,70,37,77
Alexandre Guedes,25,185,72,75,4000000,64,70,58,69,22,70,,,,,,,,,,,,,,,,,,,,,70,58,69,22,70
F. Higuaín,34,173,76,76,3900000,56,71,78,74,49,61,,,,,,,,,,,,,,,,,,,,,71,78,74,49,61
Pablo Hernández,34,173,76,76,3900000,70,73,76,78,46,60,,,,,,,,,,,,,,,,,,,,,73,76,78,46,60
M. Fernández,33,178,75,75,3900000,70,69,77,78,58,62,,,,,,,,,,,,,,,,,,,,,69,77,78,58,62
L. Montes,33,166,75,75,3900000,64,69,74,77,58,67,,,,,,,,,,,,,,,,,,,,,69,74,77,58,67
Juanpe,28,190,73,74,3900000,53,35,56,49,70,79,,,,,,,,,,,,,,,,,,,,,35,56,49,70,79
L. Sobiech,28,196,73,74,3900000,46,51,47,41,74,74,,,,,,,,,,,,,,,,,,,,,51,47,41,74,74
K. Long,28,190,73,74,3900000,52,35,50,55,73,74,,,,,,,,,,,,,,,,,,,,,35,50,55,73,74
Guitián,28,181,73,74,3900000,66,41,58,62,71,77,,,,,,,,,,,,,,,,,,,,,41,58,62,71,77
Bigas,28,181,73,74,3900000,68,52,59,60,72,72,,,,,,,,,,,,,,,,,,,,,52,59,60,72,72
Gonçalo Silva,28,186,73,74,3900000,61,33,52,48,74,77,,,,,,,,,,,,,,,,,,,,,33,52,48,74,77
M. Nervo,28,181,73,74,3900000,61,43,56,55,71,80,,,,,,,,,,,,,,,,,,,,,43,56,55,71,80
A. Mina,28,190,73,74,3900000,48,36,53,51,72,77,,,,,,,,,,,,,,,,,,,,,36,53,51,72,77
Miguel Vieira,28,190,73,74,3900000,54,30,42,47,72,76,,,,,,,,,,,,,,,,,,,,,30,42,47,72,76
J. Vossen,30,183,73,73,3900000,59,75,70,69,45,69,,,,,,,,,,,,,,,,,,,,,75,70,69,45,69
T. Matavž,30,188,73,73,3900000,49,74,51,67,30,69,,,,,,,,,,,,,,,,,,,,,74,51,67,30,69
S. Di Carmine,30,187,73,73,3900000,69,72,53,72,36,76,,,,,,,,,,,,,,,,,,,,,72,53,72,36,76
R. Rodelin,29,192,73,73,3900000,56,72,72,72,43,69,,,,,,,,,,,,,,,,,,,,,72,72,72,43,69
J. Urretaviscaya,29,172,73,73,3900000,77,70,72,74,34,61,,,,,,,,,,,,,,,,,,,,,70,72,74,34,61
A. Özbiliz,29,175,73,73,3900000,78,73,72,75,33,55,,,,,,,,,,,,,,,,,,,,,73,72,75,33,55
O. Kragl,29,180,73,73,3900000,81,71,67,73,51,78,,,,,,,,,,,,,,,,,,,,,71,67,73,51,78
M. Bolaños,29,172,73,73,3900000,81,70,66,74,25,63,,,,,,,,,,,,,,,,,,,,,70,66,74,25,63
Víctor Rodríguez,29,167,73,73,3900000,74,70,71,75,43,60,,,,,,,,,,,,,,,,,,,,,70,71,75,43,60
L. Depoitre,30,191,73,73,3900000,48,71,59,63,43,79,,,,,,,,,,,,,,,,,,,,,71,59,63,43,79
M. Kanazaki,30,180,73,73,3900000,79,70,67,71,35,82,,,,,,,,,,,,,,,,,,,,,70,67,71,35,82
Arsénio,29,180,73,73,3900000,74,67,69,76,36,64,,,,,,,,,,,,,,,,,,,,,67,69,76,36,64
A. del Valle,30,175,73,73,3900000,78,73,62,75,37,68,,,,,,,,,,,,,,,,,,,,,73,62,75,37,68
D. Asprilla,30,177,73,73,3900000,81,72,67,77,34,75,,,,,,,,,,,,,,,,,,,,,72,67,77,34,75
F. Hinestroza,29,178,73,73,3900000,88,63,67,76,43,65,,,,,,,,,,,,,,,,,,,,,63,67,76,43,65
S. Cárdenas,29,168,73,73,3900000,79,69,71,74,42,57,,,,,,,,,,,,,,,,,,,,,69,71,74,42,57
A. Di Gaudio,29,169,73,73,3900000,89,60,65,80,31,46,,,,,,,,,,,,,,,,,,,,,60,65,80,31,46
J. Cristaldo,30,175,73,73,3900000,74,71,62,74,28,70,,,,,,,,,,,,,,,,,,,,,71,62,74,28,70
Cesinha,29,177,73,73,3900000,73,73,70,73,30,62,,,,,,,,,,,,,,,,,,,,,73,70,73,30,62
E. Karaca,29,166,73,73,3900000,83,63,65,78,44,50,,,,,,,,,,,,,,,,,,,,,63,65,78,44,50
B. Davies,23,185,72,79,3900000,71,39,55,60,72,74,,,,,,,,,,,,,,,,,,,,,39,55,60,72,74
Fábio Cardoso,25,187,72,79,3900000,61,32,47,59,70,78,,,,,,,,,,,,,,,,,,,,,32,47,59,70,78
F. Vicari,24,190,72,79,3900000,34,27,49,45,74,69,,,,,,,,,,,,,,,,,,,,,27,49,45,74,69
Saúl,24,182,72,79,3900000,69,45,66,67,70,64,,,,,,,,,,,,,,,,,,,,,45,66,67,70,64
Sergi Palencia,23,168,72,79,3900000,79,56,62,71,69,73,,,,,,,,,,,,,,,,,,,,,56,62,71,69,73
A. Calabresi,23,186,72,79,3900000,59,30,48,54,73,71,,,,,,,,,,,,,,,,,,,,,30,48,54,73,71
E. Kwateng,22,181,72,79,3900000,67,36,63,68,73,63,,,,,,,,,,,,,,,,,,,,,36,63,68,73,63
Nacho Vidal,24,180,72,79,3900000,76,55,67,69,67,66,,,,,,,,,,,,,,,,,,,,,55,67,69,67,66
D. Vavro,23,190,72,79,3900000,68,49,51,56,70,79,,,,,,,,,,,,,,,,,,,,,49,51,56,70,79
M. Suárez,23,182,72,79,3900000,77,42,60,60,73,76,,,,,,,,,,,,,,,,,,,,,42,60,60,73,76
B. de Nooijer,21,186,72,79,3900000,86,41,50,65,68,66,,,,,,,,,,,,,,,,,,,,,41,50,65,68,66
J. Rodríguez,23,171,72,78,3900000,69,44,66,66,69,69,,,,,,,,,,,,,,,,,,,,,44,66,66,69,69
L. Kalvach,23,183,72,78,3900000,71,60,67,70,70,71,,,,,,,,,,,,,,,,,,,,,60,67,70,70,71
M. Møller Dæhli,24,175,72,75,3900000,78,53,67,80,23,48,,,,,,,,,,,,,,,,,,,,,53,67,80,23,48
J. Bahebeck,26,182,72,75,3900000,74,71,70,73,37,66,,,,,,,,,,,,,,,,,,,,,71,70,73,37,66
B. Assombalonga,26,178,72,75,3900000,77,71,57,66,38,72,,,,,,,,,,,,,,,,,,,,,71,57,66,38,72
O. Nguette,24,182,72,75,3900000,85,63,64,75,41,60,,,,,,,,,,,,,,,,,,,,,63,64,75,41,60
Y. Kubo,25,178,72,75,3900000,75,69,67,76,41,58,,,,,,,,,,,,,,,,,,,,,69,67,76,41,58
C. Falletti,26,170,72,75,3900000,81,64,69,78,33,61,,,,,,,,,,,,,,,,,,,,,64,69,78,33,61
Alex Alegría,26,191,72,75,3900000,50,71,56,70,33,71,,,,,,,,,,,,,,,,,,,,,71,56,70,33,71
F. Ricci,25,175,72,75,3900000,79,64,66,76,47,48,,,,,,,,,,,,,,,,,,,,,64,66,76,47,48
E. Thommy,24,174,72,75,3900000,77,67,71,75,33,52,,,,,,,,,,,,,,,,,,,,,67,71,75,33,52
S. Moreo,26,190,72,75,3900000,76,66,61,68,51,79,,,,,,,,,,,,,,,,,,,,,66,61,68,51,79
F. Diedhiou,26,189,72,75,3900000,60,70,46,66,31,73,,,,,,,,,,,,,,,,,,,,,70,46,66,31,73
M. Doumbia,24,173,72,75,3900000,83,68,66,75,36,60,,,,,,,,,,,,,,,,,,,,,68,66,75,36,60
A. Tashaev,25,179,72,75,3900000,78,61,71,71,40,62,,,,,,,,,,,,,,,,,,,,,61,71,71,40,62
D. Álvarez,24,176,72,75,3900000,88,58,70,75,32,60,,,,,,,,,,,,,,,,,,,,,58,70,75,32,60
C. Guanca,26,178,72,75,3900000,78,72,61,72,37,68,,,,,,,,,,,,,,,,,,,,,72,61,72,37,68
J. Menéndez,25,166,72,75,3900000,89,66,63,76,34,48,,,,,,,,,,,,,,,,,,,,,66,63,76,34,48
Pedrinho,26,170,72,75,3900000,79,66,72,74,52,60,,,,,,,,,,,,,,,,,,,,,66,72,74,52,60
N. Moumi Ngamaleu,24,182,72,75,3900000,91,72,62,71,34,73,,,,,,,,,,,,,,,,,,,,,72,62,71,34,73
L. Blessing,22,165,72,75,3900000,86,62,64,75,57,57,,,,,,,,,,,,,,,,,,,,,62,64,75,57,57
C. Antwi-Adjej,25,173,72,75,3900000,86,60,61,77,26,55,,,,,,,,,,,,,,,,,,,,,60,61,77,26,55
Y. Bárcenas,25,175,72,75,3900000,82,66,67,74,36,61,,,,,,,,,,,,,,,,,,,,,66,67,74,36,61
A. Helal,26,194,72,75,3900000,74,68,52,71,38,71,,,,,,,,,,,,,,,,,,,,,68,52,71,38,71
M. Clarke,22,188,71,83,3900000,55,37,54,59,69,81,,,,,,,,,,,,,,,,,,,,,37,54,59,69,81
K. Balanta,22,179,71,83,3900000,84,50,57,64,68,82,,,,,,,,,,,,,,,,,,,,,50,57,64,68,82
D. Fry,21,191,71,83,3900000,64,29,50,55,71,70,,,,,,,,,,,,,,,,,,,,,29,50,55,71,70
G. Pezzella,21,187,71,83,3900000,77,52,64,71,67,75,,,,,,,,,,,,,,,,,,,,,52,64,71,67,75
Emerson,20,181,71,83,3900000,82,56,61,67,67,73,,,,,,,,,,,,,,,,,,,,,56,61,67,67,73
Rafa Mir,22,191,71,81,3900000,73,71,60,67,44,67,,,,,,,,,,,,,,,,,,,,,71,60,67,44,67
I. Ganago,20,176,71,81,3900000,78,70,52,69,34,66,,,,,,,,,,,,,,,,,,,,,70,52,69,34,66
A. Pinamonti,20,188,70,86,3900000,64,70,45,67,22,63,,,,,,,,,,,,,,,,,,,,,70,45,67,22,63
R. Vargas,20,174,70,85,3900000,80,65,64,71,53,63,,,,,,,,,,,,,,,,,,,,,65,64,71,53,63
M. Svanberg,20,185,70,84,3900000,78,65,69,73,52,67,,,,,,,,,,,,,,,,,,,,,65,69,73,52,67
A. Barkok,21,188,70,84,3900000,69,62,67,79,54,63,,,,,,,,,,,,,,,,,,,,,62,67,79,54,63
Miguel Luís,20,178,70,84,3900000,67,61,69,73,61,67,,,,,,,,,,,,,,,,,,,,,61,69,73,61,67
Dante,35,188,79,79,3800000,36,52,67,63,80,76,,,,,,,,,,,,,,,,,,,,,52,67,63,80,76
A. Granqvist,34,192,78,78,3800000,37,58,58,54,80,76,,,,,,,,,,,,,,,,,,,,,58,58,54,80,76
B. Nuytinck,29,190,73,74,3800000,34,40,48,52,76,69,,,,,,,,,,,,,,,,,,,,,40,48,52,76,69
L. Pernica,29,187,73,74,3800000,67,38,54,53,72,76,,,,,,,,,,,,,,,,,,,,,38,54,53,72,76
F. Tobio,29,186,73,74,3800000,61,30,53,44,72,80,,,,,,,,,,,,,,,,,,,,,30,53,44,72,80
Lee Chung Yong,30,180,73,73,3800000,68,64,71,75,53,61,,,,,,,,,,,,,,,,,,,,,64,71,75,53,61
K. Monnet-Paquet,30,184,73,73,3800000,79,68,70,70,52,73,,,,,,,,,,,,,,,,,,,,,68,70,70,52,73
Fernando Boldrin,30,181,73,73,3800000,67,68,72,72,59,63,,,,,,,,,,,,,,,,,,,,,68,72,72,59,63
J. Johansson,29,187,73,73,3800000,52,63,65,64,74,81,,,,,,,,,,,,,,,,,,,,,63,65,64,74,81
V. Stocker,30,179,73,73,3800000,68,67,76,74,48,63,,,,,,,,,,,,,,,,,,,,,67,76,74,48,63
A. Grünwald,30,188,73,73,3800000,65,69,72,72,56,78,,,,,,,,,,,,,,,,,,,,,69,72,72,56,78
Licá,30,181,73,73,3800000,75,72,69,73,42,70,,,,,,,,,,,,,,,,,,,,,72,69,73,42,70
J. Livermore,29,180,73,73,3800000,62,63,70,69,72,78,,,,,,,,,,,,,,,,,,,,,63,70,69,72,78
Caiuby,30,184,73,73,3800000,80,73,68,71,38,81,,,,,,,,,,,,,,,,,,,,,73,68,71,38,81
M. Klich,29,183,73,73,3800000,59,70,72,71,56,71,,,,,,,,,,,,,,,,,,,,,70,72,71,56,71
M. Rzatkowski,29,172,73,73,3800000,74,65,72,75,64,68,,,,,,,,,,,,,,,,,,,,,65,72,75,64,68
André Martins,29,169,73,73,3800000,78,63,71,79,58,56,,,,,,,,,,,,,,,,,,,,,63,71,79,58,56
Roberto Torres,30,178,73,73,3800000,63,74,73,71,59,71,,,,,,,,,,,,,,,,,,,,,74,73,71,59,71
A. Barison,24,186,72,78,3800000,65,42,51,53,72,69,,,,,,,,,,,,,,,,,,,,,42,51,53,72,69
Diego González,24,185,72,78,3800000,66,32,61,61,71,74,,,,,,,,,,,,,,,,,,,,,32,61,61,71,74
K. Tsimikas,23,175,72,78,3800000,87,57,67,71,67,70,,,,,,,,,,,,,,,,,,,,,57,67,71,67,70
J. Sánchez,21,175,72,78,3800000,82,45,63,68,69,66,,,,,,,,,,,,,,,,,,,,,45,63,68,69,66
Domingos Duarte,24,190,72,78,3800000,45,35,46,51,73,77,,,,,,,,,,,,,,,,,,,,,35,46,51,73,77
L. Koutris,23,171,72,78,3800000,84,60,64,70,67,69,,,,,,,,,,,,,,,,,,,,,60,64,70,67,69
J. De Sart,24,186,72,77,3800000,54,62,72,67,69,70,,,,,,,,,,,,,,,,,,,,,62,72,67,69,70
M. Kanno,24,191,72,77,3800000,71,69,68,72,68,76,,,,,,,,,,,,,,,,,,,,,69,68,72,68,76
M. Bešić,26,180,72,75,3800000,63,54,67,74,70,74,,,,,,,,,,,,,,,,,,,,,54,67,74,70,74
G. Saville,26,176,72,75,3800000,64,66,69,71,68,76,,,,,,,,,,,,,,,,,,,,,66,69,71,68,76
A. Fransson,25,180,72,75,3800000,68,63,66,72,67,74,,,,,,,,,,,,,,,,,,,,,63,66,72,67,74
J. Nieto,26,178,72,75,3800000,71,66,75,73,48,72,,,,,,,,,,,,,,,,,,,,,66,75,73,48,72
L. Faravelli,26,177,72,75,3800000,77,70,69,72,70,72,,,,,,,,,,,,,,,,,,,,,70,69,72,70,72
Lucas Piazon,25,182,72,74,3800000,65,72,72,73,34,53,,,,,,,,,,,,,,,,,,,,,72,72,73,34,53
M. Bruno,25,178,72,74,3800000,76,68,70,72,36,64,,,,,,,,,,,,,,,,,,,,,68,70,72,36,64
D. Jevtić,26,182,72,74,3800000,71,66,71,71,45,64,,,,,,,,,,,,,,,,,,,,,66,71,71,45,64
K. Sema,25,180,72,74,3800000,78,66,69,75,42,68,,,,,,,,,,,,,,,,,,,,,66,69,75,42,68
Aketxe,25,174,72,74,3800000,63,71,77,73,45,58,,,,,,,,,,,,,,,,,,,,,71,77,73,45,58
M. Diemers,25,175,72,74,3800000,72,65,74,76,59,63,,,,,,,,,,,,,,,,,,,,,65,74,76,59,63
M. Thiam,26,185,72,74,3800000,75,69,64,74,26,71,,,,,,,,,,,,,,,,,,,,,69,64,74,26,71
J. Correa,26,187,72,74,3800000,67,71,50,71,29,76,,,,,,,,,,,,,,,,,,,,,71,50,71,29,76
K. Narey,24,180,72,74,3800000,85,64,65,71,60,75,,,,,,,,,,,,,,,,,,,,,64,65,71,60,75
Thiago Santana,26,184,72,74,3800000,68,71,61,68,25,72,,,,,,,,,,,,,,,,,,,,,71,61,68,25,72
D. Maresic,19,183,71,83,3800000,58,31,53,51,73,72,,,,,,,,,,,,,,,,,,,,,31,53,51,73,72
B. Godfrey,21,183,71,82,3800000,74,44,58,64,68,77,,,,,,,,,,,,,,,,,,,,,44,58,64,68,77
V. Nelsson,20,185,71,82,3800000,65,39,60,60,71,76,,,,,,,,,,,,,,,,,,,,,39,60,60,71,76
A. Tello,22,181,71,81,3800000,86,58,69,75,61,81,,,,,,,,,,,,,,,,,,,,,58,69,75,61,81
J. Bacuna,21,178,71,81,3800000,69,66,70,75,65,73,,,,,,,,,,,,,,,,,,,,,66,70,75,65,73
C. Adjapong,21,180,71,81,3800000,68,51,65,75,71,59,,,,,,,,,,,,,,,,,,,,,51,65,75,71,59
J. González,20,175,71,81,3800000,72,57,66,73,70,69,,,,,,,,,,,,,,,,,,,,,57,66,73,70,69
A. Saelemaekers,20,176,71,81,3800000,77,53,70,73,60,63,,,,,,,,,,,,,,,,,,,,,53,70,73,60,63
M. Gibbs-White,19,178,70,86,3800000,72,61,69,72,56,64,,,,,,,,,,,,,,,,,,,,,61,69,72,56,64
H. Traorè,19,172,70,86,3800000,66,66,68,73,56,61,,,,,,,,,,,,,,,,,,,,,66,68,73,56,61
C. Ferreira,19,175,70,86,3800000,75,69,73,74,49,61,,,,,,,,,,,,,,,,,,,,,69,73,74,49,61
J. Hurtado,19,183,70,86,3800000,83,68,60,72,24,68,,,,,,,,,,,,,,,,,,,,,68,60,72,24,68
M. Solomon,19,170,70,86,3800000,79,56,63,75,33,45,,,,,,,,,,,,,,,,,,,,,56,63,75,33,45
E. Brignola,19,168,70,84,3800000,71,64,64,73,21,54,,,,,,,,,,,,,,,,,,,,,64,64,73,21,54
A. Tchouaméni,19,185,70,84,3800000,72,53,63,71,69,73,,,,,,,,,,,,,,,,,,,,,53,63,71,69,73
F. Amuzu,19,170,70,84,3800000,87,63,63,76,32,56,,,,,,,,,,,,,,,,,,,,,63,63,76,32,56
I. Openda,19,174,70,84,3800000,93,65,56,69,25,64,,,,,,,,,,,,,,,,,,,,,65,56,69,25,64
Romário Baró,19,180,70,84,3800000,75,65,69,70,43,54,,,,,,,,,,,,,,,,,,,,,65,69,70,43,54
Markel Bergara,33,181,76,76,3700000,42,64,72,65,73,72,,,,,,,,,,,,,,,,,,,,,64,72,65,73,72
R. Donk,33,192,76,76,3700000,60,64,68,70,74,85,,,,,,,,,,,,,,,,,,,,,64,68,70,74,85
G. Svensson,32,184,74,74,3700000,42,45,64,64,71,80,,,,,,,,,,,,,,,,,,,,,45,64,64,71,80
F. Rinaudo,32,176,74,74,3700000,66,64,67,70,71,76,,,,,,,,,,,,,,,,,,,,,64,67,70,71,76
E. Kalinski,32,184,74,74,3700000,65,51,71,70,70,82,,,,,,,,,,,,,,,,,,,,,51,71,70,70,82
M. Vrančić,30,187,73,73,3700000,55,70,73,73,59,70,,,,,,,,,,,,,,,,,,,,,70,73,73,59,70
E. Vecchio,30,178,73,73,3700000,75,68,72,76,57,71,,,,,,,,,,,,,,,,,,,,,68,72,76,57,71
B. Bereszyński,26,183,73,73,3700000,85,56,65,70,70,72,,,,,,,,,,,,,,,,,,,,,56,65,70,70,72
Vicente Gómez,30,188,73,73,3700000,33,62,71,66,71,71,,,,,,,,,,,,,,,,,,,,,62,71,66,71,71
Andrei Girotto,27,186,73,73,3700000,59,66,66,68,74,71,,,,,,,,,,,,,,,,,,,,,66,66,68,74,71
Michel Cruceiro,27,185,73,73,3700000,60,64,68,64,71,78,,,,,,,,,,,,,,,,,,,,,64,68,64,71,78
C. Doukouré,26,180,72,77,3700000,68,62,65,67,72,76,,,,,,,,,,,,,,,,,,,,,62,65,67,72,76
B. Osborn,24,176,72,77,3700000,76,64,70,72,64,60,,,,,,,,,,,,,,,,,,,,,64,70,72,64,60
B. Bolingoli,24,180,72,77,3700000,90,63,61,70,65,79,,,,,,,,,,,,,,,,,,,,,63,61,70,65,79
D. Sinkgraven,23,179,72,77,3700000,79,59,74,79,66,62,,,,,,,,,,,,,,,,,,,,,59,74,79,66,62
D. Ndong,25,179,72,77,3700000,69,60,63,71,69,76,,,,,,,,,,,,,,,,,,,,,60,63,71,69,76
David Costas,24,184,72,77,3700000,64,43,64,65,72,65,,,,,,,,,,,,,,,,,,,,,43,64,65,72,65
Vigaray,24,182,72,77,3700000,72,49,61,69,71,70,,,,,,,,,,,,,,,,,,,,,49,61,69,71,70
M. Malyshev,26,181,72,77,3700000,71,65,66,68,67,74,,,,,,,,,,,,,,,,,,,,,65,66,68,67,74
K. Pedersen,24,191,72,77,3700000,67,36,57,65,74,79,,,,,,,,,,,,,,,,,,,,,36,57,65,74,79
M. de los Santos,26,184,72,77,3700000,52,55,55,54,69,84,,,,,,,,,,,,,,,,,,,,,55,55,54,69,84
J. Akpa Akpro,26,180,72,74,3700000,80,67,70,71,68,71,,,,,,,,,,,,,,,,,,,,,67,70,71,68,71
A. Bouchalakis,26,188,72,74,3700000,63,67,71,68,65,70,,,,,,,,,,,,,,,,,,,,,67,71,68,65,70
J. Iturbe,26,169,72,73,3700000,89,64,67,76,29,56,,,,,,,,,,,,,,,,,,,,,64,67,76,29,56
R. Matos,26,180,72,73,3700000,76,67,63,78,35,68,,,,,,,,,,,,,,,,,,,,,67,63,78,35,68
V. Misidjan,25,173,72,73,3700000,86,64,64,77,29,59,,,,,,,,,,,,,,,,,,,,,64,64,77,29,59
M. Trotta,26,188,72,73,3700000,63,71,58,68,43,66,,,,,,,,,,,,,,,,,,,,,71,58,68,43,66
Vako,26,175,72,73,3700000,64,73,66,79,36,63,,,,,,,,,,,,,,,,,,,,,73,66,79,36,63
O. Tannane,25,177,72,73,3700000,80,74,68,74,35,70,,,,,,,,,,,,,,,,,,,,,74,68,74,35,70
R. Ripart,26,181,72,73,3700000,73,73,66,71,60,67,,,,,,,,,,,,,,,,,,,,,73,66,71,60,67
João Teixeira,26,177,72,73,3700000,71,67,70,76,37,57,,,,,,,,,,,,,,,,,,,,,67,70,76,37,57
J. Rojas,26,168,72,73,3700000,90,66,64,75,34,61,,,,,,,,,,,,,,,,,,,,,66,64,75,34,61
R. Gómez,26,166,72,73,3700000,87,68,67,75,42,55,,,,,,,,,,,,,,,,,,,,,68,67,75,42,55
Rober Ibáñez,26,178,72,73,3700000,77,67,71,74,48,52,,,,,,,,,,,,,,,,,,,,,67,71,74,48,52
R. Lod,26,181,72,73,3700000,71,71,71,72,51,65,,,,,,,,,,,,,,,,,,,,,71,71,72,51,65
J. Souttar,22,189,71,82,3700000,72,48,61,67,71,70,,,,,,,,,,,,,,,,,,,,,48,61,67,71,70
G. Taylor,21,174,71,82,3700000,77,51,67,67,67,78,,,,,,,,,,,,,,,,,,,,,51,67,67,67,78
Lluis López,22,182,71,82,3700000,60,30,50,57,71,65,,,,,,,,,,,,,,,,,,,,,30,50,57,71,65
Dodô,20,166,71,82,3700000,90,55,61,75,65,63,,,,,,,,,,,,,,,,,,,,,55,61,75,65,63
M. Wagué,20,177,71,82,3700000,80,40,61,73,67,65,,,,,,,,,,,,,,,,,,,,,40,61,73,67,65
R. Petretta,22,176,71,82,3700000,79,36,63,70,67,70,,,,,,,,,,,,,,,,,,,,,36,63,70,67,70
Manu García,21,169,71,80,3700000,71,54,71,80,37,51,,,,,,,,,,,,,,,,,,,,,54,71,80,37,51
T. Awoniyi,21,185,71,80,3700000,79,71,57,65,26,72,,,,,,,,,,,,,,,,,,,,,71,57,65,26,72
H. Bandé,20,178,71,80,3700000,85,69,60,76,31,63,,,,,,,,,,,,,,,,,,,,,69,60,76,31,63
G. Bouzoukis,21,172,71,80,3700000,67,60,73,71,44,58,,,,,,,,,,,,,,,,,,,,,60,73,71,44,58
J. Paintsil,21,167,71,80,3700000,84,63,60,77,32,63,,,,,,,,,,,,,,,,,,,,,63,60,77,32,63
Kikas,20,177,71,80,3700000,76,69,54,71,22,66,,,,,,,,,,,,,,,,,,,,,69,54,71,22,66
P. De la Vega,18,177,70,88,3700000,86,62,60,76,30,59,,,,,,,,,,,,,,,,,,,,,62,60,76,30,59
T. Kubo,18,173,70,87,3700000,82,60,62,78,39,52,,,,,,,,,,,,,,,,,,,,,60,62,78,39,52
M. Boadu,18,180,70,86,3700000,85,67,51,74,28,62,,,,,,,,,,,,,,,,,,,,,67,51,74,28,62
G. Plata,18,178,70,85,3700000,83,64,61,76,28,60,,,,,,,,,,,,,,,,,,,,,64,61,76,28,60
Maikel Catarino,35,177,79,79,3600000,79,51,70,78,77,67,,,,,,,,,,,,,,,,,,,,,51,70,78,77,67
R. Klavan,33,187,76,76,3600000,41,48,63,61,77,67,,,,,,,,,,,,,,,,,,,,,48,63,61,77,67
J. Maidana,33,185,76,76,3600000,45,37,63,50,75,80,,,,,,,,,,,,,,,,,,,,,37,63,50,75,80
N. Sánchez,33,187,76,76,3600000,46,46,59,59,74,82,,,,,,,,,,,,,,,,,,,,,46,59,59,74,82
W. Janssen,32,186,74,74,3600000,40,64,69,68,72,75,,,,,,,,,,,,,,,,,,,,,64,69,68,72,75
Crespo,32,185,74,74,3600000,69,39,64,61,73,75,,,,,,,,,,,,,,,,,,,,,39,64,61,73,75
R. Halliche,32,188,74,74,3600000,44,41,53,51,75,72,,,,,,,,,,,,,,,,,,,,,41,53,51,75,72
L. Sané,32,191,74,74,3600000,54,44,59,60,72,76,,,,,,,,,,,,,,,,,,,,,44,59,60,72,76
D. Bocanegra,32,182,74,74,3600000,71,55,69,65,73,76,,,,,,,,,,,,,,,,,,,,,55,69,65,73,76
D. Braghieri,32,186,74,74,3600000,60,49,50,56,72,79,,,,,,,,,,,,,,,,,,,,,49,50,56,72,79
T. Elyounoussi,31,172,73,73,3600000,82,71,67,77,47,68,,,,,,,,,,,,,,,,,,,,,71,67,77,47,68
L. Grabban,31,183,73,73,3600000,68,73,60,68,31,68,,,,,,,,,,,,,,,,,,,,,73,60,68,31,68
S. Ribas,31,189,73,73,3600000,66,74,51,66,30,74,,,,,,,,,,,,,,,,,,,,,74,51,66,30,74
K. Wilczek,31,185,73,73,3600000,61,71,63,69,46,80,,,,,,,,,,,,,,,,,,,,,71,63,69,46,80
Juan Villar,31,182,73,73,3600000,88,71,67,74,41,70,,,,,,,,,,,,,,,,,,,,,71,67,74,41,70
M. Pack,28,188,73,73,3600000,53,60,72,69,67,78,,,,,,,,,,,,,,,,,,,,,60,72,69,67,78
P. Chavarría,31,185,73,73,3600000,69,71,69,72,36,75,,,,,,,,,,,,,,,,,,,,,71,69,72,36,75
N. Nikolić,31,180,73,73,3600000,68,73,60,68,31,70,,,,,,,,,,,,,,,,,,,,,73,60,68,31,70
M. Knoll,28,186,73,73,3600000,73,56,70,64,73,78,,,,,,,,,,,,,,,,,,,,,56,70,64,73,78
Patric,31,189,73,73,3600000,63,71,56,65,33,78,,,,,,,,,,,,,,,,,,,,,71,56,65,33,78
S. Medina,27,180,73,73,3600000,75,49,65,68,72,77,,,,,,,,,,,,,,,,,,,,,49,65,68,72,77
F. Lértora,28,176,73,73,3600000,64,51,63,65,77,76,,,,,,,,,,,,,,,,,,,,,51,63,65,77,76
Vinicius Cardenha,27,179,73,73,3600000,75,49,60,68,71,71,,,,,,,,,,,,,,,,,,,,,49,60,68,71,71
Ailton Valpaços,27,186,73,73,3600000,66,58,60,63,71,78,,,,,,,,,,,,,,,,,,,,,58,60,63,71,78
Édundo Oliveira,27,183,73,73,3600000,56,46,59,50,73,75,,,,,,,,,,,,,,,,,,,,,46,59,50,73,75
Paolito Serra,27,191,73,73,3600000,38,47,49,49,74,71,,,,,,,,,,,,,,,,,,,,,47,49,49,74,71
Douglas Armeira,27,174,73,73,3600000,72,57,63,69,72,74,,,,,,,,,,,,,,,,,,,,,57,63,69,72,74
R. Azeez,26,170,72,76,3600000,68,57,65,67,68,70,,,,,,,,,,,,,,,,,,,,,57,65,67,68,70
U. Radaković,25,192,72,76,3600000,52,33,45,43,71,77,,,,,,,,,,,,,,,,,,,,,33,45,43,71,77
S. Moreira,24,179,72,76,3600000,68,32,67,65,71,67,,,,,,,,,,,,,,,,,,,,,32,67,65,71,67
P. Díaz,24,180,72,76,3600000,77,41,63,64,70,75,,,,,,,,,,,,,,,,,,,,,41,63,64,70,75
S. Schonlau,24,185,72,76,3600000,66,36,52,56,72,72,,,,,,,,,,,,,,,,,,,,,36,52,56,72,72
J. Elez,25,189,72,76,3600000,58,60,61,62,71,75,,,,,,,,,,,,,,,,,,,,,60,61,62,71,75
Dani Calvo,25,190,72,76,3600000,49,46,55,50,69,79,,,,,,,,,,,,,,,,,,,,,46,55,50,69,79
V. Karavaev,24,175,72,76,3600000,77,59,70,69,68,68,,,,,,,,,,,,,,,,,,,,,59,70,69,68,68
M. Bani,25,188,72,76,3600000,60,18,38,52,73,72,,,,,,,,,,,,,,,,,,,,,18,38,52,73,72
F. Eboa Eboa,22,186,72,76,3600000,56,44,54,56,72,71,,,,,,,,,,,,,,,,,,,,,44,54,56,72,71
S. Piette,24,171,72,75,3600000,63,44,60,64,69,80,,,,,,,,,,,,,,,,,,,,,44,60,64,69,80
Fernando Canesín,27,176,72,73,3600000,78,61,67,75,30,61,,,,,,,,,,,,,,,,,,,,,61,67,75,30,61
C. Knasmüllner,27,181,72,73,3600000,76,66,70,75,42,68,,,,,,,,,,,,,,,,,,,,,66,70,75,42,68
R. Žulj,27,189,72,73,3600000,53,72,71,73,35,68,,,,,,,,,,,,,,,,,,,,,72,71,73,35,68
M. Seuntjens,27,187,72,73,3600000,73,70,69,73,62,74,,,,,,,,,,,,,,,,,,,,,70,69,73,62,74
Rafael Silva,27,179,72,73,3600000,84,71,64,73,31,66,,,,,,,,,,,,,,,,,,,,,71,64,73,31,66
A. Mühling,26,186,72,73,3600000,70,63,71,73,57,72,,,,,,,,,,,,,,,,,,,,,63,71,73,57,72
A. Voglsammer,27,178,72,73,3600000,77,70,58,67,37,82,,,,,,,,,,,,,,,,,,,,,70,58,67,37,82
G. Zardes,27,186,72,73,3600000,85,70,51,68,44,77,,,,,,,,,,,,,,,,,,,,,70,51,68,44,77
R. Emond,27,186,72,73,3600000,66,72,55,62,27,67,,,,,,,,,,,,,,,,,,,,,72,55,62,27,67
Simy,27,198,72,73,3600000,59,74,44,59,29,78,,,,,,,,,,,,,,,,,,,,,74,44,59,29,78
A. Pešić,27,190,72,73,3600000,67,70,62,66,48,77,,,,,,,,,,,,,,,,,,,,,70,62,66,48,77
O. Rivero,27,187,72,73,3600000,72,71,48,69,25,76,,,,,,,,,,,,,,,,,,,,,71,48,69,25,76
L. Mancuso,27,182,72,73,3600000,78,71,63,72,34,69,,,,,,,,,,,,,,,,,,,,,71,63,72,34,69
A. Canelo,27,180,72,73,3600000,83,72,62,72,27,68,,,,,,,,,,,,,,,,,,,,,72,62,72,27,68
João Amaral,27,172,72,73,3600000,88,67,66,75,36,58,,,,,,,,,,,,,,,,,,,,,67,66,75,36,58
K. Rezaei,27,185,72,73,3600000,68,72,65,66,28,68,,,,,,,,,,,,,,,,,,,,,72,65,66,28,68
T. Malacia,19,169,71,82,3600000,84,58,57,73,68,72,,,,,,,,,,,,,,,,,,,,,58,57,73,68,72
M. Sadílek,20,169,71,81,3600000,74,59,66,69,67,74,,,,,,,,,,,,,,,,,,,,,59,66,69,67,74
V. Angban,22,180,71,80,3600000,60,52,68,71,60,75,,,,,,,,,,,,,,,,,,,,,52,68,71,60,75
Z. Bakaev,23,180,71,80,3600000,86,67,61,74,32,55,,,,,,,,,,,,,,,,,,,,,67,61,74,32,55
M. Spielmann,23,181,71,80,3600000,85,72,66,71,36,61,,,,,,,,,,,,,,,,,,,,,72,66,71,36,61
L. Vera,22,164,71,80,3600000,82,55,69,79,51,52,,,,,,,,,,,,,,,,,,,,,55,69,79,51,52
Douglas Augusto,22,173,71,80,3600000,72,66,66,71,66,73,,,,,,,,,,,,,,,,,,,,,66,66,71,66,73
R. Gumny,21,177,70,84,3600000,88,36,60,68,64,67,,,,,,,,,,,,,,,,,,,,,36,60,68,64,67
Rúben Vinagre,20,174,70,84,3600000,88,54,65,78,60,59,,,,,,,,,,,,,,,,,,,,,54,65,78,60,59
O. Wendt,33,181,76,76,3500000,70,62,74,73,74,70,,,,,,,,,,,,,,,,,,,,,62,74,73,74,70
Léo Matos,33,184,76,76,3500000,84,69,71,75,72,76,,,,,,,,,,,,,,,,,,,,,69,71,75,72,76
Vieirinha,33,172,76,76,3500000,77,77,75,81,70,64,,,,,,,,,,,,,,,,,,,,,77,75,81,70,64
P. Cissé,34,183,75,75,3500000,61,77,66,74,38,66,,,,,,,,,,,,,,,,,,,,,77,66,74,38,66
D. N'Doye,34,186,75,75,3500000,71,73,60,70,39,80,,,,,,,,,,,,,,,,,,,,,73,60,70,39,80
B. Sharp,33,175,74,74,3500000,58,74,62,64,42,68,,,,,,,,,,,,,,,,,,,,,74,62,64,42,68
M. Sow,33,180,74,74,3500000,77,73,66,73,34,74,,,,,,,,,,,,,,,,,,,,,73,66,73,34,74
L. Antonelli,32,184,74,74,3500000,71,58,69,72,76,72,,,,,,,,,,,,,,,,,,,,,58,69,72,76,72
Baiano,32,178,74,74,3500000,76,61,62,74,72,73,,,,,,,,,,,,,,,,,,,,,61,62,74,72,73
P. Pekarík,32,177,74,74,3500000,66,37,66,74,75,65,,,,,,,,,,,,,,,,,,,,,37,66,74,75,65
A. Büyük,31,177,73,73,3500000,76,71,66,77,29,66,,,,,,,,,,,,,,,,,,,,,71,66,77,29,66
Castro,31,181,73,73,3500000,67,71,71,74,64,76,,,,,,,,,,,,,,,,,,,,,71,71,74,64,76
M. Estigarribia,31,181,73,73,3500000,79,65,70,72,61,71,,,,,,,,,,,,,,,,,,,,,65,70,72,61,71
Daniel Candeias,31,177,73,73,3500000,86,64,70,75,54,68,,,,,,,,,,,,,,,,,,,,,64,70,75,54,68
J. Kovařík,31,182,73,73,3500000,67,72,77,70,56,64,,,,,,,,,,,,,,,,,,,,,72,77,70,56,64
J. Cuevas,31,161,73,73,3500000,85,64,71,76,44,63,,,,,,,,,,,,,,,,,,,,,64,71,76,44,63
Pedro Santos,31,173,73,73,3500000,78,67,70,73,59,61,,,,,,,,,,,,,,,,,,,,,67,70,73,59,61
J. Laso,28,185,73,73,3500000,62,41,51,54,69,83,,,,,,,,,,,,,,,,,,,,,41,51,54,69,83
Gustavo Lobateiro,31,180,73,73,3500000,80,65,68,72,33,57,,,,,,,,,,,,,,,,,,,,,65,68,72,33,57
A. Hoffmann,26,190,72,76,3500000,46,38,57,56,72,69,,,,,,,,,,,,,,,,,,,,,38,57,56,72,69
T. Kalas,26,183,72,76,3500000,73,49,53,63,71,74,,,,,,,,,,,,,,,,,,,,,49,53,63,71,74
M. Franke,26,193,72,76,3500000,50,31,42,44,72,78,,,,,,,,,,,,,,,,,,,,,31,42,44,72,78
Iván López,25,175,72,76,3500000,73,57,68,71,71,66,,,,,,,,,,,,,,,,,,,,,57,68,71,71,66
M. Oikonomou,26,189,72,76,3500000,59,24,46,49,73,75,,,,,,,,,,,,,,,,,,,,,24,46,49,73,75
S. Juklerød,25,187,72,76,3500000,82,63,66,71,65,75,,,,,,,,,,,,,,,,,,,,,63,66,71,65,75
N. Sangaré,25,185,72,76,3500000,90,40,61,71,68,69,,,,,,,,,,,,,,,,,,,,,40,61,71,68,69
H. Van Der Bruggen,26,180,72,75,3500000,50,62,72,68,68,68,,,,,,,,,,,,,,,,,,,,,62,72,68,68,68
I. Diomandé,26,183,72,75,3500000,64,55,64,67,70,75,,,,,,,,,,,,,,,,,,,,,55,64,67,70,75
W. Trapp,26,173,72,75,3500000,57,54,70,70,65,64,,,,,,,,,,,,,,,,,,,,,54,70,70,65,64
G. Celis,26,178,72,75,3500000,65,51,61,69,70,70,,,,,,,,,,,,,,,,,,,,,51,61,69,70,70
J. Toljan,24,182,72,75,3500000,87,42,62,70,66,68,,,,,,,,,,,,,,,,,,,,,42,62,70,66,68
G. Poblete,26,173,72,75,3500000,67,51,65,72,68,72,,,,,,,,,,,,,,,,,,,,,51,65,72,68,72
J. Riedewald,22,182,72,75,3500000,64,51,68,68,72,66,,,,,,,,,,,,,,,,,,,,,51,68,68,72,66
J. Attamah,25,180,72,75,3500000,69,47,59,55,71,75,,,,,,,,,,,,,,,,,,,,,47,59,55,71,75
M. Jevtović,25,194,72,75,3500000,57,59,65,60,71,74,,,,,,,,,,,,,,,,,,,,,59,65,60,71,74
R. Sawyers,27,185,72,73,3500000,71,60,70,73,57,67,,,,,,,,,,,,,,,,,,,,,60,70,73,57,67
A. Forshaw,27,174,72,73,3500000,65,61,71,72,62,66,,,,,,,,,,,,,,,,,,,,,61,71,72,62,66
T. Sušić,27,186,72,73,3500000,66,68,74,73,58,70,,,,,,,,,,,,,,,,,,,,,68,74,73,58,70
K. McLean,27,183,72,73,3500000,74,69,68,73,60,70,,,,,,,,,,,,,,,,,,,,,69,68,73,60,70
A. Benali,27,173,72,73,3500000,78,62,70,79,44,63,,,,,,,,,,,,,,,,,,,,,62,70,79,44,63
S. Peeters,27,188,72,73,3500000,62,69,75,67,59,65,,,,,,,,,,,,,,,,,,,,,69,75,67,59,65
J. Marié,27,177,72,73,3500000,57,56,66,72,66,67,,,,,,,,,,,,,,,,,,,,,56,66,72,66,67
F. Romagna,22,185,71,81,3500000,63,32,51,57,73,63,,,,,,,,,,,,,,,,,,,,,32,51,57,73,63
D. Barinov,22,179,71,81,3500000,67,57,62,62,70,67,,,,,,,,,,,,,,,,,,,,,57,62,62,70,67
M. Valenzuela,20,168,71,81,3500000,73,43,64,68,69,68,,,,,,,,,,,,,,,,,,,,,43,64,68,69,68
N. Katić,22,194,71,81,3500000,71,33,45,59,69,75,,,,,,,,,,,,,,,,,,,,,33,45,59,69,75
B. Kapustka,22,179,71,79,3500000,76,62,68,72,37,53,,,,,,,,,,,,,,,,,,,,,62,68,72,37,53
L. Suárez,23,167,71,79,3500000,65,68,73,76,23,35,,,,,,,,,,,,,,,,,,,,,68,73,76,23,35
S. Abdullahi,22,185,71,79,3500000,84,69,54,72,20,83,,,,,,,,,,,,,,,,,,,,,69,54,72,20,83
P. Köpke,23,177,71,79,3500000,76,70,60,71,35,62,,,,,,,,,,,,,,,,,,,,,70,60,71,35,62
Matheus Pereira,21,181,71,79,3500000,75,59,66,78,35,58,,,,,,,,,,,,,,,,,,,,,59,66,78,35,58
J. Harrison,22,175,71,79,3500000,80,64,65,74,39,64,,,,,,,,,,,,,,,,,,,,,64,65,74,39,64
F. Jensen,21,183,71,79,3500000,66,68,66,73,51,70,,,,,,,,,,,,,,,,,,,,,68,66,73,51,70
Guilherme Schettine,23,180,71,79,3500000,67,72,59,69,25,66,,,,,,,,,,,,,,,,,,,,,72,59,69,25,66
J. Álvarez,23,175,71,79,3500000,77,61,66,73,38,62,,,,,,,,,,,,,,,,,,,,,61,66,73,38,62
M. Vrousai,20,183,71,79,3500000,82,70,66,71,41,65,,,,,,,,,,,,,,,,,,,,,70,66,71,41,65
A. Hložek,16,185,70,86,3500000,74,68,66,74,30,73,,,,,,,,,,,,,,,,,,,,,68,66,74,30,73
S. Sessègnon,35,172,76,76,3400000,74,71,75,79,60,72,,,,,,,,,,,,,,,,,,,,,71,75,79,60,72
Mossoró,35,170,76,76,3400000,70,72,75,78,45,60,,,,,,,,,,,,,,,,,,,,,72,75,78,45,60
L. Podolski,34,182,75,75,3400000,70,79,74,75,46,77,,,,,,,,,,,,,,,,,,,,,79,74,75,46,77
E. Giaccherini,34,167,75,75,3400000,68,69,73,80,61,61,,,,,,,,,,,,,,,,,,,,,69,73,80,61,61
M. Ninković,34,180,75,75,3400000,68,69,73,76,47,67,,,,,,,,,,,,,,,,,,,,,69,73,76,47,67
J. Fuenzalida,34,170,75,75,3400000,90,63,71,79,64,64,,,,,,,,,,,,,,,,,,,,,63,71,79,64,64
I. Afellay,33,180,74,74,3400000,68,69,75,77,54,57,,,,,,,,,,,,,,,,,,,,,69,75,77,54,57
Jurado,33,173,74,74,3400000,64,72,75,75,32,55,,,,,,,,,,,,,,,,,,,,,72,75,75,32,55
N. Bertolo,33,179,74,74,3400000,65,70,74,75,38,67,,,,,,,,,,,,,,,,,,,,,70,74,75,38,67
M. Jensen,31,177,73,73,3400000,73,68,72,74,63,79,,,,,,,,,,,,,,,,,,,,,68,72,74,63,79
T. Hořava,31,181,73,73,3400000,65,67,71,73,60,64,,,,,,,,,,,,,,,,,,,,,67,71,73,60,64
J. Howson,31,180,73,73,3400000,65,70,69,71,65,72,,,,,,,,,,,,,,,,,,,,,70,69,71,65,72
Fran Mérida,29,177,73,73,3400000,59,71,75,69,66,73,,,,,,,,,,,,,,,,,,,,,71,75,69,66,73
R. Bennett,29,188,73,73,3400000,35,25,46,34,74,74,,,,,,,,,,,,,,,,,,,,,25,46,34,74,74
J. Kana-Biyik,29,184,73,73,3400000,63,31,49,57,72,79,,,,,,,,,,,,,,,,,,,,,31,49,57,72,79
L. Fer,29,188,73,73,3400000,68,72,68,72,69,81,,,,,,,,,,,,,,,,,,,,,72,68,72,69,81
Juan Cala,29,185,73,73,3400000,61,53,62,60,71,80,,,,,,,,,,,,,,,,,,,,,53,62,60,71,80
M. Le Marchand,29,185,73,73,3400000,68,38,66,66,73,73,,,,,,,,,,,,,,,,,,,,,38,66,66,73,73
Douglas,28,171,73,73,3400000,80,65,70,76,70,61,,,,,,,,,,,,,,,,,,,,,65,70,76,70,61
F. Diagne,29,185,73,73,3400000,64,42,58,65,70,77,,,,,,,,,,,,,,,,,,,,,42,58,65,70,77
Gabriel Silva,28,179,73,73,3400000,75,60,71,71,69,67,,,,,,,,,,,,,,,,,,,,,60,71,71,69,67
G. Cunningham,28,183,73,73,3400000,75,54,65,70,71,76,,,,,,,,,,,,,,,,,,,,,54,65,70,71,76
Luna,28,178,73,73,3400000,67,62,69,69,72,73,,,,,,,,,,,,,,,,,,,,,62,69,69,72,73
M. Frydrych,29,188,73,73,3400000,66,59,59,55,71,79,,,,,,,,,,,,,,,,,,,,,59,59,55,71,79
A. Flint,29,197,73,73,3400000,49,49,43,41,71,82,,,,,,,,,,,,,,,,,,,,,49,43,41,71,82
Álex Martínez,28,176,73,73,3400000,75,59,68,70,68,67,,,,,,,,,,,,,,,,,,,,,59,68,70,68,67
L. Ceppitelli,29,189,73,73,3400000,54,33,35,40,75,74,,,,,,,,,,,,,,,,,,,,,33,35,40,75,74
M. Hedges,29,193,73,73,3400000,51,28,51,52,71,84,,,,,,,,,,,,,,,,,,,,,28,51,52,71,84
P. Ankersen,28,179,73,73,3400000,84,62,67,71,67,71,,,,,,,,,,,,,,,,,,,,,62,67,71,67,71
J. Gondorf,31,176,73,73,3400000,65,63,73,72,67,78,,,,,,,,,,,,,,,,,,,,,63,73,72,67,78
V. Ayala,31,177,73,73,3400000,69,74,71,73,68,75,,,,,,,,,,,,,,,,,,,,,74,71,73,68,75
N. Pasquini,28,176,73,73,3400000,75,63,75,68,68,71,,,,,,,,,,,,,,,,,,,,,63,75,68,68,71
L. Jara,28,185,73,73,3400000,73,53,67,70,69,78,,,,,,,,,,,,,,,,,,,,,53,67,70,69,78
A. Godoy,29,183,73,73,3400000,40,58,65,67,66,75,,,,,,,,,,,,,,,,,,,,,58,65,67,66,75
A. Mosquera,29,182,73,73,3400000,75,42,57,53,72,75,,,,,,,,,,,,,,,,,,,,,42,57,53,72,75
R. García Guerreño,29,185,73,73,3400000,52,41,47,48,72,78,,,,,,,,,,,,,,,,,,,,,41,47,48,72,78
D. Liénard,31,184,73,73,3400000,63,72,77,71,56,67,,,,,,,,,,,,,,,,,,,,,72,77,71,56,67
A. Najar,26,170,72,75,3400000,74,65,71,74,71,65,,,,,,,,,,,,,,,,,,,,,65,71,74,71,65
B. Martins Indi,27,185,72,75,3400000,54,42,58,57,71,78,,,,,,,,,,,,,,,,,,,,,42,58,57,71,78
F. Sørensen,27,194,72,75,3400000,59,33,61,60,70,76,,,,,,,,,,,,,,,,,,,,,33,61,60,70,76
F. Veseli,26,183,72,75,3400000,73,41,58,65,72,69,,,,,,,,,,,,,,,,,,,,,41,58,65,72,69
J. Okore,26,183,72,75,3400000,72,42,52,59,67,84,,,,,,,,,,,,,,,,,,,,,42,52,59,67,84
S. Byram,25,183,72,75,3400000,71,60,66,72,70,68,,,,,,,,,,,,,,,,,,,,,60,66,72,70,68
E. Roco,26,192,72,75,3400000,39,41,54,56,72,76,,,,,,,,,,,,,,,,,,,,,41,54,56,72,76
G. Ortíz,26,183,72,75,3400000,67,41,48,47,71,78,,,,,,,,,,,,,,,,,,,,,41,48,47,71,78
V. García,25,178,72,75,3400000,77,40,60,73,69,67,,,,,,,,,,,,,,,,,,,,,40,60,73,69,67
N. Gyömbér,26,189,72,75,3400000,57,31,42,49,73,67,,,,,,,,,,,,,,,,,,,,,31,42,49,73,67
A. Tarek,27,191,72,75,3400000,64,39,49,63,71,78,,,,,,,,,,,,,,,,,,,,,39,49,63,71,78
A. Sedlar,27,178,72,75,3400000,57,40,49,47,71,78,,,,,,,,,,,,,,,,,,,,,40,49,47,71,78
L. Rosić,26,190,72,75,3400000,47,29,45,47,71,73,,,,,,,,,,,,,,,,,,,,,29,45,47,71,73
C. Zimmermann,26,194,72,75,3400000,53,33,43,44,72,78,,,,,,,,,,,,,,,,,,,,,33,43,44,72,78
J. El Yamiq,27,190,72,75,3400000,67,41,48,58,72,71,,,,,,,,,,,,,,,,,,,,,41,48,58,72,71
A. Shabanov,27,189,72,75,3400000,60,24,48,37,72,70,,,,,,,,,,,,,,,,,,,,,24,48,37,72,70
M. Henriksen,26,187,72,74,3400000,65,70,68,67,69,76,,,,,,,,,,,,,,,,,,,,,70,68,67,69,76
S. Memišević,25,185,72,74,3400000,59,48,54,62,69,84,,,,,,,,,,,,,,,,,,,,,48,54,62,69,84
Gabriel Xavier,25,168,72,72,3400000,76,64,70,74,39,62,,,,,,,,,,,,,,,,,,,,,64,70,74,39,62
K. Danso,20,190,71,80,3400000,61,32,42,52,70,74,,,,,,,,,,,,,,,,,,,,,32,42,52,70,74
N. Moro,21,183,71,80,3400000,69,71,72,71,65,70,,,,,,,,,,,,,,,,,,,,,71,72,71,65,70
S. Moutoussamy,22,176,71,79,3400000,74,59,69,75,67,58,,,,,,,,,,,,,,,,,,,,,59,69,75,67,58
J. Marriott,24,173,71,78,3400000,84,71,50,66,26,67,,,,,,,,,,,,,,,,,,,,,71,50,66,26,67
O. Oularé,23,196,71,78,3400000,65,71,56,63,28,74,,,,,,,,,,,,,,,,,,,,,71,56,63,28,74
G. Pușcaș,23,188,71,78,3400000,68,68,51,70,36,71,,,,,,,,,,,,,,,,,,,,,68,51,70,36,71
O. Estupiñán,22,182,71,78,3400000,71,70,48,69,26,62,,,,,,,,,,,,,,,,,,,,,70,48,69,26,62
B. Trawally,24,185,71,78,3400000,77,68,60,72,31,59,,,,,,,,,,,,,,,,,,,,,68,60,72,31,59
B. Özcan,21,180,71,78,3400000,68,53,69,76,34,64,,,,,,,,,,,,,,,,,,,,,53,69,76,34,64
K. Dowell,21,185,70,83,3400000,63,68,69,72,44,53,,,,,,,,,,,,,,,,,,,,,68,69,72,44,53
H. Abe,20,171,70,83,3400000,90,61,57,78,33,59,,,,,,,,,,,,,,,,,,,,,61,57,78,33,59
L. Maina,20,173,70,83,3400000,85,55,64,76,25,48,,,,,,,,,,,,,,,,,,,,,55,64,76,25,48
S. Wamangituka,19,189,70,83,3400000,86,66,52,68,22,69,,,,,,,,,,,,,,,,,,,,,66,52,68,22,69
Iván Ramis,34,188,77,77,3300000,32,61,62,57,77,81,,,,,,,,,,,,,,,,,,,,,61,62,57,77,81
L. Cigarini,33,175,74,74,3300000,57,66,78,73,67,61,,,,,,,,,,,,,,,,,,,,,66,78,73,67,61
S. Missiroli,33,191,74,74,3300000,61,65,73,71,68,63,,,,,,,,,,,,,,,,,,,,,65,73,71,68,63
O. Martínez,33,165,74,74,3300000,63,71,73,74,58,72,,,,,,,,,,,,,,,,,,,,,71,73,74,58,72
K. McDonald,30,193,73,73,3300000,49,59,70,67,70,75,,,,,,,,,,,,,,,,,,,,,59,70,67,70,75
M. Donald,30,183,73,73,3300000,70,67,67,67,68,81,,,,,,,,,,,,,,,,,,,,,67,67,67,68,81
J. Ward,29,188,73,73,3300000,58,52,66,66,76,71,,,,,,,,,,,,,,,,,,,,,52,66,66,76,71
V. Manceau,29,176,73,73,3300000,51,45,69,72,74,69,,,,,,,,,,,,,,,,,,,,,45,69,72,74,69
A. Ríos,30,172,73,73,3300000,65,55,67,61,70,77,,,,,,,,,,,,,,,,,,,,,55,67,61,70,77
V. Le Goff,29,177,73,73,3300000,71,61,67,71,70,68,,,,,,,,,,,,,,,,,,,,,61,67,71,70,68
A. Bamba,29,182,73,73,3300000,78,41,65,66,70,73,,,,,,,,,,,,,,,,,,,,,41,65,66,70,73
B. Douglas,29,177,73,73,3300000,68,64,75,68,69,67,,,,,,,,,,,,,,,,,,,,,64,75,68,69,67
O. Sorg,29,175,73,73,3300000,72,55,66,71,73,69,,,,,,,,,,,,,,,,,,,,,55,66,71,73,69
F. Sánchez,29,176,73,73,3300000,90,60,60,73,68,71,,,,,,,,,,,,,,,,,,,,,60,60,73,68,71
B. Dibassy,29,183,73,73,3300000,74,54,61,70,72,76,,,,,,,,,,,,,,,,,,,,,54,61,70,72,76
M. Hector,26,193,72,74,3300000,64,47,51,59,71,76,,,,,,,,,,,,,,,,,,,,,47,51,59,71,76
O. Lewicki,26,171,72,74,3300000,61,55,59,65,71,77,,,,,,,,,,,,,,,,,,,,,55,59,65,71,77
J. Giraudon,27,184,72,74,3300000,58,36,58,59,72,72,,,,,,,,,,,,,,,,,,,,,36,58,59,72,72
E. Brítez,27,180,72,74,3300000,71,49,57,64,71,79,,,,,,,,,,,,,,,,,,,,,49,57,64,71,79
Dankler,27,186,72,74,3300000,55,40,51,50,70,81,,,,,,,,,,,,,,,,,,,,,40,51,50,70,81
J. Güemez,27,176,72,74,3300000,64,64,67,66,69,84,,,,,,,,,,,,,,,,,,,,,64,67,66,69,84
M. Al Buraik,26,173,72,74,3300000,82,59,70,69,65,71,,,,,,,,,,,,,,,,,,,,,59,70,69,65,71
V. Salazar,26,175,72,74,3300000,92,48,57,71,67,72,,,,,,,,,,,,,,,,,,,,,48,57,71,67,72
Bruno Gaspar,26,176,72,74,3300000,82,58,65,75,67,66,,,,,,,,,,,,,,,,,,,,,58,65,75,67,66
L. Štetina,27,188,72,74,3300000,65,38,51,51,70,79,,,,,,,,,,,,,,,,,,,,,38,51,51,70,79
S. Barreiro,25,189,72,73,3300000,68,34,43,54,75,73,,,,,,,,,,,,,,,,,,,,,34,43,54,75,73
A. Budimir,27,190,72,72,3300000,59,73,44,64,34,72,,,,,,,,,,,,,,,,,,,,,73,44,64,34,72
T. Usami,27,178,72,72,3300000,77,67,68,77,30,49,,,,,,,,,,,,,,,,,,,,,67,68,77,30,49
I. Hajrović,27,177,72,72,3300000,79,74,70,77,42,56,,,,,,,,,,,,,,,,,,,,,74,70,77,42,56
Keko,27,172,72,72,3300000,73,64,71,73,56,67,,,,,,,,,,,,,,,,,,,,,64,71,73,56,67
N. Mendez-Laing,27,180,72,72,3300000,84,67,62,75,32,67,,,,,,,,,,,,,,,,,,,,,67,62,75,32,67
Sebá,27,179,72,72,3300000,86,70,66,72,49,76,,,,,,,,,,,,,,,,,,,,,70,66,72,49,76
Y. Mokhtar,27,177,72,72,3300000,75,64,67,78,38,60,,,,,,,,,,,,,,,,,,,,,64,67,78,38,60
T. Ince,27,178,72,72,3300000,77,68,67,76,33,54,,,,,,,,,,,,,,,,,,,,,68,67,76,33,54
T. Přikryl,26,177,72,72,3300000,81,66,69,73,28,59,,,,,,,,,,,,,,,,,,,,,66,69,73,28,59
B. Kadrii,27,177,72,72,3300000,86,70,61,74,52,73,,,,,,,,,,,,,,,,,,,,,70,61,74,52,73
J. Plata,27,157,72,72,3300000,85,67,69,74,34,60,,,,,,,,,,,,,,,,,,,,,67,69,74,34,60
M. Tosetti,27,176,72,72,3300000,82,58,72,70,41,59,,,,,,,,,,,,,,,,,,,,,58,72,70,41,59
Welthon,27,180,72,72,3300000,74,71,64,71,27,72,,,,,,,,,,,,,,,,,,,,,71,64,71,27,72
Filipe Augusto,25,183,72,72,3300000,67,63,71,72,67,70,,,,,,,,,,,,,,,,,,,,,63,71,72,67,70
Renato Santos,27,175,72,72,3300000,76,67,68,75,48,58,,,,,,,,,,,,,,,,,,,,,67,68,75,48,58
R. Quioto,27,180,72,72,3300000,79,68,68,72,26,69,,,,,,,,,,,,,,,,,,,,,68,68,72,26,69
M. Fofana,27,178,72,72,3300000,90,65,62,77,26,57,,,,,,,,,,,,,,,,,,,,,65,62,77,26,57
D. Kądzior,27,175,72,72,3300000,75,67,72,72,45,64,,,,,,,,,,,,,,,,,,,,,67,72,72,45,64
R. Lenis,26,180,72,72,3300000,71,68,66,73,36,61,,,,,,,,,,,,,,,,,,,,,68,66,73,36,61
Marco Sangalli,27,179,72,72,3300000,77,65,65,75,52,64,,,,,,,,,,,,,,,,,,,,,65,65,75,52,64
B. Pelé,27,169,72,72,3300000,79,61,71,74,39,49,,,,,,,,,,,,,,,,,,,,,61,71,74,39,49
E. Cerutti,27,179,72,72,3300000,84,65,66,73,36,65,,,,,,,,,,,,,,,,,,,,,65,66,73,36,65
L. Rizzo,27,185,72,72,3300000,74,62,69,72,65,72,,,,,,,,,,,,,,,,,,,,,62,69,72,65,72
J. Lucero,27,179,72,72,3300000,81,68,61,71,31,68,,,,,,,,,,,,,,,,,,,,,68,61,71,31,68
Jonathan Cafú,27,173,72,72,3300000,77,66,65,76,24,46,,,,,,,,,,,,,,,,,,,,,66,65,76,24,46
J. Jones,27,171,72,72,3300000,80,58,68,72,63,71,,,,,,,,,,,,,,,,,,,,,58,68,72,63,71
Carleto Costinha,27,175,72,72,3300000,85,63,71,73,38,49,,,,,,,,,,,,,,,,,,,,,63,71,73,38,49
Mauro Riboas,27,176,72,72,3300000,66,61,70,73,39,55,,,,,,,,,,,,,,,,,,,,,61,70,73,39,55
Thiago Alminxa,27,182,72,72,3300000,82,67,62,73,25,64,,,,,,,,,,,,,,,,,,,,,67,62,73,25,64
Cristian Lodeira,27,172,72,72,3300000,81,69,58,76,29,50,,,,,,,,,,,,,,,,,,,,,69,58,76,29,50
Walter Silvieiro,27,179,72,72,3300000,72,76,61,64,36,62,,,,,,,,,,,,,,,,,,,,,76,61,64,36,62
Josué da Feira,27,177,72,72,3300000,69,74,60,71,29,56,,,,,,,,,,,,,,,,,,,,,74,60,71,29,56
Gustavo Sauer,26,181,72,72,3300000,68,66,68,76,41,65,,,,,,,,,,,,,,,,,,,,,66,68,76,41,65
G. Carabajal,27,178,72,72,3300000,70,70,67,74,32,65,,,,,,,,,,,,,,,,,,,,,70,67,74,32,65
Perdigão,27,185,72,72,3300000,73,69,66,75,27,62,,,,,,,,,,,,,,,,,,,,,69,66,75,27,62
O. Karavaev,27,174,72,72,3300000,78,54,69,71,58,61,,,,,,,,,,,,,,,,,,,,,54,69,71,58,61
O. Fernández,26,166,72,72,3300000,77,63,67,74,34,62,,,,,,,,,,,,,,,,,,,,,63,67,74,34,62
C. Halkett,24,183,71,80,3300000,63,54,50,52,70,76,,,,,,,,,,,,,,,,,,,,,54,50,52,70,76
M. Somma,24,182,71,80,3300000,65,33,53,59,71,72,,,,,,,,,,,,,,,,,,,,,33,53,59,71,72
Bremer,22,188,71,80,3300000,62,35,48,58,70,69,,,,,,,,,,,,,,,,,,,,,35,48,58,70,69
Álex Díez,23,173,71,80,3300000,80,35,63,70,66,60,,,,,,,,,,,,,,,,,,,,,35,63,70,66,60
K. Acosta,23,178,71,78,3300000,77,67,69,72,65,76,,,,,,,,,,,,,,,,,,,,,67,69,72,65,76
F. Tănase,24,185,71,78,3300000,79,66,70,70,35,60,,,,,,,,,,,,,,,,,,,,,66,70,70,35,60
Lazo,23,178,71,78,3300000,78,67,63,78,34,47,,,,,,,,,,,,,,,,,,,,,67,63,78,34,47
Diogo Gonçalves,22,177,71,78,3300000,82,69,63,74,43,66,,,,,,,,,,,,,,,,,,,,,69,63,74,43,66
Lourency,23,174,71,78,3300000,75,70,66,75,44,66,,,,,,,,,,,,,,,,,,,,,70,66,75,44,66
Murilo,23,176,71,78,3300000,77,67,62,77,30,62,,,,,,,,,,,,,,,,,,,,,67,62,77,30,62
A. Chatzigiovanis,22,175,71,78,3300000,80,62,67,74,25,61,,,,,,,,,,,,,,,,,,,,,62,67,74,25,61
Luquinhas,22,167,71,78,3300000,81,64,65,76,30,55,,,,,,,,,,,,,,,,,,,,,64,65,76,30,55
B. Alıcı,22,180,71,78,3300000,82,62,67,74,34,56,,,,,,,,,,,,,,,,,,,,,62,67,74,34,56
B. Guillaume,24,189,71,77,3300000,56,68,57,71,31,67,,,,,,,,,,,,,,,,,,,,,68,57,71,31,67
M. Manotas,23,181,71,77,3300000,73,70,57,69,33,67,,,,,,,,,,,,,,,,,,,,,70,57,69,33,67
Hwang Hee Chan,23,177,71,77,3300000,91,66,61,75,28,66,,,,,,,,,,,,,,,,,,,,,66,61,75,28,66
J. Siebatcheu,23,190,71,77,3300000,64,69,58,66,29,68,,,,,,,,,,,,,,,,,,,,,69,58,66,29,68
I. Sacko,21,183,71,77,3300000,80,70,63,72,40,58,,,,,,,,,,,,,,,,,,,,,70,63,72,40,58
H. Weydandt,23,195,71,77,3300000,73,67,45,57,33,80,,,,,,,,,,,,,,,,,,,,,67,45,57,33,80
B. Angulo,23,183,71,77,3300000,80,70,49,74,20,63,,,,,,,,,,,,,,,,,,,,,70,49,74,20,63
J. Dátolo,35,177,76,76,3200000,61,76,80,77,51,60,,,,,,,,,,,,,,,,,,,,,76,80,77,51,60
R. Cohade,34,181,75,75,3200000,50,59,76,72,69,71,,,,,,,,,,,,,,,,,,,,,59,76,72,69,71
L. Rigoni,34,185,75,75,3200000,62,67,72,70,71,70,,,,,,,,,,,,,,,,,,,,,67,72,70,71,70
F. Haroun,33,188,75,75,3200000,55,68,65,67,74,82,,,,,,,,,,,,,,,,,,,,,68,65,67,74,82
C. Sánchez,33,182,75,75,3200000,60,58,70,68,74,73,,,,,,,,,,,,,,,,,,,,,58,70,68,74,73
O. Alonso,33,180,75,75,3200000,62,65,68,73,70,77,,,,,,,,,,,,,,,,,,,,,65,68,73,70,77
D. Chará,33,172,75,75,3200000,80,60,66,71,72,78,,,,,,,,,,,,,,,,,,,,,60,66,71,72,78
S. Naismith,32,178,73,73,3200000,65,72,70,70,62,80,,,,,,,,,,,,,,,,,,,,,72,70,70,62,80
L. Ulloa,32,186,73,73,3200000,36,72,62,68,50,79,,,,,,,,,,,,,,,,,,,,,72,62,68,50,79
E. Pieters,30,186,73,73,3200000,66,40,69,69,73,78,,,,,,,,,,,,,,,,,,,,,40,69,69,73,78
E. Insúa,30,180,73,73,3200000,66,64,71,73,71,77,,,,,,,,,,,,,,,,,,,,,64,71,73,71,77
R. Řezník,30,183,73,73,3200000,72,57,62,68,73,73,,,,,,,,,,,,,,,,,,,,,57,62,68,73,73
M. Yanga-Mbiwa,30,184,73,73,3200000,64,35,55,62,72,73,,,,,,,,,,,,,,,,,,,,,35,55,62,72,73
G. Margreitter,30,186,73,73,3200000,47,24,49,44,74,73,,,,,,,,,,,,,,,,,,,,,24,49,44,74,73
J. Pied,30,173,73,73,3200000,66,67,73,74,73,68,,,,,,,,,,,,,,,,,,,,,67,73,74,73,68
C. Basham,30,190,73,73,3200000,66,43,57,59,72,79,,,,,,,,,,,,,,,,,,,,,43,57,59,72,79
V. Wormgoor,30,188,73,73,3200000,35,38,57,53,72,81,,,,,,,,,,,,,,,,,,,,,38,57,53,72,81
L. Orbán,30,179,73,73,3200000,62,53,64,61,72,74,,,,,,,,,,,,,,,,,,,,,53,64,61,72,74
E. Schelotto,30,187,73,73,3200000,67,61,68,73,71,73,,,,,,,,,,,,,,,,,,,,,61,68,73,71,73
Arribas,30,182,73,73,3200000,46,36,56,56,72,73,,,,,,,,,,,,,,,,,,,,,36,56,56,72,73
Raul García,30,175,73,73,3200000,69,62,71,68,68,76,,,,,,,,,,,,,,,,,,,,,62,71,68,68,76
M. Aguirregaray,30,177,73,73,3200000,76,54,68,72,69,77,,,,,,,,,,,,,,,,,,,,,54,68,72,69,77
S. García,30,191,73,73,3200000,52,53,63,61,72,77,,,,,,,,,,,,,,,,,,,,,53,63,61,72,77
B. Stancu,32,183,73,73,3200000,72,72,68,72,35,70,,,,,,,,,,,,,,,,,,,,,72,68,72,35,70
E. Berg,30,192,73,73,3200000,54,49,56,58,72,77,,,,,,,,,,,,,,,,,,,,,49,56,58,72,77
V. Laurini,30,173,73,73,3200000,75,33,60,68,72,68,,,,,,,,,,,,,,,,,,,,,33,60,68,72,68
A. Jahović,32,191,73,73,3200000,63,73,48,64,33,76,,,,,,,,,,,,,,,,,,,,,73,48,64,33,76
S. Vittor,30,189,73,73,3200000,48,60,63,61,71,79,,,,,,,,,,,,,,,,,,,,,60,63,61,71,79
F. Melchiorri,32,183,73,73,3200000,79,71,54,70,35,65,,,,,,,,,,,,,,,,,,,,,71,54,70,35,65
N. Skubic,30,178,73,73,3200000,71,53,65,71,72,73,,,,,,,,,,,,,,,,,,,,,53,65,71,72,73
T. Shiotani,30,182,73,73,3200000,69,58,61,56,72,81,,,,,,,,,,,,,,,,,,,,,58,61,56,72,81
C. Fai,26,167,72,73,3200000,86,32,58,69,69,74,,,,,,,,,,,,,,,,,,,,,32,58,69,69,74
Álvaro,28,183,72,72,3200000,73,72,57,69,29,64,,,,,,,,,,,,,,,,,,,,,72,57,69,29,64
C. Buchtmann,27,175,72,72,3200000,68,65,73,73,61,66,,,,,,,,,,,,,,,,,,,,,65,73,73,61,66
D. Falcinelli,28,186,72,72,3200000,65,70,52,70,23,64,,,,,,,,,,,,,,,,,,,,,70,52,70,23,64
S. Tecl,28,181,72,72,3200000,79,68,61,72,35,72,,,,,,,,,,,,,,,,,,,,,68,61,72,35,72
Ji Dong Won,28,188,72,72,3200000,67,70,63,73,43,71,,,,,,,,,,,,,,,,,,,,,70,63,73,43,71
M. Pérez,28,182,72,72,3200000,87,72,65,68,31,72,,,,,,,,,,,,,,,,,,,,,72,65,68,31,72
A. Jóhannsson,28,184,72,72,3200000,67,72,63,72,36,61,,,,,,,,,,,,,,,,,,,,,72,63,72,36,61
M. Pucciarelli,28,174,72,72,3200000,81,70,64,78,42,57,,,,,,,,,,,,,,,,,,,,,70,64,78,42,57
J. Vigón,27,174,72,72,3200000,69,60,68,68,66,77,,,,,,,,,,,,,,,,,,,,,60,68,68,66,77
S. Michel,28,179,72,72,3200000,78,72,62,70,27,71,,,,,,,,,,,,,,,,,,,,,72,62,70,27,71
G. Țucudean,28,186,72,72,3200000,59,74,56,66,40,77,,,,,,,,,,,,,,,,,,,,,74,56,66,40,77
S. Martinsson Ngouali,27,174,72,72,3200000,71,60,67,72,66,77,,,,,,,,,,,,,,,,,,,,,60,67,72,66,77
M. Rangel,28,185,72,72,3200000,57,74,56,65,40,73,,,,,,,,,,,,,,,,,,,,,74,56,65,40,73
D. Villalpando,27,172,72,72,3200000,71,66,71,72,52,69,,,,,,,,,,,,,,,,,,,,,66,71,72,52,69
E. Amor,24,183,71,79,3200000,52,25,46,53,71,75,,,,,,,,,,,,,,,,,,,,,25,46,53,71,75
N. Dorsch,21,178,71,79,3200000,67,49,66,73,67,67,,,,,,,,,,,,,,,,,,,,,49,66,73,67,67
C. Eiting,21,179,71,79,3200000,54,51,74,70,66,60,,,,,,,,,,,,,,,,,,,,,51,74,70,66,60
K. Bonifazi,23,187,71,79,3200000,54,34,42,52,73,66,,,,,,,,,,,,,,,,,,,,,34,42,52,73,66
J. Chabot,21,195,71,79,3200000,40,27,43,49,70,76,,,,,,,,,,,,,,,,,,,,,27,43,49,70,76
J. Valencia,24,164,71,77,3200000,84,59,66,74,45,65,,,,,,,,,,,,,,,,,,,,,59,66,74,45,65
L. Baker,24,182,71,77,3200000,68,67,72,71,63,66,,,,,,,,,,,,,,,,,,,,,67,72,71,63,66
C. O'Dowda,24,180,71,77,3200000,85,60,64,73,38,63,,,,,,,,,,,,,,,,,,,,,60,64,73,38,63
M. Zaccagni,24,177,71,77,3200000,62,63,70,69,60,60,,,,,,,,,,,,,,,,,,,,,63,70,69,60,60
Rúben Lameiras,24,175,71,77,3200000,74,66,66,78,42,60,,,,,,,,,,,,,,,,,,,,,66,66,78,42,60
A. Castro,24,183,71,77,3200000,76,67,70,72,56,66,,,,,,,,,,,,,,,,,,,,,67,70,72,56,66
D. Cools,23,184,71,77,3200000,74,58,67,69,70,74,,,,,,,,,,,,,,,,,,,,,58,67,69,70,74
S. Amallah,22,185,71,77,3200000,67,70,68,72,49,63,,,,,,,,,,,,,,,,,,,,,70,68,72,49,63
J. Lucumi,24,176,71,77,3200000,81,66,63,74,24,66,,,,,,,,,,,,,,,,,,,,,66,63,74,24,66
S. Lobjanidze,24,176,71,77,3200000,88,67,64,73,24,56,,,,,,,,,,,,,,,,,,,,,67,64,73,24,56
O. Kiteishvili,23,173,71,77,3200000,73,66,65,73,42,54,,,,,,,,,,,,,,,,,,,,,66,65,73,42,54
N. Ninković,24,183,71,76,3200000,73,65,68,72,28,58,,,,,,,,,,,,,,,,,,,,,65,68,72,28,58
P. Frankowski,24,173,71,76,3200000,92,61,66,66,48,69,,,,,,,,,,,,,,,,,,,,,61,66,66,48,69
S. Maguire,25,175,71,76,3200000,92,65,52,74,38,65,,,,,,,,,,,,,,,,,,,,,65,52,74,38,65
P. Onuachu,25,201,71,76,3200000,70,64,59,67,44,73,,,,,,,,,,,,,,,,,,,,,64,59,67,44,73
T. Kleindienst,23,194,71,76,3200000,66,71,53,62,32,72,,,,,,,,,,,,,,,,,,,,,71,53,62,32,72
J. Pohjanpalo,24,184,71,76,3200000,66,70,54,67,26,65,,,,,,,,,,,,,,,,,,,,,70,54,67,26,65
D. Milošević,24,182,71,76,3200000,66,67,70,72,37,64,,,,,,,,,,,,,,,,,,,,,67,70,72,37,64
L. Mousset,23,184,71,76,3200000,77,70,53,72,25,61,,,,,,,,,,,,,,,,,,,,,70,53,72,25,61
J. Morris,24,183,71,76,3200000,86,68,57,65,34,77,,,,,,,,,,,,,,,,,,,,,68,57,65,34,77
C. Larin,24,187,71,76,3200000,68,72,44,62,26,75,,,,,,,,,,,,,,,,,,,,,72,44,62,26,75
G. Holtmann,24,183,71,76,3200000,90,63,62,71,57,59,,,,,,,,,,,,,,,,,,,,,63,62,71,57,59
Jon Bautista,23,180,71,76,3200000,60,74,59,69,26,61,,,,,,,,,,,,,,,,,,,,,74,59,69,26,61
N. Leguizamón,24,180,71,76,3200000,72,68,48,69,27,76,,,,,,,,,,,,,,,,,,,,,68,48,69,27,76
M. Okugawa,23,176,71,76,3200000,85,61,60,80,28,49,,,,,,,,,,,,,,,,,,,,,61,60,80,28,49
André Pereira,24,188,71,76,3200000,63,71,52,66,33,64,,,,,,,,,,,,,,,,,,,,,71,52,66,33,64
J. Bijol,20,190,70,83,3200000,65,58,63,59,70,76,,,,,,,,,,,,,,,,,,,,,58,63,59,70,76
T. Roberts,20,180,70,82,3200000,80,66,64,73,27,69,,,,,,,,,,,,,,,,,,,,,66,64,73,27,69
A. Sigurðsson,20,177,70,82,3200000,74,66,66,73,45,62,,,,,,,,,,,,,,,,,,,,,66,66,73,45,62
Han Kwang Song,20,178,70,82,3200000,75,69,53,72,36,51,,,,,,,,,,,,,,,,,,,,,69,53,72,36,51
G. Cabral,33,184,75,75,3100000,33,33,52,55,76,73,,,,,,,,,,,,,,,,,,,,,33,52,55,76,73
Manuel da Costa,33,191,75,75,3100000,55,45,51,52,75,80,,,,,,,,,,,,,,,,,,,,,45,51,52,75,80
I. Sosa,32,178,73,73,3100000,81,68,68,74,46,71,,,,,,,,,,,,,,,,,,,,,68,68,74,46,71
L. Nguyen,32,173,73,73,3100000,69,70,72,74,46,62,,,,,,,,,,,,,,,,,,,,,70,72,74,46,62
Djalma,32,179,73,73,3100000,81,69,68,73,46,75,,,,,,,,,,,,,,,,,,,,,69,68,73,46,75
O. Şahan,32,179,73,73,3100000,73,69,70,74,61,68,,,,,,,,,,,,,,,,,,,,,69,70,74,61,68
Rogerinho,32,176,73,73,3100000,82,68,66,77,35,64,,,,,,,,,,,,,,,,,,,,,68,66,77,35,64
Y. Öztekin,32,179,73,73,3100000,78,71,69,76,46,65,,,,,,,,,,,,,,,,,,,,,71,69,76,46,65
G. Hauche,32,168,73,73,3100000,86,70,68,75,44,67,,,,,,,,,,,,,,,,,,,,,70,68,75,44,67
G. Lezcano,32,168,73,73,3100000,80,70,66,74,24,69,,,,,,,,,,,,,,,,,,,,,70,66,74,24,69
K. Bartley,28,194,72,74,3100000,54,27,49,49,71,81,,,,,,,,,,,,,,,,,,,,,27,49,49,71,81
E. Muñoz,28,185,72,74,3100000,46,30,46,45,71,78,,,,,,,,,,,,,,,,,,,,,30,46,45,71,78
V. Sasso,28,190,72,74,3100000,35,27,54,52,71,67,,,,,,,,,,,,,,,,,,,,,27,54,52,71,67
A. Ba,28,197,72,74,3100000,49,38,46,41,71,78,,,,,,,,,,,,,,,,,,,,,38,46,41,71,78
J. Velázquez,28,184,72,74,3100000,67,43,47,52,73,76,,,,,,,,,,,,,,,,,,,,,43,47,52,73,76
L. Ayling,27,185,72,73,3100000,69,50,61,68,72,75,,,,,,,,,,,,,,,,,,,,,50,61,68,72,75
D. Polenta,27,185,72,73,3100000,68,39,54,54,70,81,,,,,,,,,,,,,,,,,,,,,39,54,54,70,81
M. Johansson,27,171,72,73,3100000,85,47,57,74,67,65,,,,,,,,,,,,,,,,,,,,,47,57,74,67,65
M. Zimmermann,27,177,72,73,3100000,69,52,66,68,70,72,,,,,,,,,,,,,,,,,,,,,52,66,68,70,72
T. Xhaka,28,172,72,73,3100000,74,62,67,69,68,82,,,,,,,,,,,,,,,,,,,,,62,67,69,68,82
I. Balliu,27,172,72,73,3100000,79,39,68,73,69,69,,,,,,,,,,,,,,,,,,,,,39,68,73,69,69
T. Smith,27,186,72,73,3100000,69,46,67,66,70,72,,,,,,,,,,,,,,,,,,,,,46,67,66,70,72
A. Yiadom,27,180,72,73,3100000,84,51,59,71,68,68,,,,,,,,,,,,,,,,,,,,,51,59,71,68,68
Y. Al Shahrani,27,170,72,73,3100000,86,58,68,70,67,64,,,,,,,,,,,,,,,,,,,,,58,68,70,67,64
G. Peruzzi,27,178,72,73,3100000,80,50,64,69,69,71,,,,,,,,,,,,,,,,,,,,,50,64,69,69,71
Danilo,27,170,72,73,3100000,76,59,63,74,69,70,,,,,,,,,,,,,,,,,,,,,59,63,74,69,70
M. Hawsawi,27,180,72,73,3100000,63,45,44,53,72,73,,,,,,,,,,,,,,,,,,,,,45,44,53,72,73
A. Issoko,27,183,72,73,3100000,93,64,60,70,64,80,,,,,,,,,,,,,,,,,,,,,64,60,70,64,80
J. González,27,177,72,73,3100000,76,43,57,57,73,80,,,,,,,,,,,,,,,,,,,,,43,57,57,73,80
B. Planić,27,191,72,73,3100000,62,26,35,36,71,80,,,,,,,,,,,,,,,,,,,,,26,35,36,71,80
M. Gavranović,29,175,72,72,3100000,74,70,62,74,37,65,,,,,,,,,,,,,,,,,,,,,70,62,74,37,65
M. Diskerud,28,184,72,72,3100000,69,69,72,70,57,71,,,,,,,,,,,,,,,,,,,,,69,72,70,57,71
Diego Farías,29,173,72,72,3100000,84,69,68,79,38,49,,,,,,,,,,,,,,,,,,,,,69,68,79,38,49
S. Armenteros,29,181,72,72,3100000,71,71,62,73,37,68,,,,,,,,,,,,,,,,,,,,,71,62,73,37,68
P. Tachtsidis,28,191,72,72,3100000,49,59,73,64,67,77,,,,,,,,,,,,,,,,,,,,,59,73,64,67,77
E. Adu,28,178,72,72,3100000,49,41,69,74,65,58,,,,,,,,,,,,,,,,,,,,,41,69,74,65,58
D. Aleksić,28,182,72,72,3100000,72,71,71,74,35,70,,,,,,,,,,,,,,,,,,,,,71,71,74,35,70
L. Narsingh,28,178,72,72,3100000,91,63,65,74,25,53,,,,,,,,,,,,,,,,,,,,,63,65,74,25,53
A. Novikovas,28,176,72,72,3100000,89,67,66,73,29,63,,,,,,,,,,,,,,,,,,,,,67,66,73,29,63
S. Clucas,28,188,72,72,3100000,70,67,71,70,65,72,,,,,,,,,,,,,,,,,,,,,67,71,70,65,72
Isaac Cuenca,28,178,72,72,3100000,78,64,66,80,34,52,,,,,,,,,,,,,,,,,,,,,64,66,80,34,52
M. Le Bihan,29,184,72,72,3100000,56,71,58,70,48,70,,,,,,,,,,,,,,,,,,,,,71,58,70,48,70
C. Gytkjær,29,185,72,72,3100000,71,72,57,69,33,73,,,,,,,,,,,,,,,,,,,,,72,57,69,33,73
Y. Orozco,28,168,72,72,3100000,75,63,66,78,38,40,,,,,,,,,,,,,,,,,,,,,63,66,78,38,40
M. Rohdén,28,182,72,72,3100000,72,68,66,71,59,80,,,,,,,,,,,,,,,,,,,,,68,66,71,59,80
A. Wooten,29,186,72,72,3100000,71,71,64,69,34,72,,,,,,,,,,,,,,,,,,,,,71,64,69,34,72
L. Reyes,28,175,72,72,3100000,67,59,66,71,71,76,,,,,,,,,,,,,,,,,,,,,59,66,71,71,76
Zhang Xizhe,28,180,72,72,3100000,69,66,72,73,43,60,,,,,,,,,,,,,,,,,,,,,66,72,73,43,60
L. Ramos,29,185,72,72,3100000,71,71,54,69,32,78,,,,,,,,,,,,,,,,,,,,,71,54,69,32,78
A. Schenetti,28,175,72,72,3100000,82,66,68,72,56,66,,,,,,,,,,,,,,,,,,,,,66,68,72,56,66
D. Muñoz,23,183,71,79,3100000,83,42,58,67,67,72,,,,,,,,,,,,,,,,,,,,,42,58,67,67,72
A. Trondsen,24,183,71,76,3100000,77,67,70,70,64,73,,,,,,,,,,,,,,,,,,,,,67,70,70,64,73
S. Uçan,25,182,71,76,3100000,67,70,72,71,64,56,,,,,,,,,,,,,,,,,,,,,70,72,71,64,56
A. Traoré,24,180,71,76,3100000,68,54,66,72,63,65,,,,,,,,,,,,,,,,,,,,,54,66,72,63,65
G. Prömel,24,184,71,76,3100000,64,62,65,68,65,74,,,,,,,,,,,,,,,,,,,,,62,65,68,65,74
F. Bandinelli,24,180,71,76,3100000,73,67,69,71,61,65,,,,,,,,,,,,,,,,,,,,,67,69,71,61,65
M. Bero,23,181,71,76,3100000,74,72,68,72,59,76,,,,,,,,,,,,,,,,,,,,,72,68,72,59,76
M. Kaye,24,186,71,76,3100000,72,55,67,69,68,72,,,,,,,,,,,,,,,,,,,,,55,67,69,68,72
F. Gorriarán,24,168,71,76,3100000,74,66,74,75,47,48,,,,,,,,,,,,,,,,,,,,,66,74,75,47,48
O. Omoijuanfo,25,188,71,75,3100000,75,70,60,67,41,77,,,,,,,,,,,,,,,,,,,,,70,60,67,41,77
J. Murphy,24,179,71,75,3100000,79,68,68,74,33,55,,,,,,,,,,,,,,,,,,,,,68,68,74,33,55
M. Tanković,24,180,71,75,3100000,75,67,66,72,36,69,,,,,,,,,,,,,,,,,,,,,67,66,72,36,69
E. Hestad,24,183,71,75,3100000,74,64,69,73,56,67,,,,,,,,,,,,,,,,,,,,,64,69,73,56,67
A. Zaldívar,25,178,71,75,3100000,79,68,61,70,43,69,,,,,,,,,,,,,,,,,,,,,68,61,70,43,69
A. Kamara,24,177,71,75,3100000,83,68,53,66,30,76,,,,,,,,,,,,,,,,,,,,,68,53,66,30,76
K. Mrabti,25,175,71,75,3100000,85,63,66,74,55,77,,,,,,,,,,,,,,,,,,,,,63,66,74,55,77
C. Songkrasin,25,158,71,75,3100000,85,65,66,77,28,52,,,,,,,,,,,,,,,,,,,,,65,66,77,28,52
Y. Toyokawa,24,171,71,75,3100000,80,70,55,70,22,50,,,,,,,,,,,,,,,,,,,,,70,55,70,22,50
L. Reis,19,178,70,83,3100000,73,57,62,69,69,69,,,,,,,,,,,,,,,,,,,,,57,62,69,69,69
Rogério,21,178,70,83,3100000,76,53,65,72,67,61,,,,,,,,,,,,,,,,,,,,,53,65,72,67,61
D. Geiger,21,172,70,82,3100000,65,45,67,76,52,54,,,,,,,,,,,,,,,,,,,,,45,67,76,52,54
A. Fein,20,187,70,82,3100000,64,56,65,71,63,70,,,,,,,,,,,,,,,,,,,,,56,65,71,63,70
R. Manaj,22,182,70,81,3100000,70,68,53,68,29,69,,,,,,,,,,,,,,,,,,,,,68,53,68,29,69
Naldo,36,198,80,80,3000000,53,65,62,60,81,71,,,,,,,,,,,,,,,,,,,,,65,62,60,81,71
K. El Ahmadi,34,181,76,76,3000000,62,62,71,73,71,77,,,,,,,,,,,,,,,,,,,,,62,71,73,71,77
Javi López,33,180,75,75,3000000,66,53,70,70,71,72,,,,,,,,,,,,,,,,,,,,,53,70,70,71,72
K. Kamara,34,188,74,74,3000000,73,72,61,70,35,78,,,,,,,,,,,,,,,,,,,,,72,61,70,35,78
N. Cardozo,32,173,73,73,3000000,76,67,72,71,65,75,,,,,,,,,,,,,,,,,,,,,67,72,71,65,75
J. Mikel,32,188,73,73,3000000,54,59,71,68,78,79,,,,,,,,,,,,,,,,,,,,,59,71,68,78,79
Mosquera,31,184,73,73,3000000,48,59,69,67,71,73,,,,,,,,,,,,,,,,,,,,,59,69,67,71,73
L. Mabiala,31,189,73,73,3000000,50,44,51,50,71,84,,,,,,,,,,,,,,,,,,,,,44,51,50,71,84
J. Molina,31,186,73,73,3000000,66,58,65,66,71,82,,,,,,,,,,,,,,,,,,,,,58,65,66,71,82
Wallace,31,184,73,73,3000000,42,52,59,52,73,69,,,,,,,,,,,,,,,,,,,,,52,59,52,73,69
Etxeita,31,186,73,73,3000000,44,35,47,56,71,77,,,,,,,,,,,,,,,,,,,,,35,47,56,71,77
N. Tomović,31,184,73,73,3000000,58,38,59,65,72,76,,,,,,,,,,,,,,,,,,,,,38,59,65,72,76
J. Vuković,31,195,73,73,3000000,37,46,55,50,73,75,,,,,,,,,,,,,,,,,,,,,46,55,50,73,75
F. Lucioni,31,186,73,73,3000000,54,33,48,50,73,72,,,,,,,,,,,,,,,,,,,,,33,48,50,73,72
K. Waston,31,196,73,73,3000000,44,30,44,43,71,82,,,,,,,,,,,,,,,,,,,,,30,44,43,71,82
Luis Couprins,31,177,73,73,3000000,75,65,66,62,74,67,,,,,,,,,,,,,,,,,,,,,65,66,62,74,67
Marcos Paneira,31,182,73,73,3000000,57,57,67,68,75,72,,,,,,,,,,,,,,,,,,,,,57,67,68,75,72
J. Börner,28,188,72,73,3000000,63,58,54,56,71,79,,,,,,,,,,,,,,,,,,,,,58,54,56,71,79
Pulido,28,186,72,73,3000000,42,37,52,49,72,79,,,,,,,,,,,,,,,,,,,,,37,52,49,72,79
M. Wagué,28,191,72,73,3000000,54,33,42,44,72,81,,,,,,,,,,,,,,,,,,,,,33,42,44,72,81
A. Struna,28,188,72,73,3000000,65,40,58,61,70,85,,,,,,,,,,,,,,,,,,,,,40,58,61,70,85
Carlos Hernández,28,185,72,73,3000000,49,46,47,50,71,80,,,,,,,,,,,,,,,,,,,,,46,47,50,71,80
M. Jonjić,28,187,72,73,3000000,68,42,45,48,72,76,,,,,,,,,,,,,,,,,,,,,42,45,48,72,76
L. Jutkiewicz,30,185,72,72,3000000,60,70,59,65,44,79,,,,,,,,,,,,,,,,,,,,,70,59,65,44,79
J. Morávek,29,180,72,72,3000000,46,69,73,74,55,59,,,,,,,,,,,,,,,,,,,,,69,73,74,55,59
M. Coda,30,184,72,72,3000000,61,73,53,69,25,59,,,,,,,,,,,,,,,,,,,,,73,53,69,25,59
J. Montero,29,173,72,72,3000000,89,66,68,79,29,57,,,,,,,,,,,,,,,,,,,,,66,68,79,29,57
L. Kozák,30,193,72,72,3000000,52,70,53,64,32,75,,,,,,,,,,,,,,,,,,,,,70,53,64,32,75
M. Vejinović,29,186,72,72,3000000,46,68,78,68,63,64,,,,,,,,,,,,,,,,,,,,,68,78,68,63,64
Y. Ravet,29,178,72,72,3000000,73,68,72,73,38,59,,,,,,,,,,,,,,,,,,,,,68,72,73,38,59
J. Schieber,30,186,72,72,3000000,58,74,58,64,30,71,,,,,,,,,,,,,,,,,,,,,74,58,64,30,71
S. Al Faraj,29,181,72,72,3000000,68,67,74,73,65,68,,,,,,,,,,,,,,,,,,,,,67,74,73,65,68
A. Ragusa,29,183,72,72,3000000,86,67,66,75,44,64,,,,,,,,,,,,,,,,,,,,,67,66,75,44,64
Kim Bo Kyung,29,178,72,72,3000000,77,68,70,72,59,69,,,,,,,,,,,,,,,,,,,,,68,70,72,59,69
Y. Court,29,172,72,72,3000000,68,65,73,75,37,66,,,,,,,,,,,,,,,,,,,,,65,73,75,37,66
A. Morales,29,183,72,72,3000000,67,58,69,70,67,76,,,,,,,,,,,,,,,,,,,,,58,69,70,67,76
T. Ben Haim,29,178,72,72,3000000,89,68,65,74,29,58,,,,,,,,,,,,,,,,,,,,,68,65,74,29,58
I. Santini,30,190,72,72,3000000,39,76,55,58,40,85,,,,,,,,,,,,,,,,,,,,,76,55,58,40,85
N. Al Abed,29,168,72,72,3000000,75,71,70,72,45,66,,,,,,,,,,,,,,,,,,,,,71,70,72,45,66
Júlio Tavares,30,187,72,72,3000000,54,70,52,67,29,71,,,,,,,,,,,,,,,,,,,,,70,52,67,29,71
Frédéric Mendy,30,194,72,72,3000000,62,69,56,64,32,81,,,,,,,,,,,,,,,,,,,,,69,56,64,32,81
L. Castro,30,183,72,72,3000000,70,72,63,65,32,66,,,,,,,,,,,,,,,,,,,,,72,63,65,32,66
K. Molino,29,173,72,72,3000000,72,69,66,75,49,65,,,,,,,,,,,,,,,,,,,,,69,66,75,49,65
Cafú,26,183,72,72,3000000,69,69,63,69,66,84,,,,,,,,,,,,,,,,,,,,,69,63,69,66,84
Cao Yunding,29,173,72,72,3000000,84,62,67,74,34,66,,,,,,,,,,,,,,,,,,,,,62,67,74,34,66
Amilton,29,172,72,72,3000000,91,68,62,75,33,66,,,,,,,,,,,,,,,,,,,,,68,62,75,33,66
C. Bernardi,29,177,72,72,3000000,81,63,69,74,45,62,,,,,,,,,,,,,,,,,,,,,63,69,74,45,62
S. Rybalka,29,176,72,72,3000000,57,65,75,70,67,62,,,,,,,,,,,,,,,,,,,,,65,75,70,67,62
H. Reed,24,176,71,78,3000000,65,57,70,69,68,65,,,,,,,,,,,,,,,,,,,,,57,70,69,68,65
C. Nørgaard,25,187,71,78,3000000,56,58,69,67,70,69,,,,,,,,,,,,,,,,,,,,,58,69,67,70,69
M. Valjent,23,186,71,78,3000000,69,36,55,65,71,74,,,,,,,,,,,,,,,,,,,,,36,55,65,71,74
R. Coly,23,185,71,78,3000000,80,44,60,66,68,75,,,,,,,,,,,,,,,,,,,,,44,60,66,68,75
J. Rodríguez,23,187,71,78,3000000,58,34,45,48,70,74,,,,,,,,,,,,,,,,,,,,,34,45,48,70,74
O. Boscagli,21,181,71,78,3000000,67,29,66,69,71,70,,,,,,,,,,,,,,,,,,,,,29,66,69,71,70
E. Remedi,24,169,71,78,3000000,60,51,64,63,67,82,,,,,,,,,,,,,,,,,,,,,51,64,63,67,82
J. Elías,23,180,71,78,3000000,70,49,64,68,67,71,,,,,,,,,,,,,,,,,,,,,49,64,68,67,71
L. Štulac,24,175,71,78,3000000,70,64,67,66,68,69,,,,,,,,,,,,,,,,,,,,,64,67,66,68,69
Gumbau,24,187,71,77,3000000,30,64,70,65,69,58,,,,,,,,,,,,,,,,,,,,,64,70,65,69,58
D. Bisoli,25,180,71,75,3000000,74,69,68,69,59,67,,,,,,,,,,,,,,,,,,,,,69,68,69,59,67
Jonatan Lucca,25,184,71,75,3000000,55,65,69,68,64,78,,,,,,,,,,,,,,,,,,,,,65,69,68,64,78
M. Hašek,23,180,71,75,3000000,72,66,68,71,64,71,,,,,,,,,,,,,,,,,,,,,66,68,71,64,71
A. Taggart,26,183,71,74,3000000,76,72,62,72,36,63,,,,,,,,,,,,,,,,,,,,,72,62,72,36,63
C. Nyman,26,185,71,74,3000000,83,67,58,66,28,81,,,,,,,,,,,,,,,,,,,,,67,58,66,28,81
I. Tandia,25,171,71,74,3000000,91,67,63,77,35,68,,,,,,,,,,,,,,,,,,,,,67,63,77,35,68
Adryan,24,175,71,74,3000000,77,63,69,76,39,58,,,,,,,,,,,,,,,,,,,,,63,69,76,39,58
A. Lozano,26,185,71,74,3000000,78,69,60,70,34,75,,,,,,,,,,,,,,,,,,,,,69,60,70,34,75
J. Wallace,25,178,71,74,3000000,76,64,68,71,45,65,,,,,,,,,,,,,,,,,,,,,64,68,71,45,65
F. Malbašić,26,182,71,74,3000000,84,69,64,73,35,66,,,,,,,,,,,,,,,,,,,,,69,64,73,35,66
T. Pledl,25,173,71,74,3000000,77,60,70,74,49,57,,,,,,,,,,,,,,,,,,,,,60,70,74,49,57
A. Henríquez,25,176,71,74,3000000,75,70,60,67,29,61,,,,,,,,,,,,,,,,,,,,,70,60,67,29,61
R. Kishna,24,183,71,74,3000000,73,65,66,77,33,46,,,,,,,,,,,,,,,,,,,,,65,66,77,33,46
S. Kerk,25,184,71,74,3000000,65,69,73,72,34,57,,,,,,,,,,,,,,,,,,,,,69,73,72,34,57
J. Cabot,25,164,71,74,3000000,92,65,59,78,28,51,,,,,,,,,,,,,,,,,,,,,65,59,78,28,51
I. Tajouri-Shradi,25,170,71,74,3000000,82,70,64,75,31,53,,,,,,,,,,,,,,,,,,,,,70,64,75,31,53
M. Rodríguez,24,170,71,74,3000000,90,65,62,73,46,64,,,,,,,,,,,,,,,,,,,,,65,62,73,46,64
A. Sagal,26,180,71,74,3000000,76,71,62,66,51,73,,,,,,,,,,,,,,,,,,,,,71,62,66,51,73
F. Pizzini,25,179,71,74,3000000,77,62,67,71,32,64,,,,,,,,,,,,,,,,,,,,,62,67,71,32,64
E. Berggreen,26,194,71,74,3000000,45,70,53,67,30,71,,,,,,,,,,,,,,,,,,,,,70,53,67,30,71
J. Arias,26,176,71,74,3000000,60,72,51,68,27,69,,,,,,,,,,,,,,,,,,,,,72,51,68,27,69
A. Preciado,24,182,71,74,3000000,84,72,67,71,32,64,,,,,,,,,,,,,,,,,,,,,72,67,71,32,64
Fernando Andrade,26,182,71,74,3000000,66,72,55,65,26,73,,,,,,,,,,,,,,,,,,,,,72,55,65,26,73
P. Cucchi,26,180,71,74,3000000,79,69,61,70,37,70,,,,,,,,,,,,,,,,,,,,,69,61,70,37,70
Kim Seung Joon,24,180,71,73,3000000,83,66,64,72,35,68,,,,,,,,,,,,,,,,,,,,,66,64,72,35,68
K. Bistrović,21,183,70,82,3000000,67,56,69,68,69,62,,,,,,,,,,,,,,,,,,,,,56,69,68,69,62
E. Aguirre,22,172,70,81,3000000,87,54,67,70,64,69,,,,,,,,,,,,,,,,,,,,,54,67,70,64,69
M. van Bergen,19,170,70,81,3000000,90,67,60,73,25,51,,,,,,,,,,,,,,,,,,,,,67,60,73,25,51
A. Bernede,20,177,70,81,3000000,65,55,65,71,66,71,,,,,,,,,,,,,,,,,,,,,55,65,71,66,71
T. Belmonte,21,178,70,81,3000000,71,60,63,69,68,76,,,,,,,,,,,,,,,,,,,,,60,63,69,68,76
K. Parks,21,191,70,81,3000000,43,62,65,68,64,70,,,,,,,,,,,,,,,,,,,,,62,65,68,64,70
Jean Lucas,21,181,70,81,3000000,70,55,68,68,58,67,,,,,,,,,,,,,,,,,,,,,55,68,68,58,67
J. Holebas,35,185,78,78,2900000,69,65,75,74,76,76,,,,,,,,,,,,,,,,,,,,,65,75,74,76,76
B. Schweinsteiger,34,183,76,76,2900000,34,71,79,71,74,73,,,,,,,,,,,,,,,,,,,,,71,79,71,74,73
S. Bamba,34,190,76,76,2900000,51,28,44,56,76,79,,,,,,,,,,,,,,,,,,,,,28,44,56,76,79
R. Sambueza,35,174,75,75,2900000,65,71,78,76,47,77,,,,,,,,,,,,,,,,,,,,,71,78,76,47,77
J. Valdivia,35,173,75,75,2900000,59,65,76,76,40,62,,,,,,,,,,,,,,,,,,,,,65,76,76,40,62
José Mirazar,35,180,75,75,2900000,75,65,76,77,35,65,,,,,,,,,,,,,,,,,,,,,65,76,77,35,65
Víctor Díaz,31,184,73,73,2900000,73,56,66,66,70,76,,,,,,,,,,,,,,,,,,,,,56,66,66,70,76
R. Salinas,31,179,73,73,2900000,72,67,72,70,70,72,,,,,,,,,,,,,,,,,,,,,67,72,70,70,72
Aday Benítez,31,179,73,73,2900000,70,51,65,74,69,62,,,,,,,,,,,,,,,,,,,,,51,65,74,69,62
I. Strinić,31,186,73,73,2900000,63,56,67,71,74,71,,,,,,,,,,,,,,,,,,,,,56,67,71,74,71
Juli Piresinho,31,180,73,73,2900000,70,48,62,65,74,77,,,,,,,,,,,,,,,,,,,,,48,62,65,74,77
L. Hejda,29,189,72,73,2900000,60,35,51,56,72,75,,,,,,,,,,,,,,,,,,,,,35,51,56,72,75
E. Olivera,29,180,72,73,2900000,66,42,49,50,73,75,,,,,,,,,,,,,,,,,,,,,42,49,50,73,75
Tiago,29,191,72,73,2900000,51,45,45,41,68,79,,,,,,,,,,,,,,,,,,,,,45,45,41,68,79
O. Kanté,29,185,72,73,2900000,51,35,46,53,72,79,,,,,,,,,,,,,,,,,,,,,35,46,53,72,79
André Santos,30,178,72,72,2900000,55,65,73,71,67,67,,,,,,,,,,,,,,,,,,,,,65,73,71,67,67
Salomão,30,175,72,72,2900000,75,69,68,74,41,61,,,,,,,,,,,,,,,,,,,,,69,68,74,41,61
Sin Jin Ho,30,177,72,72,2900000,59,63,73,68,62,71,,,,,,,,,,,,,,,,,,,,,63,73,68,62,71
V. Hernández,30,160,72,72,2900000,87,67,64,74,34,46,,,,,,,,,,,,,,,,,,,,,67,64,74,34,46
Pedro Tiba,30,174,72,72,2900000,63,64,69,73,60,75,,,,,,,,,,,,,,,,,,,,,64,69,73,60,75
N. Acevedo,30,179,72,72,2900000,67,54,64,68,72,80,,,,,,,,,,,,,,,,,,,,,54,64,68,72,80
Sandelas Júnior,27,183,72,72,2900000,62,53,63,63,70,76,,,,,,,,,,,,,,,,,,,,,53,63,63,70,76
Vieiraldo Junior,27,180,72,72,2900000,68,45,62,67,73,78,,,,,,,,,,,,,,,,,,,,,45,62,67,73,78
M. Frýdek,27,178,72,72,2900000,75,67,69,70,68,81,,,,,,,,,,,,,,,,,,,,,67,69,70,68,81
J. Castelletto,24,185,71,77,2900000,76,30,51,58,70,75,,,,,,,,,,,,,,,,,,,,,30,51,58,70,75
S. Findlay,23,191,71,77,2900000,65,37,58,52,71,72,,,,,,,,,,,,,,,,,,,,,37,58,52,71,72
Jordi Calavera,23,182,71,77,2900000,77,56,61,69,66,73,,,,,,,,,,,,,,,,,,,,,56,61,69,66,73
F. Centonze,23,182,71,77,2900000,78,53,65,71,67,75,,,,,,,,,,,,,,,,,,,,,53,65,71,67,75
C. De Norre,22,175,71,77,2900000,71,63,66,72,66,71,,,,,,,,,,,,,,,,,,,,,63,66,72,66,71
Miguelón,23,170,71,77,2900000,71,45,64,70,70,66,,,,,,,,,,,,,,,,,,,,,45,64,70,70,66
R. Kristensen,21,186,71,77,2900000,73,56,66,66,67,80,,,,,,,,,,,,,,,,,,,,,56,66,66,67,80
L. Agbenyenu,22,175,71,77,2900000,82,46,59,71,68,71,,,,,,,,,,,,,,,,,,,,,46,59,71,68,71
D. Kinsombi,23,183,71,76,2900000,73,56,62,70,67,77,,,,,,,,,,,,,,,,,,,,,56,62,70,67,77
Artur,23,181,71,76,2900000,67,51,64,71,66,73,,,,,,,,,,,,,,,,,,,,,51,64,71,66,73
Ruiz de Galarreta,25,175,71,74,2900000,64,59,67,70,65,64,,,,,,,,,,,,,,,,,,,,,59,67,70,65,64
Marcos Júnior,26,167,71,74,2900000,89,69,65,74,35,60,,,,,,,,,,,,,,,,,,,,,69,65,74,35,60
R. Carrascal,26,173,71,74,2900000,66,58,66,65,63,68,,,,,,,,,,,,,,,,,,,,,58,66,65,63,68
J. Rodríguez,26,180,71,74,2900000,72,64,71,71,43,69,,,,,,,,,,,,,,,,,,,,,64,71,71,43,69
S. Davis,26,183,71,74,2900000,70,60,71,70,66,74,,,,,,,,,,,,,,,,,,,,,60,71,70,66,74
K. Zohore,25,194,71,73,2900000,65,70,48,64,26,77,,,,,,,,,,,,,,,,,,,,,70,48,64,26,77
B. Afobe,26,183,71,73,2900000,76,70,59,67,29,69,,,,,,,,,,,,,,,,,,,,,70,59,67,29,69
B. Wood,26,180,71,73,2900000,76,71,58,72,27,70,,,,,,,,,,,,,,,,,,,,,71,58,72,27,70
Javier Espinosa,26,173,71,73,2900000,69,63,71,73,55,53,,,,,,,,,,,,,,,,,,,,,63,71,73,55,53
S. van de Streek,26,183,71,73,2900000,68,73,65,68,57,64,,,,,,,,,,,,,,,,,,,,,73,65,68,57,64
A. Niane,26,182,71,73,2900000,70,70,55,68,19,68,,,,,,,,,,,,,,,,,,,,,70,55,68,19,68
N. Oroz,25,173,71,73,2900000,76,59,67,74,52,58,,,,,,,,,,,,,,,,,,,,,59,67,74,52,58
R. Bajić,25,189,71,73,2900000,63,70,54,66,24,65,,,,,,,,,,,,,,,,,,,,,70,54,66,24,65
M. Mohammadi,25,178,71,73,2900000,85,70,66,75,33,59,,,,,,,,,,,,,,,,,,,,,70,66,75,33,59
B. Riveros,21,178,70,82,2900000,84,36,58,75,63,71,,,,,,,,,,,,,,,,,,,,,36,58,75,63,71
M. Varnier,21,186,70,82,2900000,65,38,50,54,69,73,,,,,,,,,,,,,,,,,,,,,38,50,54,69,73
R. Cannon,21,180,70,82,2900000,90,35,57,67,65,74,,,,,,,,,,,,,,,,,,,,,35,57,67,65,74
K. Mavropanos,21,194,70,82,2900000,55,33,44,45,70,75,,,,,,,,,,,,,,,,,,,,,33,44,45,70,75
V. Mykolenko,20,180,70,82,2900000,74,38,58,56,66,60,,,,,,,,,,,,,,,,,,,,,38,58,56,66,60
D. Solanke,21,187,70,80,2900000,66,69,60,70,27,69,,,,,,,,,,,,,,,,,,,,,69,60,70,27,69
Fran Villalba,21,168,70,80,2900000,60,62,71,76,48,39,,,,,,,,,,,,,,,,,,,,,62,71,76,48,39
B. Jatta,21,184,70,80,2900000,87,66,60,71,33,72,,,,,,,,,,,,,,,,,,,,,66,60,71,33,72
L. Bénes,21,181,70,80,2900000,65,68,72,71,35,56,,,,,,,,,,,,,,,,,,,,,68,72,71,35,56
A. Nordin,21,170,70,80,2900000,82,67,63,73,32,52,,,,,,,,,,,,,,,,,,,,,67,63,73,32,52
O. Okwonkwo,21,173,70,80,2900000,90,66,63,70,49,70,,,,,,,,,,,,,,,,,,,,,66,63,70,49,70
N. Barrios,21,156,70,80,2900000,76,63,67,72,40,38,,,,,,,,,,,,,,,,,,,,,63,67,72,40,38
Jordi Mboula,20,183,70,80,2900000,86,66,62,73,32,62,,,,,,,,,,,,,,,,,,,,,66,62,73,32,62
G. Yalçın,20,184,70,80,2900000,78,70,60,73,23,57,,,,,,,,,,,,,,,,,,,,,70,60,73,23,57
L. Randjelovic,21,177,70,80,2900000,75,65,67,69,33,61,,,,,,,,,,,,,,,,,,,,,65,67,69,33,61
D. Baier,35,176,77,77,2800000,43,55,77,75,72,69,,,,,,,,,,,,,,,,,,,,,55,77,75,72,69
J. Defoe,36,171,76,76,2800000,67,82,60,75,26,56,,,,,,,,,,,,,,,,,,,,,82,60,75,26,56
J. Sand,38,185,76,76,2800000,46,79,61,65,36,74,,,,,,,,,,,,,,,,,,,,,79,61,65,36,74
R. Palacio,37,176,76,76,2800000,74,71,72,82,46,65,,,,,,,,,,,,,,,,,,,,,71,72,82,46,65
Salva Sevilla,35,178,75,75,2800000,46,70,80,71,48,60,,,,,,,,,,,,,,,,,,,,,70,80,71,48,60
E. Derdiyok,31,191,72,72,2800000,36,74,66,66,32,72,,,,,,,,,,,,,,,,,,,,,74,66,66,32,72
D. McGoldrick,31,183,72,72,2800000,66,71,67,72,33,67,,,,,,,,,,,,,,,,,,,,,71,67,72,33,67
C. Beauvue,31,174,72,72,2800000,65,72,65,71,40,58,,,,,,,,,,,,,,,,,,,,,72,65,71,40,58
N. Roux,31,182,72,72,2800000,71,70,65,72,38,67,,,,,,,,,,,,,,,,,,,,,70,65,72,38,67
Orlando Sá,31,188,72,72,2800000,58,70,58,68,36,76,,,,,,,,,,,,,,,,,,,,,70,58,68,36,76
M. Diouf,31,185,72,72,2800000,80,69,61,66,67,80,,,,,,,,,,,,,,,,,,,,,69,61,66,67,80
M. Sau,31,169,72,72,2800000,85,69,70,79,31,56,,,,,,,,,,,,,,,,,,,,,69,70,79,31,56
N. Boilesen,27,186,72,72,2800000,73,52,66,69,70,69,,,,,,,,,,,,,,,,,,,,,52,66,69,70,69
M. Capuano,27,186,72,72,2800000,63,33,49,56,70,80,,,,,,,,,,,,,,,,,,,,,33,49,56,70,80
J. Korb,27,177,72,72,2800000,72,48,67,73,68,67,,,,,,,,,,,,,,,,,,,,,48,67,73,68,67
M. Bauer,27,181,72,72,2800000,81,46,69,72,66,69,,,,,,,,,,,,,,,,,,,,,46,69,72,66,69
F. Márquez,31,184,72,72,2800000,76,72,60,68,35,73,,,,,,,,,,,,,,,,,,,,,72,60,68,35,73
C. Menéndez,31,185,72,72,2800000,64,70,63,66,36,74,,,,,,,,,,,,,,,,,,,,,70,63,66,36,74
F. Mladenović,27,180,72,72,2800000,77,59,67,72,68,69,,,,,,,,,,,,,,,,,,,,,59,67,72,68,69
S. Griesbeck,28,189,72,72,2800000,54,47,60,60,72,81,,,,,,,,,,,,,,,,,,,,,47,60,60,72,81
Jeff Meirson,27,179,72,72,2800000,72,50,69,60,72,74,,,,,,,,,,,,,,,,,,,,,50,69,60,72,74
Paulao Junqueiras,31,193,72,72,2800000,37,77,51,61,27,72,,,,,,,,,,,,,,,,,,,,,77,51,61,27,72
Nilsito Vilela,31,180,72,72,2800000,82,63,60,74,25,62,,,,,,,,,,,,,,,,,,,,,63,60,74,25,62
Rômulo Calsede,31,181,72,72,2800000,75,72,60,67,32,70,,,,,,,,,,,,,,,,,,,,,72,60,67,32,70
Marlion Simões,27,180,72,72,2800000,86,56,59,71,70,70,,,,,,,,,,,,,,,,,,,,,56,59,71,70,70
A. Briseño,25,185,71,76,2800000,63,43,49,59,69,77,,,,,,,,,,,,,,,,,,,,,43,49,59,69,77
P. Bauer,26,192,71,76,2800000,32,45,54,44,72,74,,,,,,,,,,,,,,,,,,,,,45,54,44,72,74
R. Woods,25,173,71,76,2800000,70,54,69,73,64,72,,,,,,,,,,,,,,,,,,,,,54,69,73,64,72
M. Pérez,26,169,71,76,2800000,72,52,65,68,69,72,,,,,,,,,,,,,,,,,,,,,52,65,68,69,72
R. Loaiza,25,180,71,76,2800000,61,45,66,66,67,75,,,,,,,,,,,,,,,,,,,,,45,66,66,67,75
P. Mwene,25,172,71,76,2800000,79,44,60,71,63,64,,,,,,,,,,,,,,,,,,,,,44,60,71,63,64
J. Zimmer,25,171,71,76,2800000,77,60,65,71,65,71,,,,,,,,,,,,,,,,,,,,,60,65,71,65,71
J. Gómez,25,173,71,76,2800000,87,54,63,74,63,66,,,,,,,,,,,,,,,,,,,,,54,63,74,63,66
G. Piovi,24,180,71,76,2800000,69,48,56,59,69,81,,,,,,,,,,,,,,,,,,,,,48,56,59,69,81
P. Stojanović,23,178,71,76,2800000,83,50,67,71,64,72,,,,,,,,,,,,,,,,,,,,,50,67,71,64,72
Brian Oliván,25,177,71,76,2800000,74,56,61,70,66,75,,,,,,,,,,,,,,,,,,,,,56,61,70,66,75
M. Barbieri,25,181,71,76,2800000,67,34,40,49,69,74,,,,,,,,,,,,,,,,,,,,,34,40,49,69,74
A. D'Alberto,24,178,71,76,2800000,75,36,60,68,68,67,,,,,,,,,,,,,,,,,,,,,36,60,68,68,67
J. Lefort,25,184,71,76,2800000,65,26,58,63,71,72,,,,,,,,,,,,,,,,,,,,,26,58,63,71,72
M. Bokadi,23,186,71,76,2800000,52,33,52,56,71,74,,,,,,,,,,,,,,,,,,,,,33,52,56,71,74
A. Vallci,23,191,71,76,2800000,77,49,57,59,69,80,,,,,,,,,,,,,,,,,,,,,49,57,59,69,80
Diego Caballo,25,173,71,76,2800000,72,60,68,66,67,63,,,,,,,,,,,,,,,,,,,,,60,68,66,67,63
K. Stewart,25,181,71,75,2800000,67,53,61,67,72,72,,,,,,,,,,,,,,,,,,,,,53,61,67,72,72
J. Cooper,24,193,71,75,2800000,52,31,47,50,71,75,,,,,,,,,,,,,,,,,,,,,31,47,50,71,75
G. Jung,24,189,71,75,2800000,61,42,59,62,72,71,,,,,,,,,,,,,,,,,,,,,42,59,62,72,71
H. Belkebla,25,177,71,75,2800000,64,54,67,71,66,71,,,,,,,,,,,,,,,,,,,,,54,67,71,66,71
S. Lletget,26,178,71,73,2800000,72,64,70,75,61,70,,,,,,,,,,,,,,,,,,,,,64,70,75,61,70
P. Faragò,26,187,71,73,2800000,67,57,70,69,65,68,,,,,,,,,,,,,,,,,,,,,57,70,69,65,68
V. Kadlec,27,181,71,72,2800000,87,69,60,71,36,62,,,,,,,,,,,,,,,,,,,,,69,60,71,36,62
L. Thy,27,184,71,72,2800000,76,69,62,67,46,76,,,,,,,,,,,,,,,,,,,,,69,62,67,46,76
B. Pawłowski,26,178,71,72,2800000,90,65,64,73,28,63,,,,,,,,,,,,,,,,,,,,,65,64,73,28,63
T. Barkhuizen,25,175,71,72,2800000,94,65,59,71,40,67,,,,,,,,,,,,,,,,,,,,,65,59,71,40,67
G. Wikheim,26,182,71,72,2800000,87,59,64,74,44,55,,,,,,,,,,,,,,,,,,,,,59,64,74,44,55
William,27,182,71,72,2800000,71,68,60,66,26,80,,,,,,,,,,,,,,,,,,,,,68,60,66,26,80
U. Đerić,27,195,71,72,2800000,60,71,48,62,29,78,,,,,,,,,,,,,,,,,,,,,71,48,62,29,78
I. Kiese Thelin,27,189,71,72,2800000,47,68,63,66,32,79,,,,,,,,,,,,,,,,,,,,,68,63,66,32,79
S. Dursun,27,190,71,72,2800000,60,70,52,67,31,72,,,,,,,,,,,,,,,,,,,,,70,52,67,31,72
F. Fragapane,26,167,71,72,2800000,90,64,67,74,36,52,,,,,,,,,,,,,,,,,,,,,64,67,74,36,52
J. Botaka,26,182,71,72,2800000,83,65,60,77,55,69,,,,,,,,,,,,,,,,,,,,,65,60,77,55,69
S. Longo,27,186,71,72,2800000,72,70,57,70,38,74,,,,,,,,,,,,,,,,,,,,,70,57,70,38,74
S. Hedlund,26,175,71,72,2800000,90,63,63,74,28,62,,,,,,,,,,,,,,,,,,,,,63,63,74,28,62
M. Cuero,26,178,71,72,2800000,90,67,62,73,28,59,,,,,,,,,,,,,,,,,,,,,67,62,73,28,59
L. Díaz,27,182,71,72,2800000,70,69,63,69,26,69,,,,,,,,,,,,,,,,,,,,,69,63,69,26,69
J. Garro,26,179,71,72,2800000,81,64,60,72,27,64,,,,,,,,,,,,,,,,,,,,,64,60,72,27,64
E. Rescaldani,27,191,71,72,2800000,45,71,55,64,35,70,,,,,,,,,,,,,,,,,,,,,71,55,64,35,70
J. Hugill,27,183,71,72,2800000,72,68,52,65,38,85,,,,,,,,,,,,,,,,,,,,,68,52,65,38,85
J. Correa,26,170,71,72,2800000,72,68,68,73,27,62,,,,,,,,,,,,,,,,,,,,,68,68,73,27,62
R. Mirzov,26,179,71,72,2800000,81,64,65,76,50,63,,,,,,,,,,,,,,,,,,,,,64,65,76,50,63
W. Montoya,25,175,71,72,2800000,78,60,66,74,38,59,,,,,,,,,,,,,,,,,,,,,60,66,74,38,59
J. Meneses,26,163,71,72,2800000,86,63,61,74,31,68,,,,,,,,,,,,,,,,,,,,,63,61,74,31,68
S. Doi,27,172,71,72,2800000,72,70,68,74,47,57,,,,,,,,,,,,,,,,,,,,,70,68,74,47,57
B. Johnsen,27,195,71,72,2800000,72,70,52,64,48,74,,,,,,,,,,,,,,,,,,,,,70,52,64,48,74
Rodri Tarín,22,183,70,81,2800000,66,36,52,59,69,68,,,,,,,,,,,,,,,,,,,,,36,52,59,69,68
C. Bravo,22,170,70,81,2800000,75,49,60,71,69,64,,,,,,,,,,,,,,,,,,,,,49,60,71,69,64
K. Mac Allister,21,175,70,81,2800000,70,42,56,65,70,66,,,,,,,,,,,,,,,,,,,,,42,56,65,70,66
Nolaskoain,20,186,70,81,2800000,60,58,65,68,69,69,,,,,,,,,,,,,,,,,,,,,58,65,68,69,69
J. Campuzano,23,175,70,81,2800000,70,41,59,64,67,73,,,,,,,,,,,,,,,,,,,,,41,59,64,67,73
S. Bornauw,20,191,70,81,2800000,62,40,63,59,67,77,,,,,,,,,,,,,,,,,,,,,40,63,59,67,77
J. Makengo,21,177,70,80,2800000,68,64,71,71,67,65,,,,,,,,,,,,,,,,,,,,,64,71,71,67,65
Alex López,22,176,70,80,2800000,63,53,66,71,58,57,,,,,,,,,,,,,,,,,,,,,53,66,71,58,57
S. Córdova,21,188,70,79,2800000,76,68,53,69,23,64,,,,,,,,,,,,,,,,,,,,,68,53,69,23,64
I. Zlatanović,21,180,70,79,2800000,76,68,56,67,27,71,,,,,,,,,,,,,,,,,,,,,68,56,67,27,71
R. Civelli,35,195,77,77,2700000,33,59,56,45,76,84,,,,,,,,,,,,,,,,,,,,,59,56,45,76,84
Danilo,35,185,77,77,2700000,48,40,49,52,80,63,,,,,,,,,,,,,,,,,,,,,40,49,52,80,63
D. Basta,34,183,76,76,2700000,69,66,70,74,76,70,,,,,,,,,,,,,,,,,,,,,66,70,74,76,70
S. Davis,34,173,74,74,2700000,54,61,75,74,63,63,,,,,,,,,,,,,,,,,,,,,61,75,74,63,63
S. Larsson,34,178,74,74,2700000,55,69,77,68,66,72,,,,,,,,,,,,,,,,,,,,,69,77,68,66,72
S. M'Bia,33,187,74,74,2700000,68,62,66,66,74,81,,,,,,,,,,,,,,,,,,,,,62,66,66,74,81
T. Reginiussen,33,185,74,74,2700000,63,42,54,51,73,77,,,,,,,,,,,,,,,,,,,,,42,54,51,73,77
H. Medunjanin,34,188,74,74,2700000,56,71,75,72,62,70,,,,,,,,,,,,,,,,,,,,,71,75,72,62,70
M. Valdifiori,33,185,74,74,2700000,50,56,79,74,69,62,,,,,,,,,,,,,,,,,,,,,56,79,74,69,62
R. Elm,31,184,72,72,2700000,47,66,76,67,61,62,,,,,,,,,,,,,,,,,,,,,66,76,67,61,62
S. Kaya,28,183,72,72,2700000,64,38,56,55,70,75,,,,,,,,,,,,,,,,,,,,,38,56,55,70,75
Omar Ramos,31,176,72,72,2700000,74,66,72,75,36,58,,,,,,,,,,,,,,,,,,,,,66,72,75,36,58
P. Kone,31,182,72,72,2700000,70,72,70,71,50,63,,,,,,,,,,,,,,,,,,,,,72,70,71,50,63
Bueno,31,179,72,72,2700000,59,74,69,75,41,47,,,,,,,,,,,,,,,,,,,,,74,69,75,41,47
A. Cerci,31,180,72,72,2700000,75,69,72,75,36,60,,,,,,,,,,,,,,,,,,,,,69,72,75,36,60
A. Adomah,31,182,72,72,2700000,78,69,67,71,54,66,,,,,,,,,,,,,,,,,,,,,69,67,71,54,66
L. Siligardi,31,180,72,72,2700000,75,68,71,77,37,59,,,,,,,,,,,,,,,,,,,,,68,71,77,37,59
Fábio,28,172,72,72,2700000,77,56,69,73,71,64,,,,,,,,,,,,,,,,,,,,,56,69,73,71,64
Souza,31,183,72,72,2700000,64,69,71,71,66,75,,,,,,,,,,,,,,,,,,,,,69,71,71,66,75
M. Albornoz,28,180,72,72,2700000,71,53,72,74,68,72,,,,,,,,,,,,,,,,,,,,,53,72,74,68,72
R. Krhin,29,189,72,72,2700000,35,52,65,60,72,71,,,,,,,,,,,,,,,,,,,,,52,65,60,72,71
C. Mavinga,28,185,72,72,2700000,81,39,63,66,69,76,,,,,,,,,,,,,,,,,,,,,39,63,66,69,76
B. Kayal,31,178,72,72,2700000,64,61,70,72,69,70,,,,,,,,,,,,,,,,,,,,,61,70,72,69,70
G. Castellani,31,183,72,72,2700000,68,69,74,74,61,76,,,,,,,,,,,,,,,,,,,,,69,74,74,61,76
Dani Rodríguez,31,178,72,72,2700000,66,71,69,72,63,63,,,,,,,,,,,,,,,,,,,,,71,69,72,63,63
L. Caldirola,28,189,72,72,2700000,49,41,63,60,71,69,,,,,,,,,,,,,,,,,,,,,41,63,60,71,69
N. Höfler,29,181,72,72,2700000,53,47,65,66,70,71,,,,,,,,,,,,,,,,,,,,,47,65,66,70,71
Carles Planas,28,173,72,72,2700000,71,53,66,69,68,77,,,,,,,,,,,,,,,,,,,,,53,66,69,68,77
L. Carole,28,182,72,72,2700000,76,40,64,73,72,71,,,,,,,,,,,,,,,,,,,,,40,64,73,72,71
A. Behich,28,170,72,72,2700000,78,63,66,73,68,66,,,,,,,,,,,,,,,,,,,,,63,66,73,68,66
G. Núñez,31,180,72,72,2700000,71,71,71,72,40,66,,,,,,,,,,,,,,,,,,,,,71,71,72,40,66
R. Álvarez,31,188,72,72,2700000,57,69,73,74,50,66,,,,,,,,,,,,,,,,,,,,,69,73,74,50,66
T. Leistner,28,190,72,72,2700000,66,37,53,55,70,80,,,,,,,,,,,,,,,,,,,,,37,53,55,70,80
G. Sakai,28,176,72,72,2700000,75,49,67,71,70,70,,,,,,,,,,,,,,,,,,,,,49,67,71,70,70
Patrick,28,178,72,72,2700000,77,53,66,71,69,69,,,,,,,,,,,,,,,,,,,,,53,66,71,69,69
D. Andrade,28,173,72,72,2700000,81,41,57,66,67,71,,,,,,,,,,,,,,,,,,,,,41,57,66,67,71
E. Insúa,28,182,72,72,2700000,73,58,62,67,70,76,,,,,,,,,,,,,,,,,,,,,58,62,67,70,76
J. Copete,31,188,72,72,2700000,85,71,62,73,38,69,,,,,,,,,,,,,,,,,,,,,71,62,73,38,69
I. Seck,29,195,72,72,2700000,37,42,56,55,73,84,,,,,,,,,,,,,,,,,,,,,42,56,55,73,84
M. Bakakis,28,175,72,72,2700000,83,56,66,71,69,66,,,,,,,,,,,,,,,,,,,,,56,66,71,69,66
Leordinho Paes,31,180,72,72,2700000,70,62,72,73,43,56,,,,,,,,,,,,,,,,,,,,,62,72,73,43,56
Jairinhazo,31,169,72,72,2700000,76,54,73,77,41,47,,,,,,,,,,,,,,,,,,,,,54,73,77,41,47
Jessé Ledeiro,31,174,72,72,2700000,69,63,73,72,37,56,,,,,,,,,,,,,,,,,,,,,63,73,72,37,56
Garrido,29,185,72,72,2700000,43,43,58,52,69,89,,,,,,,,,,,,,,,,,,,,,43,58,52,69,89
U. Ćosić,26,187,71,75,2700000,69,34,39,56,72,73,,,,,,,,,,,,,,,,,,,,,34,39,56,72,73
D. Lenihan,25,178,71,75,2700000,66,46,54,57,71,74,,,,,,,,,,,,,,,,,,,,,46,54,57,71,74
Tobias Figueiredo,25,188,71,75,2700000,59,30,47,54,68,78,,,,,,,,,,,,,,,,,,,,,30,47,54,68,78
L. Villalba,24,177,71,75,2700000,81,56,69,71,66,67,,,,,,,,,,,,,,,,,,,,,56,69,71,66,67
E. Godoy,25,185,71,75,2700000,62,32,55,51,69,78,,,,,,,,,,,,,,,,,,,,,32,55,51,69,78
J. Abella,25,176,71,75,2700000,75,49,63,62,67,65,,,,,,,,,,,,,,,,,,,,,49,63,62,67,65
J. Arzura,26,176,71,75,2700000,70,48,63,63,68,79,,,,,,,,,,,,,,,,,,,,,48,63,63,68,79
L. Di Plácido,25,176,71,75,2700000,85,54,62,73,63,71,,,,,,,,,,,,,,,,,,,,,54,62,73,63,71
K. Ehizibue,24,187,71,75,2700000,86,57,64,71,66,81,,,,,,,,,,,,,,,,,,,,,57,64,71,66,81
P. Stenzel,23,183,71,75,2700000,63,59,70,70,70,66,,,,,,,,,,,,,,,,,,,,,59,70,70,70,66
Nadjack,25,184,71,75,2700000,78,43,59,71,66,76,,,,,,,,,,,,,,,,,,,,,43,59,71,66,76
P. Burner,23,170,71,75,2700000,76,58,66,71,69,61,,,,,,,,,,,,,,,,,,,,,58,66,71,69,61
P. Haring,26,187,71,75,2700000,65,48,65,67,73,74,,,,,,,,,,,,,,,,,,,,,48,65,67,73,74
A. Rrahmani,25,192,71,75,2700000,61,51,50,59,69,78,,,,,,,,,,,,,,,,,,,,,51,50,59,69,78
Vítor Tormena,23,192,71,75,2700000,49,36,57,60,74,79,,,,,,,,,,,,,,,,,,,,,36,57,60,74,79
J. Price,26,170,71,74,2700000,52,47,71,64,63,72,,,,,,,,,,,,,,,,,,,,,47,71,64,63,72
P. Mainka,24,194,71,74,2700000,55,39,49,46,73,73,,,,,,,,,,,,,,,,,,,,,39,49,46,73,73
W. Kanon,25,188,71,74,2700000,66,40,50,60,71,76,,,,,,,,,,,,,,,,,,,,,40,50,60,71,76
J. de Wijs,24,189,71,74,2700000,45,53,50,47,70,80,,,,,,,,,,,,,,,,,,,,,53,50,47,70,80
H. Wahl,25,189,71,74,2700000,59,34,39,49,72,74,,,,,,,,,,,,,,,,,,,,,34,39,49,72,74
J. Šimunović,24,190,71,74,2700000,64,43,49,59,70,76,,,,,,,,,,,,,,,,,,,,,43,49,59,70,76
W. Endo,26,178,71,74,2700000,72,60,64,67,69,72,,,,,,,,,,,,,,,,,,,,,60,64,67,69,72
R. Oshima,26,168,71,74,2700000,84,67,71,74,64,65,,,,,,,,,,,,,,,,,,,,,67,71,74,64,65
G. Fofana,26,184,71,74,2700000,63,60,66,69,67,75,,,,,,,,,,,,,,,,,,,,,60,66,69,67,75
Artur Jorge,24,186,71,74,2700000,54,35,45,48,72,71,,,,,,,,,,,,,,,,,,,,,35,45,48,72,71
B. Țîru,25,185,71,74,2700000,64,22,42,38,70,81,,,,,,,,,,,,,,,,,,,,,22,42,38,70,81
F. Mrzljak,26,174,71,74,2700000,69,48,61,66,67,71,,,,,,,,,,,,,,,,,,,,,48,61,66,67,71
J. Bostock,27,188,71,72,2700000,64,69,71,70,62,75,,,,,,,,,,,,,,,,,,,,,69,71,70,62,75
Pelé,27,182,71,72,2700000,64,60,67,69,72,80,,,,,,,,,,,,,,,,,,,,,60,67,69,72,80
A. Khalili,27,182,71,72,2700000,71,66,69,72,65,70,,,,,,,,,,,,,,,,,,,,,66,69,72,65,70
Dener,27,189,71,72,2700000,64,63,68,70,56,71,,,,,,,,,,,,,,,,,,,,,63,68,70,56,71
M. Meli,27,178,71,72,2700000,81,61,66,69,66,76,,,,,,,,,,,,,,,,,,,,,61,66,69,66,76
Son Jun Ho,27,178,71,72,2700000,56,62,68,64,62,68,,,,,,,,,,,,,,,,,,,,,62,68,64,62,68
Eber Bessa,27,166,71,72,2700000,70,63,69,74,60,54,,,,,,,,,,,,,,,,,,,,,63,69,74,60,54
K. Kerschbaumer,27,180,71,72,2700000,72,65,68,68,62,76,,,,,,,,,,,,,,,,,,,,,65,68,68,62,76
Ângelo Neto,27,181,71,72,2700000,62,64,67,72,62,74,,,,,,,,,,,,,,,,,,,,,64,67,72,62,74
M. Fofana,21,186,70,80,2700000,64,31,55,59,71,73,,,,,,,,,,,,,,,,,,,,,31,55,59,71,73
G. Sandoval,23,170,70,79,2700000,77,61,68,73,54,58,,,,,,,,,,,,,,,,,,,,,61,68,73,54,58
P. Galdames,22,175,70,79,2700000,74,60,69,76,61,69,,,,,,,,,,,,,,,,,,,,,60,69,76,61,69
O. Kemen,22,177,70,79,2700000,74,64,65,71,66,78,,,,,,,,,,,,,,,,,,,,,64,65,71,66,78
F. Honorat,22,180,70,79,2700000,79,68,62,72,23,49,,,,,,,,,,,,,,,,,,,,,68,62,72,23,49
W. Kaptoum,22,170,70,79,2700000,61,62,67,74,60,60,,,,,,,,,,,,,,,,,,,,,62,67,74,60,60
D. Sallói,22,185,70,79,2700000,75,72,65,70,38,64,,,,,,,,,,,,,,,,,,,,,72,65,70,38,64
S. Özcan,21,180,70,79,2700000,66,57,67,73,67,66,,,,,,,,,,,,,,,,,,,,,57,67,73,67,66
A. Guliev,23,169,70,79,2700000,75,61,69,74,65,60,,,,,,,,,,,,,,,,,,,,,61,69,74,65,60
N. Špalek,22,170,70,79,2700000,78,65,65,73,33,56,,,,,,,,,,,,,,,,,,,,,65,65,73,33,56
A. Cicâldău,21,178,70,79,2700000,71,55,71,68,62,81,,,,,,,,,,,,,,,,,,,,,55,71,68,62,81
E. Mwepu,21,184,70,79,2700000,78,64,68,70,62,68,,,,,,,,,,,,,,,,,,,,,64,68,70,62,68
G. Moncini,23,183,70,78,2700000,74,68,54,66,37,65,,,,,,,,,,,,,,,,,,,,,68,54,66,37,65
T. Kadewere,23,183,70,78,2700000,82,68,61,70,37,68,,,,,,,,,,,,,,,,,,,,,68,61,70,37,68
J. Ebobisse,22,183,70,78,2700000,84,64,61,69,30,74,,,,,,,,,,,,,,,,,,,,,64,61,69,30,74
C. Spinelli,22,180,70,78,2700000,67,68,56,69,26,63,,,,,,,,,,,,,,,,,,,,,68,56,69,26,63
B. Dia,22,180,70,78,2700000,72,68,49,69,26,67,,,,,,,,,,,,,,,,,,,,,68,49,69,26,67
Diego Castro,36,174,76,76,2600000,63,72,72,80,44,58,,,,,,,,,,,,,,,,,,,,,72,72,80,44,58
A. Diamanti,36,180,76,76,2600000,64,70,78,79,33,60,,,,,,,,,,,,,,,,,,,,,70,78,79,33,60
S. Brown,34,175,75,75,2600000,63,52,65,70,72,81,,,,,,,,,,,,,,,,,,,,,52,65,70,72,81
V. Behrami,34,185,75,75,2600000,62,64,71,71,74,74,,,,,,,,,,,,,,,,,,,,,64,71,71,74,74
N. Domingo,34,174,75,75,2600000,51,61,67,69,74,71,,,,,,,,,,,,,,,,,,,,,61,67,69,74,71
R. Nuzzolo,35,175,74,74,2600000,73,76,74,74,41,66,,,,,,,,,,,,,,,,,,,,,76,74,74,41,66
O. Peralta,35,178,74,74,2600000,68,72,66,72,41,74,,,,,,,,,,,,,,,,,,,,,72,66,72,41,74
M. Alustiza,35,165,74,74,2600000,70,76,69,74,35,61,,,,,,,,,,,,,,,,,,,,,76,69,74,35,61
D. McCarty,32,175,73,73,2600000,50,54,67,69,70,74,,,,,,,,,,,,,,,,,,,,,54,67,69,70,74
J. Babin,32,181,73,73,2600000,38,48,59,46,72,82,,,,,,,,,,,,,,,,,,,,,48,59,46,72,82
S. Prödl,32,196,73,73,2600000,31,36,50,39,74,70,,,,,,,,,,,,,,,,,,,,,36,50,39,74,70
O. Kúdela,32,182,73,73,2600000,72,54,64,66,73,75,,,,,,,,,,,,,,,,,,,,,54,64,66,73,75
J. Boye,32,184,73,73,2600000,68,33,55,58,72,76,,,,,,,,,,,,,,,,,,,,,33,55,58,72,76
E. Zukanović,32,190,73,73,2600000,51,49,64,54,73,74,,,,,,,,,,,,,,,,,,,,,49,64,54,73,74
Germán,32,187,73,73,2600000,50,38,58,55,72,78,,,,,,,,,,,,,,,,,,,,,38,58,55,72,78
M. Rybus,29,173,72,72,2600000,77,69,72,72,70,67,,,,,,,,,,,,,,,,,,,,,69,72,72,70,67
A. Clayton,30,175,72,72,2600000,60,60,70,67,69,70,,,,,,,,,,,,,,,,,,,,,60,70,67,69,70
Sandro Manoel,30,176,72,72,2600000,67,55,69,64,67,81,,,,,,,,,,,,,,,,,,,,,55,69,64,67,81
Simao Mate,30,178,72,72,2600000,73,46,56,63,73,84,,,,,,,,,,,,,,,,,,,,,46,56,63,73,84
S. Wuytens,29,183,72,72,2600000,54,60,73,68,71,72,,,,,,,,,,,,,,,,,,,,,60,73,68,71,72
J. Bennett,29,178,72,72,2600000,71,44,66,69,72,69,,,,,,,,,,,,,,,,,,,,,44,66,69,72,69
M. Schmiedebach,30,171,72,72,2600000,64,47,67,70,70,71,,,,,,,,,,,,,,,,,,,,,47,67,70,70,71
F. Moubandje,29,180,72,72,2600000,67,48,65,69,71,76,,,,,,,,,,,,,,,,,,,,,48,65,69,71,76
A. Abdennour,29,187,72,72,2600000,51,55,56,51,71,77,,,,,,,,,,,,,,,,,,,,,55,56,51,71,77
S. Romagnoli,29,193,72,72,2600000,57,40,45,52,73,78,,,,,,,,,,,,,,,,,,,,,40,45,52,73,78
R. Métanire,29,178,72,72,2600000,76,31,64,67,68,76,,,,,,,,,,,,,,,,,,,,,31,64,67,68,76
Juankar,29,179,72,72,2600000,74,61,69,72,67,68,,,,,,,,,,,,,,,,,,,,,61,69,72,67,68
M. Ostrzolek,29,178,72,72,2600000,73,46,67,73,68,69,,,,,,,,,,,,,,,,,,,,,46,67,73,68,69
L. Abecasis,29,175,72,72,2600000,81,49,66,69,67,79,,,,,,,,,,,,,,,,,,,,,49,66,69,67,79
M. Chanot,29,186,72,72,2600000,33,49,46,44,71,78,,,,,,,,,,,,,,,,,,,,,49,46,44,71,78
W. Tesillo,29,166,72,72,2600000,65,26,51,54,74,68,,,,,,,,,,,,,,,,,,,,,26,51,54,74,68
D. Banguero,29,185,72,72,2600000,75,57,62,69,68,81,,,,,,,,,,,,,,,,,,,,,57,62,69,68,81
R. Delgado,29,175,72,72,2600000,80,61,73,76,65,76,,,,,,,,,,,,,,,,,,,,,61,73,76,65,76
G. Letizia,29,173,72,72,2600000,88,42,60,69,67,74,,,,,,,,,,,,,,,,,,,,,42,60,69,67,74
D. Martínez,29,176,72,72,2600000,74,60,63,68,69,71,,,,,,,,,,,,,,,,,,,,,60,63,68,69,71
J. Moreira,29,174,72,72,2600000,85,53,68,72,66,65,,,,,,,,,,,,,,,,,,,,,53,68,72,66,65
D. Lemos,30,178,72,72,2600000,65,40,60,62,72,81,,,,,,,,,,,,,,,,,,,,,40,60,62,72,81
Bebeto,29,174,72,72,2600000,76,45,63,70,69,63,,,,,,,,,,,,,,,,,,,,,45,63,70,69,63
B. Wright,26,184,71,74,2600000,63,39,51,58,69,77,,,,,,,,,,,,,,,,,,,,,39,51,58,69,77
T. Ciğerci,27,185,71,74,2600000,68,66,69,68,71,72,,,,,,,,,,,,,,,,,,,,,66,69,68,71,72
C. Christie,26,188,71,74,2600000,82,51,64,71,68,73,,,,,,,,,,,,,,,,,,,,,51,64,71,68,73
A. Milošević,27,191,71,74,2600000,61,56,57,57,70,74,,,,,,,,,,,,,,,,,,,,,56,57,57,70,74
O. Petrák,27,186,71,74,2600000,76,44,64,66,71,71,,,,,,,,,,,,,,,,,,,,,44,64,66,71,71
L. Antei,27,188,71,74,2600000,49,27,41,47,72,69,,,,,,,,,,,,,,,,,,,,,27,41,47,72,69
A. Callens,27,186,71,74,2600000,47,33,49,51,69,76,,,,,,,,,,,,,,,,,,,,,33,49,51,69,76
Bressan,26,182,71,74,2600000,66,38,47,51,70,73,,,,,,,,,,,,,,,,,,,,,38,47,51,70,73
A. Pantic,27,184,71,74,2600000,68,41,58,58,71,71,,,,,,,,,,,,,,,,,,,,,41,58,58,71,71
H. Palacios,26,180,71,74,2600000,84,37,62,63,66,78,,,,,,,,,,,,,,,,,,,,,37,62,63,66,78
J. Gradit,26,180,71,74,2600000,69,28,59,61,70,77,,,,,,,,,,,,,,,,,,,,,28,59,61,70,77
J. Cabral,27,189,71,74,2600000,44,29,46,43,72,69,,,,,,,,,,,,,,,,,,,,,29,46,43,72,69
B. Schmitz,24,182,71,74,2600000,69,50,64,65,70,70,,,,,,,,,,,,,,,,,,,,,50,64,65,70,70
G. Bettini,26,171,71,74,2600000,69,43,65,67,68,70,,,,,,,,,,,,,,,,,,,,,43,65,67,68,70
Afonso Figueiredo,26,171,71,74,2600000,73,43,61,70,69,63,,,,,,,,,,,,,,,,,,,,,43,61,70,69,63
Carraça,26,177,71,74,2600000,69,59,70,69,69,71,,,,,,,,,,,,,,,,,,,,,59,70,69,69,71
Y. Barbet,26,187,71,74,2600000,69,50,67,64,70,72,,,,,,,,,,,,,,,,,,,,,50,67,64,70,72
E. Burgos,27,190,71,74,2600000,48,34,46,52,71,80,,,,,,,,,,,,,,,,,,,,,34,46,52,71,80
J. Galván,27,177,71,74,2600000,65,56,56,56,70,78,,,,,,,,,,,,,,,,,,,,,56,56,56,70,78
Y. Salmier,26,188,71,74,2600000,52,28,41,51,71,78,,,,,,,,,,,,,,,,,,,,,28,41,51,71,78
D. Kolovetsios,27,183,71,74,2600000,65,33,51,55,73,71,,,,,,,,,,,,,,,,,,,,,33,51,55,73,71
B. Barišić,26,186,71,74,2600000,77,47,69,71,67,71,,,,,,,,,,,,,,,,,,,,,47,69,71,67,71
Felipe Curcio,25,183,71,74,2600000,76,59,72,73,65,71,,,,,,,,,,,,,,,,,,,,,59,72,73,65,71
João Lucas,23,180,71,74,2600000,76,42,64,66,68,64,,,,,,,,,,,,,,,,,,,,,42,64,66,68,64
S. Ajayi,25,193,71,73,2600000,76,48,49,56,69,78,,,,,,,,,,,,,,,,,,,,,48,49,56,69,78
A. Çalık,25,184,71,73,2600000,67,40,53,60,71,71,,,,,,,,,,,,,,,,,,,,,40,53,60,71,71
R. Henry,21,170,70,80,2600000,91,40,59,72,64,67,,,,,,,,,,,,,,,,,,,,,40,59,72,64,67
A. Cistana,22,177,70,80,2600000,68,42,54,60,70,67,,,,,,,,,,,,,,,,,,,,,42,54,60,70,67
E. Konsa,21,183,70,80,2600000,76,38,58,69,68,70,,,,,,,,,,,,,,,,,,,,,38,58,69,68,70
R. Pierre-Gabriel,21,177,70,80,2600000,77,48,59,69,67,69,,,,,,,,,,,,,,,,,,,,,48,59,69,67,69
H. Maïga,23,181,70,80,2600000,72,52,61,66,70,77,,,,,,,,,,,,,,,,,,,,,52,61,66,70,77
V. Kravets,21,183,70,80,2600000,69,52,54,64,69,71,,,,,,,,,,,,,,,,,,,,,52,54,64,69,71
M. Friedl,21,187,70,80,2600000,64,37,56,66,71,67,,,,,,,,,,,,,,,,,,,,,37,56,66,71,67
G. Carrasco,22,174,70,80,2600000,76,50,58,67,68,74,,,,,,,,,,,,,,,,,,,,,50,58,67,68,74
Y. Çetin,22,189,70,80,2600000,60,42,42,45,71,72,,,,,,,,,,,,,,,,,,,,,42,42,45,71,72
G. Magnani,23,191,70,80,2600000,55,35,45,49,72,69,,,,,,,,,,,,,,,,,,,,,35,45,49,72,69
I. Brown,22,182,70,78,2600000,73,65,65,75,44,66,,,,,,,,,,,,,,,,,,,,,65,65,75,44,66
G. Kamara,23,181,70,78,2600000,70,46,62,70,64,70,,,,,,,,,,,,,,,,,,,,,46,62,70,64,70
K. Palmer,22,175,70,78,2600000,74,63,65,75,41,60,,,,,,,,,,,,,,,,,,,,,63,65,75,41,60
M. Duelund,22,180,70,78,2600000,74,66,68,74,42,69,,,,,,,,,,,,,,,,,,,,,66,68,74,42,69
M. Cash,21,179,70,78,2600000,82,63,65,70,57,62,,,,,,,,,,,,,,,,,,,,,63,65,70,57,62
B. Mansilla,22,180,70,78,2600000,91,66,59,72,26,64,,,,,,,,,,,,,,,,,,,,,66,59,72,26,64
D. Batallini,23,174,70,78,2600000,77,64,62,73,55,70,,,,,,,,,,,,,,,,,,,,,64,62,73,55,70
R. Zhemaletdinov,22,184,70,78,2600000,80,63,62,74,33,61,,,,,,,,,,,,,,,,,,,,,63,62,74,33,61
N. Sarenren Bazee,22,182,70,78,2600000,87,60,62,74,27,50,,,,,,,,,,,,,,,,,,,,,60,62,74,27,50
Benny,22,177,70,78,2600000,67,55,66,74,46,51,,,,,,,,,,,,,,,,,,,,,55,66,74,46,51
J. Yueill,22,178,70,78,2600000,63,57,68,69,58,66,,,,,,,,,,,,,,,,,,,,,57,68,69,58,66
Olabe,23,178,70,78,2600000,62,57,69,71,54,59,,,,,,,,,,,,,,,,,,,,,57,69,71,54,59
Gabrielzinho,23,171,70,78,2600000,89,59,59,76,36,55,,,,,,,,,,,,,,,,,,,,,59,59,76,36,55
Vagner,23,169,70,78,2600000,88,66,61,72,29,52,,,,,,,,,,,,,,,,,,,,,66,61,72,29,52
A. Gojak,22,184,70,78,2600000,72,64,67,68,62,77,,,,,,,,,,,,,,,,,,,,,64,67,68,62,77
C. Oliva,23,178,70,78,2600000,64,59,68,68,69,68,,,,,,,,,,,,,,,,,,,,,59,68,68,69,68
Villalibre,21,184,70,77,2600000,71,68,48,65,38,76,,,,,,,,,,,,,,,,,,,,,68,48,65,38,76
S. Francis,34,187,75,75,2500000,51,44,67,64,75,71,,,,,,,,,,,,,,,,,,,,,44,67,64,75,71
D. Congré,34,185,75,75,2500000,52,31,61,64,76,75,,,,,,,,,,,,,,,,,,,,,31,61,64,76,75
F. Belluschi,35,173,74,74,2500000,55,74,76,73,65,64,,,,,,,,,,,,,,,,,,,,,74,76,73,65,64
A. Ulmer,33,175,74,74,2500000,69,62,70,71,70,74,,,,,,,,,,,,,,,,,,,,,62,70,71,70,74
P. Aguilar,33,180,74,74,2500000,82,63,68,69,70,75,,,,,,,,,,,,,,,,,,,,,63,68,69,70,75
Kauã Abranches,35,177,74,74,2500000,85,64,67,74,51,61,,,,,,,,,,,,,,,,,,,,,64,67,74,51,61
Fábio Melitinho,35,170,74,74,2500000,51,73,75,74,24,52,,,,,,,,,,,,,,,,,,,,,73,75,74,24,52
Marlon Nideiro,35,169,74,74,2500000,79,63,71,77,32,45,,,,,,,,,,,,,,,,,,,,,63,71,77,32,45
Jacson Zonta,35,181,74,74,2500000,76,61,72,74,32,62,,,,,,,,,,,,,,,,,,,,,61,72,74,32,62
Leo Caldeirinha,35,175,74,74,2500000,72,72,73,75,29,66,,,,,,,,,,,,,,,,,,,,,72,73,75,29,66
Alvildo Sousa,35,183,74,74,2500000,69,69,72,73,30,70,,,,,,,,,,,,,,,,,,,,,69,72,73,30,70
Caio Milaçar,35,170,74,74,2500000,67,68,69,76,31,49,,,,,,,,,,,,,,,,,,,,,68,69,76,31,49
C. Daniels,32,178,73,73,2500000,63,61,72,72,74,64,,,,,,,,,,,,,,,,,,,,,61,72,72,74,64
A. Beck,32,180,73,73,2500000,67,45,67,68,75,69,,,,,,,,,,,,,,,,,,,,,45,67,68,75,69
D. Moreno,33,177,73,73,2500000,64,75,67,72,42,65,,,,,,,,,,,,,,,,,,,,,75,67,72,42,65
V. Ignatiev,32,180,73,73,2500000,76,63,71,70,72,66,,,,,,,,,,,,,,,,,,,,,63,71,70,72,66
J. Toledo,33,189,73,73,2500000,51,73,63,62,43,76,,,,,,,,,,,,,,,,,,,,,73,63,62,43,76
V. Găman,30,191,72,72,2500000,52,51,57,56,72,71,,,,,,,,,,,,,,,,,,,,,51,57,56,72,71
R. Shotton,30,191,72,72,2500000,63,52,61,63,72,77,,,,,,,,,,,,,,,,,,,,,52,61,63,72,77
F. Dionisi,32,179,72,72,2500000,81,72,52,69,35,66,,,,,,,,,,,,,,,,,,,,,72,52,69,35,66
F. Ceravolo,32,180,72,72,2500000,74,71,60,74,33,66,,,,,,,,,,,,,,,,,,,,,71,60,74,33,66
R. De Laet,30,186,72,72,2500000,82,55,59,68,69,76,,,,,,,,,,,,,,,,,,,,,55,59,68,69,76
U. Demirok,30,190,72,72,2500000,39,43,56,56,73,78,,,,,,,,,,,,,,,,,,,,,43,56,56,73,78
K. Naughton,30,180,72,72,2500000,72,52,64,67,71,69,,,,,,,,,,,,,,,,,,,,,52,64,67,71,69
F. Jungwirth,30,181,72,72,2500000,50,42,60,60,71,73,,,,,,,,,,,,,,,,,,,,,42,60,60,71,73
L. Ariaudo,30,186,72,72,2500000,49,34,50,56,73,72,,,,,,,,,,,,,,,,,,,,,34,50,56,73,72
A. Rispoli,30,188,72,72,2500000,81,64,66,69,68,77,,,,,,,,,,,,,,,,,,,,,64,66,69,68,77
Guedes,32,184,72,72,2500000,54,71,60,66,36,68,,,,,,,,,,,,,,,,,,,,,71,60,66,36,68
O. Gonzalez,30,196,72,72,2500000,57,36,50,44,70,82,,,,,,,,,,,,,,,,,,,,,36,50,44,70,82
K. Hansen,30,184,72,72,2500000,67,47,67,61,72,73,,,,,,,,,,,,,,,,,,,,,47,67,61,72,73
S. Koroki,32,175,72,72,2500000,70,69,62,72,31,70,,,,,,,,,,,,,,,,,,,,,69,62,72,31,70
I. Mboyo,32,186,72,72,2500000,68,70,70,73,40,75,,,,,,,,,,,,,,,,,,,,,70,70,73,40,75
Álvaro Arroyo,30,180,72,72,2500000,72,27,55,53,70,83,,,,,,,,,,,,,,,,,,,,,27,55,53,70,83
C. Löwe,30,175,72,72,2500000,73,60,69,68,70,66,,,,,,,,,,,,,,,,,,,,,60,69,68,70,66
Y. Touzghar,32,179,72,72,2500000,72,71,56,69,24,69,,,,,,,,,,,,,,,,,,,,,71,56,69,24,69
C. Chávez,32,171,72,72,2500000,77,74,61,75,35,56,,,,,,,,,,,,,,,,,,,,,74,61,75,35,56
M. Danielson,30,192,72,72,2500000,56,28,47,53,74,71,,,,,,,,,,,,,,,,,,,,,28,47,53,74,71
J. Pivarić,30,176,72,72,2500000,76,61,69,71,66,63,,,,,,,,,,,,,,,,,,,,,61,69,71,66,63
M. Abarhoun,30,187,72,72,2500000,45,31,43,49,74,73,,,,,,,,,,,,,,,,,,,,,31,43,49,74,73
V. Aguilera,30,187,72,72,2500000,52,51,53,52,73,75,,,,,,,,,,,,,,,,,,,,,51,53,52,73,75
H. Dean,27,191,71,73,2500000,54,33,45,51,70,75,,,,,,,,,,,,,,,,,,,,,33,45,51,70,75
F. Ceccherini,27,187,71,73,2500000,53,15,34,50,71,75,,,,,,,,,,,,,,,,,,,,,15,34,50,71,75
Koo Ja Ryong,27,183,71,73,2500000,74,29,45,50,70,75,,,,,,,,,,,,,,,,,,,,,29,45,50,70,75
L. Galeano,27,184,71,73,2500000,56,35,56,57,71,74,,,,,,,,,,,,,,,,,,,,,35,56,57,71,74
S. Decarli,27,188,71,73,2500000,64,33,50,53,72,72,,,,,,,,,,,,,,,,,,,,,33,50,53,72,72
R. López,26,185,71,73,2500000,77,64,72,69,64,68,,,,,,,,,,,,,,,,,,,,,64,72,69,64,68
M. Herrera,27,185,71,73,2500000,66,48,58,57,67,80,,,,,,,,,,,,,,,,,,,,,48,58,57,67,80
S. Silva,27,180,71,73,2500000,50,30,46,51,71,63,,,,,,,,,,,,,,,,,,,,,30,46,51,71,63
A. Oğuz,26,176,71,73,2500000,76,59,68,72,67,71,,,,,,,,,,,,,,,,,,,,,59,68,72,67,71
Jadson,27,189,71,73,2500000,62,30,39,41,72,75,,,,,,,,,,,,,,,,,,,,,30,39,41,72,75
M. Bianchetti,26,189,71,72,2500000,64,35,52,57,70,74,,,,,,,,,,,,,,,,,,,,,35,52,57,70,74
L. Krajnc,24,187,71,72,2500000,62,32,53,59,69,76,,,,,,,,,,,,,,,,,,,,,32,53,59,69,76
F. Calvo,26,180,71,72,2500000,68,44,59,65,71,74,,,,,,,,,,,,,,,,,,,,,44,59,65,71,74
M. Demir,27,180,71,71,2500000,73,72,68,73,37,64,,,,,,,,,,,,,,,,,,,,,72,68,73,37,64
D. Villalva,26,159,71,71,2500000,78,67,67,76,32,47,,,,,,,,,,,,,,,,,,,,,67,67,76,32,47
A. Weimann,27,178,71,71,2500000,83,69,62,69,44,69,,,,,,,,,,,,,,,,,,,,,69,62,69,44,69
M. Faraoni,27,180,71,71,2500000,71,64,72,70,68,72,,,,,,,,,,,,,,,,,,,,,64,72,70,68,72
J. Paterson,27,175,71,71,2500000,78,67,68,72,33,46,,,,,,,,,,,,,,,,,,,,,67,68,72,33,46
K. Kusk,27,180,71,71,2500000,77,68,69,72,38,63,,,,,,,,,,,,,,,,,,,,,68,69,72,38,63
Alejandro Rodríguez,27,183,71,71,2500000,76,69,51,70,35,66,,,,,,,,,,,,,,,,,,,,,69,51,70,35,66
T. Weilandt,27,186,71,71,2500000,76,67,64,77,39,59,,,,,,,,,,,,,,,,,,,,,67,64,77,39,59
Rafael Lopes,27,185,71,71,2500000,60,72,53,66,34,78,,,,,,,,,,,,,,,,,,,,,72,53,66,34,78
C. Goodwin,27,180,71,71,2500000,83,67,67,71,58,68,,,,,,,,,,,,,,,,,,,,,67,67,71,58,68
B. Kololli,27,184,71,71,2500000,78,70,66,70,54,70,,,,,,,,,,,,,,,,,,,,,70,66,70,54,70
Y. Candelo,27,172,71,71,2500000,87,65,68,73,55,69,,,,,,,,,,,,,,,,,,,,,65,68,73,55,69
Y. Erdoğan,26,171,71,71,2500000,87,67,62,77,59,67,,,,,,,,,,,,,,,,,,,,,67,62,77,59,67
J. Cabrera,27,167,71,71,2500000,83,60,66,71,32,60,,,,,,,,,,,,,,,,,,,,,60,66,71,32,60
J. Benítez,27,178,71,71,2500000,83,66,61,72,34,69,,,,,,,,,,,,,,,,,,,,,66,61,72,34,69
Moon Seon Min,27,172,71,71,2500000,93,65,65,73,37,62,,,,,,,,,,,,,,,,,,,,,65,65,73,37,62
Adeilson Gesser,27,175,71,71,2500000,81,58,67,73,38,51,,,,,,,,,,,,,,,,,,,,,58,67,73,38,51
Emerson Avintes,27,177,71,71,2500000,57,70,71,71,24,62,,,,,,,,,,,,,,,,,,,,,70,71,71,24,62
M. Pajač,26,185,71,71,2500000,76,66,70,71,61,63,,,,,,,,,,,,,,,,,,,,,66,70,71,61,63
Marlion Rolim,27,175,71,71,2500000,67,66,65,69,49,54,,,,,,,,,,,,,,,,,,,,,66,65,69,49,54
J. Fuentes,24,175,70,79,2500000,70,53,61,62,68,79,,,,,,,,,,,,,,,,,,,,,53,61,62,68,79
J. Stacey,23,178,70,79,2500000,76,54,65,69,66,70,,,,,,,,,,,,,,,,,,,,,54,65,69,66,70
M. Matvienko,23,182,70,79,2500000,73,43,56,58,71,68,,,,,,,,,,,,,,,,,,,,,43,56,58,71,68
J. Worrall,22,190,70,79,2500000,53,25,45,41,70,74,,,,,,,,,,,,,,,,,,,,,25,45,41,70,74
J. Clarke-Salter,21,188,70,79,2500000,66,33,50,42,72,71,,,,,,,,,,,,,,,,,,,,,33,50,42,72,71
F. Depaoli,22,178,70,79,2500000,73,53,68,71,67,54,,,,,,,,,,,,,,,,,,,,,53,68,71,67,54
E. Owusu,21,182,70,79,2500000,68,51,65,70,68,71,,,,,,,,,,,,,,,,,,,,,51,65,70,68,71
T. Borevković,22,194,70,79,2500000,50,30,47,42,69,76,,,,,,,,,,,,,,,,,,,,,30,47,42,69,76
T. Martínez,24,172,70,77,2500000,68,58,67,74,38,49,,,,,,,,,,,,,,,,,,,,,58,67,74,38,49
M. Bolados,23,168,70,77,2500000,80,66,66,71,55,65,,,,,,,,,,,,,,,,,,,,,66,66,71,55,65
L. Henderson,23,183,70,77,2500000,62,59,68,69,54,76,,,,,,,,,,,,,,,,,,,,,59,68,69,54,76
R. Aarons,23,178,70,77,2500000,78,62,66,75,39,46,,,,,,,,,,,,,,,,,,,,,62,66,75,39,46
I. Jeraldino,23,181,70,77,2500000,69,68,47,65,27,65,,,,,,,,,,,,,,,,,,,,,68,47,65,27,65
F. Platte,23,190,70,77,2500000,66,67,50,64,25,74,,,,,,,,,,,,,,,,,,,,,67,50,64,25,74
F. Kamberi,24,189,70,77,2500000,77,67,62,68,37,78,,,,,,,,,,,,,,,,,,,,,67,62,68,37,78
R. Del Castillo,23,172,70,77,2500000,74,66,67,76,36,62,,,,,,,,,,,,,,,,,,,,,66,67,76,36,62
S. Campo,23,177,70,77,2500000,74,60,73,71,42,58,,,,,,,,,,,,,,,,,,,,,60,73,71,42,58
C. Rodríguez,22,176,70,77,2500000,77,59,69,73,52,63,,,,,,,,,,,,,,,,,,,,,59,69,73,52,63
P. Cuadra,24,165,70,77,2500000,91,66,58,77,24,61,,,,,,,,,,,,,,,,,,,,,66,58,77,24,61
A. Guðmundsson,22,177,70,77,2500000,76,65,67,76,34,64,,,,,,,,,,,,,,,,,,,,,65,67,76,34,64
J. Igbekeme,23,170,70,77,2500000,73,57,68,71,66,79,,,,,,,,,,,,,,,,,,,,,57,68,71,66,79
M. Ingvartsen,23,186,70,76,2500000,68,68,55,66,33,66,,,,,,,,,,,,,,,,,,,,,68,55,66,33,66
S. Cosgrove,22,188,70,76,2500000,65,70,49,61,29,83,,,,,,,,,,,,,,,,,,,,,70,49,61,29,83
E. Koljić,23,191,70,76,2500000,58,72,51,56,22,79,,,,,,,,,,,,,,,,,,,,,72,51,56,22,79
F. Durmishaj,22,184,70,76,2500000,74,73,52,59,28,73,,,,,,,,,,,,,,,,,,,,,73,52,59,28,73
David Seijalbo,35,176,76,76,2400000,65,53,63,61,74,83,,,,,,,,,,,,,,,,,,,,,53,63,61,74,83
Tarantini,35,188,74,74,2400000,47,68,71,70,72,68,,,,,,,,,,,,,,,,,,,,,68,71,70,72,68
A. McGeady,33,177,73,73,2400000,76,71,72,78,44,61,,,,,,,,,,,,,,,,,,,,,71,72,78,44,61
C. Marrugo,33,177,73,73,2400000,64,64,73,72,52,64,,,,,,,,,,,,,,,,,,,,,64,73,72,52,64
Saúl Berjón,33,178,73,73,2400000,76,72,74,73,43,64,,,,,,,,,,,,,,,,,,,,,72,74,73,43,64
Paulinho,33,174,73,73,2400000,76,72,64,76,24,69,,,,,,,,,,,,,,,,,,,,,72,64,76,24,69
S. Okazaki,33,173,73,73,2400000,63,68,68,74,55,64,,,,,,,,,,,,,,,,,,,,,68,68,74,55,64
Nildo Petrolina,33,174,73,73,2400000,81,68,70,75,57,60,,,,,,,,,,,,,,,,,,,,,68,70,75,57,60
Hao Junmin,32,178,72,72,2400000,71,64,73,71,59,70,,,,,,,,,,,,,,,,,,,,,64,73,71,59,70
Yu Hanchao,32,178,72,72,2400000,76,63,67,73,41,69,,,,,,,,,,,,,,,,,,,,,63,67,73,41,69
T. Chevalier,32,178,72,72,2400000,78,73,68,72,34,72,,,,,,,,,,,,,,,,,,,,,73,68,72,34,72
R. Vargas,32,174,72,72,2400000,71,68,69,73,26,51,,,,,,,,,,,,,,,,,,,,,68,69,73,26,51
P. Schiattarella,32,178,72,72,2400000,77,64,71,73,61,69,,,,,,,,,,,,,,,,,,,,,64,71,73,61,69
M. Frantz,32,182,72,72,2400000,62,62,72,70,66,77,,,,,,,,,,,,,,,,,,,,,62,72,70,66,77
L. Memushaj,32,174,72,72,2400000,69,60,71,74,64,66,,,,,,,,,,,,,,,,,,,,,60,71,74,64,66
Pimentiscinho,31,178,72,72,2400000,66,55,69,67,73,63,,,,,,,,,,,,,,,,,,,,,55,69,67,73,63
Porphirinho,31,178,72,72,2400000,73,55,71,71,73,66,,,,,,,,,,,,,,,,,,,,,55,71,71,73,66
S. Hernández,32,177,72,72,2400000,61,64,70,70,54,59,,,,,,,,,,,,,,,,,,,,,64,70,70,54,59
D. Batth,28,191,71,73,2400000,32,23,42,37,70,83,,,,,,,,,,,,,,,,,,,,,23,42,37,70,83
C. Yambéré,28,191,71,73,2400000,58,31,48,53,70,74,,,,,,,,,,,,,,,,,,,,,31,48,53,70,74
J. Kirchhoff,28,195,71,72,2400000,63,38,65,56,72,72,,,,,,,,,,,,,,,,,,,,,38,65,56,72,72
D. Burn,27,198,71,72,2400000,44,33,53,47,70,77,,,,,,,,,,,,,,,,,,,,,33,53,47,70,77
C. Avevor,27,185,71,72,2400000,70,39,56,54,68,77,,,,,,,,,,,,,,,,,,,,,39,56,54,68,77
J. Zelený,26,190,71,72,2400000,75,55,59,71,69,69,,,,,,,,,,,,,,,,,,,,,55,59,71,69,69
T. Darikwa,27,187,71,72,2400000,91,48,60,68,67,75,,,,,,,,,,,,,,,,,,,,,48,60,68,67,75
M. te Wierik,27,191,71,72,2400000,60,48,58,59,70,73,,,,,,,,,,,,,,,,,,,,,48,58,59,70,73
Erik Morán,28,187,71,72,2400000,39,47,67,67,68,71,,,,,,,,,,,,,,,,,,,,,47,67,67,68,71
J. Risdon,26,167,71,72,2400000,75,48,61,66,70,80,,,,,,,,,,,,,,,,,,,,,48,61,66,70,80
L. Kübler,26,182,71,72,2400000,67,47,57,62,72,67,,,,,,,,,,,,,,,,,,,,,47,57,62,72,67
S. Holmén,27,185,71,72,2400000,66,36,51,45,72,71,,,,,,,,,,,,,,,,,,,,,36,51,45,72,71
S. Magnasco,26,175,71,72,2400000,81,43,59,66,66,78,,,,,,,,,,,,,,,,,,,,,43,59,66,66,78
D. Linsmayer,27,182,71,72,2400000,65,50,64,63,69,77,,,,,,,,,,,,,,,,,,,,,50,64,63,69,77
L. Quintana,27,178,71,72,2400000,54,42,53,64,69,76,,,,,,,,,,,,,,,,,,,,,42,53,64,69,76
Kim Jin Su,27,177,71,72,2400000,83,38,65,69,69,64,,,,,,,,,,,,,,,,,,,,,38,65,69,69,64
R. Schüller,28,177,71,72,2400000,55,54,61,65,69,67,,,,,,,,,,,,,,,,,,,,,54,61,65,69,67
F. Mussis,27,174,71,72,2400000,70,61,68,66,68,76,,,,,,,,,,,,,,,,,,,,,61,68,66,68,76
Neris,27,192,71,72,2400000,50,39,47,42,70,83,,,,,,,,,,,,,,,,,,,,,39,47,42,70,83
Alberto Benito,27,176,71,72,2400000,77,41,59,66,66,77,,,,,,,,,,,,,,,,,,,,,41,59,66,66,77
C. Ganea,27,176,71,72,2400000,77,62,59,67,66,69,,,,,,,,,,,,,,,,,,,,,62,59,67,66,69
Y. Makarenko,28,184,71,72,2400000,67,57,70,66,70,69,,,,,,,,,,,,,,,,,,,,,57,70,66,70,69
N. Bancu,26,178,71,72,2400000,78,64,66,71,66,75,,,,,,,,,,,,,,,,,,,,,64,66,71,66,75
A. Espino,27,172,71,72,2400000,76,59,62,64,68,74,,,,,,,,,,,,,,,,,,,,,59,62,64,68,74
K. Barbarouses,29,171,71,71,2400000,85,70,62,73,32,68,,,,,,,,,,,,,,,,,,,,,70,62,73,32,68
Rui Fonte,29,181,71,71,2400000,63,68,67,69,43,62,,,,,,,,,,,,,,,,,,,,,68,67,69,43,62
M. Waghorn,29,178,71,71,2400000,70,74,67,64,31,76,,,,,,,,,,,,,,,,,,,,,74,67,64,31,76
O. Şişmanoğlu,29,186,71,71,2400000,74,68,59,65,44,67,,,,,,,,,,,,,,,,,,,,,68,59,65,44,67
J. Rhodes,29,185,71,71,2400000,61,71,53,63,40,67,,,,,,,,,,,,,,,,,,,,,71,53,63,40,67
A. Diomande,29,180,71,71,2400000,75,69,52,67,29,79,,,,,,,,,,,,,,,,,,,,,69,52,67,29,79
R. van La Parra,28,181,71,71,2400000,82,59,64,79,39,62,,,,,,,,,,,,,,,,,,,,,59,64,79,39,62
B. Koita,28,186,71,71,2400000,76,67,58,71,22,67,,,,,,,,,,,,,,,,,,,,,67,58,71,22,67
D. Sorgić,29,177,71,71,2400000,60,73,62,69,35,69,,,,,,,,,,,,,,,,,,,,,73,62,69,35,69
K. Laribi,28,175,71,71,2400000,81,69,71,75,47,60,,,,,,,,,,,,,,,,,,,,,69,71,75,47,60
S. Hierländer,28,180,71,71,2400000,69,66,69,72,62,73,,,,,,,,,,,,,,,,,,,,,66,69,72,62,73
M. Bourabia,27,183,71,71,2400000,62,61,69,71,63,62,,,,,,,,,,,,,,,,,,,,,61,69,71,63,62
Rodri,29,175,71,71,2400000,75,70,54,73,22,68,,,,,,,,,,,,,,,,,,,,,70,54,73,22,68
K. Mokotjo,28,175,71,71,2400000,66,49,66,70,67,72,,,,,,,,,,,,,,,,,,,,,49,66,70,67,72
Joselu,28,174,71,71,2400000,78,72,60,67,42,78,,,,,,,,,,,,,,,,,,,,,72,60,67,42,78
B. Balaj,28,188,71,71,2400000,68,68,49,64,26,71,,,,,,,,,,,,,,,,,,,,,68,49,64,26,71
S. Aydoğdu,28,180,71,71,2400000,65,64,69,74,57,61,,,,,,,,,,,,,,,,,,,,,64,69,74,57,61
S. Zoller,28,179,71,71,2400000,78,69,65,72,31,61,,,,,,,,,,,,,,,,,,,,,69,65,72,31,61
T. Carroll,27,178,71,71,2400000,66,58,73,69,56,51,,,,,,,,,,,,,,,,,,,,,58,73,69,56,51
D. Lezcano,29,178,71,71,2400000,81,69,68,73,42,74,,,,,,,,,,,,,,,,,,,,,69,68,73,42,74
Cristian Herrera,28,186,71,71,2400000,68,72,63,68,44,75,,,,,,,,,,,,,,,,,,,,,72,63,68,44,75
S. Schwab,28,183,71,71,2400000,68,64,70,66,64,81,,,,,,,,,,,,,,,,,,,,,64,70,66,64,81
André Sousa,28,181,71,71,2400000,64,68,71,71,60,73,,,,,,,,,,,,,,,,,,,,,68,71,71,60,73
D. Texeira,28,182,71,71,2400000,68,72,56,68,28,70,,,,,,,,,,,,,,,,,,,,,72,56,68,28,70
J. Dezi,27,178,71,71,2400000,76,62,66,71,62,68,,,,,,,,,,,,,,,,,,,,,62,66,71,62,68
M. Antonsson,28,184,71,71,2400000,79,68,58,66,43,72,,,,,,,,,,,,,,,,,,,,,68,58,66,43,72
D. Dwyer,28,175,71,71,2400000,71,71,51,68,29,75,,,,,,,,,,,,,,,,,,,,,71,51,68,29,75
Y. M'Changama,28,175,71,71,2400000,80,59,69,72,63,69,,,,,,,,,,,,,,,,,,,,,59,69,72,63,69
L. Lollo,28,180,71,71,2400000,79,61,70,72,60,77,,,,,,,,,,,,,,,,,,,,,61,70,72,60,77
J. Pérez,28,178,71,71,2400000,81,68,65,75,38,67,,,,,,,,,,,,,,,,,,,,,68,65,75,38,67
L. Barrera,28,179,71,71,2400000,80,66,64,73,46,63,,,,,,,,,,,,,,,,,,,,,66,64,73,46,63
L. Albertengo,28,187,71,71,2400000,66,71,65,70,27,70,,,,,,,,,,,,,,,,,,,,,71,65,70,27,70
C. Pinares,28,176,71,71,2400000,82,66,67,73,35,66,,,,,,,,,,,,,,,,,,,,,66,67,73,35,66
Alex Soares,28,177,71,71,2400000,64,62,66,72,57,67,,,,,,,,,,,,,,,,,,,,,62,66,72,57,67
Rafael Costa,28,183,71,71,2400000,58,70,71,71,49,67,,,,,,,,,,,,,,,,,,,,,70,71,71,49,67
Jesús Imaz,28,179,71,71,2400000,77,69,64,72,31,67,,,,,,,,,,,,,,,,,,,,,69,64,72,31,67
F. Sotoca,28,187,71,71,2400000,82,69,65,65,40,75,,,,,,,,,,,,,,,,,,,,,69,65,65,40,75
H. Veerman,28,201,71,71,2400000,68,69,45,55,30,79,,,,,,,,,,,,,,,,,,,,,69,45,55,30,79
K. Higashi,28,178,71,71,2400000,71,65,67,67,60,75,,,,,,,,,,,,,,,,,,,,,65,67,67,60,75
M. Rygaard,28,179,71,71,2400000,69,62,68,70,46,68,,,,,,,,,,,,,,,,,,,,,62,68,70,46,68
Y. Shakhov,28,189,71,71,2400000,70,68,67,70,65,71,,,,,,,,,,,,,,,,,,,,,68,67,70,65,71
Luisinho,28,176,71,71,2400000,76,69,65,76,22,62,,,,,,,,,,,,,,,,,,,,,69,65,76,22,62
K. Fortuné,29,182,71,71,2400000,79,71,63,68,30,70,,,,,,,,,,,,,,,,,,,,,71,63,68,30,70
N. Pérez,19,186,70,79,2400000,63,25,40,38,70,60,,,,,,,,,,,,,,,,,,,,,25,40,38,70,60
P. McNair,24,183,70,78,2400000,62,56,59,65,72,71,,,,,,,,,,,,,,,,,,,,,56,59,65,72,71
J. Williams,22,185,70,78,2400000,62,56,65,68,67,63,,,,,,,,,,,,,,,,,,,,,56,65,68,67,63
E. Cobbaut,21,189,70,78,2400000,66,35,64,63,68,76,,,,,,,,,,,,,,,,,,,,,35,64,63,68,76
J. Andrada,24,183,70,78,2400000,53,48,65,65,68,70,,,,,,,,,,,,,,,,,,,,,48,65,65,68,70
P. Sandler,22,190,70,78,2400000,65,39,62,69,70,69,,,,,,,,,,,,,,,,,,,,,39,62,69,70,69
W. Faes,21,187,70,78,2400000,62,33,51,56,69,73,,,,,,,,,,,,,,,,,,,,,33,51,56,69,73
K. Dabila,22,183,70,78,2400000,54,31,47,53,71,68,,,,,,,,,,,,,,,,,,,,,31,47,53,71,68
N. Maraš,23,189,70,78,2400000,67,37,47,54,70,72,,,,,,,,,,,,,,,,,,,,,37,47,54,70,72
C. Donis,24,185,70,76,2400000,71,63,68,68,61,71,,,,,,,,,,,,,,,,,,,,,63,68,68,61,71
A. Mabil,23,179,70,76,2400000,92,57,61,73,31,50,,,,,,,,,,,,,,,,,,,,,57,61,73,31,50
A. Mowatt,24,177,70,76,2400000,52,67,72,69,60,69,,,,,,,,,,,,,,,,,,,,,67,72,69,60,69
C. Aboagye,24,163,70,76,2400000,85,59,72,77,43,58,,,,,,,,,,,,,,,,,,,,,59,72,77,43,58
D. Avdijaj,22,172,70,76,2400000,74,72,66,75,24,56,,,,,,,,,,,,,,,,,,,,,72,66,75,24,56
M. Thorsby,23,189,70,76,2400000,64,59,65,65,69,79,,,,,,,,,,,,,,,,,,,,,59,65,65,69,79
O. Çağlayan,23,188,70,76,2400000,78,62,66,75,27,66,,,,,,,,,,,,,,,,,,,,,62,66,75,27,66
Sergi Canós,22,175,70,76,2400000,72,67,63,73,51,64,,,,,,,,,,,,,,,,,,,,,67,63,73,51,64
A. Lusamba,22,179,70,76,2400000,69,59,66,76,64,60,,,,,,,,,,,,,,,,,,,,,59,66,76,64,60
Z. Machach,23,184,70,76,2400000,72,63,70,72,43,72,,,,,,,,,,,,,,,,,,,,,63,70,72,43,72
J. Báez,24,178,70,76,2400000,74,65,66,73,31,55,,,,,,,,,,,,,,,,,,,,,65,66,73,31,55
B. Garnica,23,167,70,76,2400000,80,65,64,72,33,58,,,,,,,,,,,,,,,,,,,,,65,64,72,33,58
José Arnáiz,24,175,70,76,2400000,80,70,63,72,40,57,,,,,,,,,,,,,,,,,,,,,70,63,72,40,57
S. Mosquera,24,168,70,76,2400000,79,63,65,72,26,66,,,,,,,,,,,,,,,,,,,,,63,65,72,26,66
S. Peña,23,177,70,76,2400000,65,66,70,70,55,60,,,,,,,,,,,,,,,,,,,,,66,70,70,55,60
F. Diabaté,23,175,70,76,2400000,78,66,60,76,23,50,,,,,,,,,,,,,,,,,,,,,66,60,76,23,50
K. Zachariassen,24,180,70,76,2400000,79,65,65,69,67,75,,,,,,,,,,,,,,,,,,,,,65,65,69,67,75
L. Đorđević,24,185,70,75,2400000,78,68,62,70,32,60,,,,,,,,,,,,,,,,,,,,,68,62,70,32,60
M. Caballero,24,175,70,75,2400000,72,67,56,65,27,64,,,,,,,,,,,,,,,,,,,,,67,56,65,27,64
H. Aiesh,24,180,70,75,2400000,89,54,59,76,43,72,,,,,,,,,,,,,,,,,,,,,54,59,76,43,72
D. Rojas,24,164,70,75,2400000,67,63,69,74,37,54,,,,,,,,,,,,,,,,,,,,,63,69,74,37,54
A. Boljević,23,184,70,75,2400000,78,61,69,72,30,64,,,,,,,,,,,,,,,,,,,,,61,69,72,30,64
A. Zapata,24,178,70,75,2400000,76,65,65,71,31,62,,,,,,,,,,,,,,,,,,,,,65,65,71,31,62
U. Đurđević,25,181,70,75,2400000,74,70,54,67,31,74,,,,,,,,,,,,,,,,,,,,,70,54,67,31,74
F. Salazar,24,178,70,75,2400000,82,65,65,69,42,72,,,,,,,,,,,,,,,,,,,,,65,65,69,42,72
Jorge Pombo,25,177,70,75,2400000,69,70,68,71,57,81,,,,,,,,,,,,,,,,,,,,,70,68,71,57,81
A. Beghetto,24,177,70,75,2400000,77,49,67,70,59,62,,,,,,,,,,,,,,,,,,,,,49,67,70,59,62
N. Ibáñez,24,178,70,75,2400000,74,68,54,65,33,69,,,,,,,,,,,,,,,,,,,,,68,54,65,33,69
M. Ullmann,23,180,70,75,2400000,83,59,64,69,65,70,,,,,,,,,,,,,,,,,,,,,59,64,69,65,70
E. Kılınç,24,174,70,75,2400000,78,64,65,73,34,52,,,,,,,,,,,,,,,,,,,,,64,65,73,34,52
Y. Njie,25,188,70,75,2400000,76,67,55,67,40,70,,,,,,,,,,,,,,,,,,,,,67,55,67,40,70
E. Bello,23,177,70,75,2400000,84,61,67,69,35,54,,,,,,,,,,,,,,,,,,,,,61,67,69,35,54
D. Pineda,23,179,70,75,2400000,74,65,63,75,29,50,,,,,,,,,,,,,,,,,,,,,65,63,75,29,50
A. Păun,24,177,70,75,2400000,84,61,64,75,31,64,,,,,,,,,,,,,,,,,,,,,61,64,75,31,64
G. Giakoumakis,24,186,70,74,2400000,72,69,44,64,28,77,,,,,,,,,,,,,,,,,,,,,69,44,64,28,77
T. Chorý,24,200,70,74,2400000,56,67,54,62,26,78,,,,,,,,,,,,,,,,,,,,,67,54,62,26,78
P. Zabaleta,34,178,75,75,2300000,49,56,70,71,79,70,,,,,,,,,,,,,,,,,,,,,56,70,71,79,70
G. Gönül,34,175,75,75,2300000,77,63,72,76,73,70,,,,,,,,,,,,,,,,,,,,,63,72,76,73,70
L. Baines,34,170,75,75,2300000,56,68,77,75,76,59,,,,,,,,,,,,,,,,,,,,,68,77,75,76,59
C. Gentner,33,189,73,73,2300000,34,72,71,67,72,73,,,,,,,,,,,,,,,,,,,,,72,71,67,72,73
R. Shawcross,31,191,72,72,2300000,41,37,47,49,71,82,,,,,,,,,,,,,,,,,,,,,37,47,49,71,82
A. Jędrzejczyk,31,189,72,72,2300000,67,48,60,64,68,80,,,,,,,,,,,,,,,,,,,,,48,60,64,68,80
M. Pazdan,31,181,72,72,2300000,48,44,59,56,70,72,,,,,,,,,,,,,,,,,,,,,44,59,56,70,72
V. Forren,31,186,72,72,2300000,32,52,62,59,71,76,,,,,,,,,,,,,,,,,,,,,52,62,59,71,76
G. Kashia,31,186,72,72,2300000,43,27,56,55,71,79,,,,,,,,,,,,,,,,,,,,,27,56,55,71,79
T. Ream,31,187,72,72,2300000,61,43,68,68,71,69,,,,,,,,,,,,,,,,,,,,,43,68,68,71,69
W. Lautoa,31,182,72,72,2300000,56,36,54,43,70,76,,,,,,,,,,,,,,,,,,,,,36,54,43,70,76
Alexandre Frandeira,31,192,72,72,2300000,49,44,53,49,70,81,,,,,,,,,,,,,,,,,,,,,44,53,49,70,81
C. Quintana,31,190,72,72,2300000,49,32,49,48,70,79,,,,,,,,,,,,,,,,,,,,,32,49,48,70,79
T. Lees,28,185,71,72,2300000,57,36,55,61,71,74,,,,,,,,,,,,,,,,,,,,,36,55,61,71,74
M. Peybernès,28,186,71,72,2300000,48,31,48,50,73,72,,,,,,,,,,,,,,,,,,,,,31,48,50,73,72
N. De Pauw,29,181,71,71,2300000,74,69,68,71,41,70,,,,,,,,,,,,,,,,,,,,,69,68,71,41,70
A. Jansen,30,186,71,71,2300000,66,69,72,70,45,77,,,,,,,,,,,,,,,,,,,,,69,72,70,45,77
A. Kravets,30,189,71,71,2300000,62,70,57,62,40,70,,,,,,,,,,,,,,,,,,,,,70,57,62,40,70
J. Murphy,29,178,71,71,2300000,78,70,66,73,48,68,,,,,,,,,,,,,,,,,,,,,70,66,73,48,68
T. Torun,29,176,71,71,2300000,76,65,70,72,27,60,,,,,,,,,,,,,,,,,,,,,65,70,72,27,60
David Simão,29,183,71,71,2300000,65,67,72,71,62,69,,,,,,,,,,,,,,,,,,,,,67,72,71,62,69
E. Prib,29,180,71,71,2300000,68,67,71,72,66,65,,,,,,,,,,,,,,,,,,,,,67,71,72,66,65
Fredy,29,170,71,71,2300000,90,62,66,73,24,56,,,,,,,,,,,,,,,,,,,,,62,66,73,24,56
C. Moritz,29,186,71,71,2300000,60,59,69,71,70,70,,,,,,,,,,,,,,,,,,,,,59,69,71,70,70
I. Baldé,30,190,71,71,2300000,59,72,59,64,26,78,,,,,,,,,,,,,,,,,,,,,72,59,64,26,78
Timor,29,185,71,71,2300000,53,60,72,64,68,77,,,,,,,,,,,,,,,,,,,,,60,72,64,68,77
Kike Márquez,29,176,71,71,2300000,72,69,71,73,36,65,,,,,,,,,,,,,,,,,,,,,69,71,73,36,65
P. Diamanka,29,182,71,71,2300000,75,66,64,64,71,82,,,,,,,,,,,,,,,,,,,,,66,64,64,71,82
R. Baca,29,170,71,71,2300000,78,57,69,69,60,69,,,,,,,,,,,,,,,,,,,,,57,69,69,60,69
G. Espinoza,29,178,71,71,2300000,54,62,69,71,64,80,,,,,,,,,,,,,,,,,,,,,62,69,71,64,80
D. Đoković,29,190,71,71,2300000,65,60,70,69,64,81,,,,,,,,,,,,,,,,,,,,,60,70,69,64,81
Kim In Seong,29,180,71,71,2300000,94,60,64,72,32,49,,,,,,,,,,,,,,,,,,,,,60,64,72,32,49
H. Kiyotake,29,172,71,71,2300000,70,65,71,71,40,58,,,,,,,,,,,,,,,,,,,,,65,71,71,40,58
A. Rodríguez,30,181,71,71,2300000,72,68,52,66,32,76,,,,,,,,,,,,,,,,,,,,,68,52,66,32,76
P. Rubio,30,174,71,71,2300000,76,70,59,70,26,72,,,,,,,,,,,,,,,,,,,,,70,59,70,26,72
C. Riaño,30,177,71,71,2300000,75,69,62,70,23,66,,,,,,,,,,,,,,,,,,,,,69,62,70,23,66
G. Verón,29,178,71,71,2300000,81,67,65,71,36,61,,,,,,,,,,,,,,,,,,,,,67,65,71,36,61
Cristian López,30,185,71,71,2300000,71,68,49,67,31,78,,,,,,,,,,,,,,,,,,,,,68,49,67,31,78
H. Abe,29,170,71,71,2300000,77,64,65,71,34,56,,,,,,,,,,,,,,,,,,,,,64,65,71,34,56
J. Mosquera,29,186,71,71,2300000,81,65,64,71,45,74,,,,,,,,,,,,,,,,,,,,,65,64,71,45,74
M. Wittek,23,173,70,78,2300000,78,62,65,69,65,68,,,,,,,,,,,,,,,,,,,,,62,65,69,65,68
J. Andersson,22,177,70,78,2300000,81,45,64,68,61,66,,,,,,,,,,,,,,,,,,,,,45,64,68,61,66
Joan Sastre,22,174,70,78,2300000,76,36,55,66,69,61,,,,,,,,,,,,,,,,,,,,,36,55,66,69,61
T. Guidara,23,173,70,78,2300000,78,40,58,70,66,78,,,,,,,,,,,,,,,,,,,,,40,58,70,66,78
C. Higuita,25,175,70,77,2300000,73,57,64,66,66,79,,,,,,,,,,,,,,,,,,,,,57,64,66,66,79
K. N'Doram,23,185,70,77,2300000,56,33,60,62,71,71,,,,,,,,,,,,,,,,,,,,,33,60,62,71,71
B. O'Neill,25,179,70,75,2300000,65,59,70,68,65,77,,,,,,,,,,,,,,,,,,,,,59,70,68,65,77
A. Hjulsager,24,177,70,75,2300000,75,65,68,72,58,70,,,,,,,,,,,,,,,,,,,,,65,68,72,58,70
Lee Chang Min,25,179,70,75,2300000,66,63,65,64,58,69,,,,,,,,,,,,,,,,,,,,,63,65,64,58,69
N. Haas,23,181,70,75,2300000,77,57,70,72,62,67,,,,,,,,,,,,,,,,,,,,,57,70,72,62,67
T. Valls,23,180,70,75,2300000,65,60,66,68,65,65,,,,,,,,,,,,,,,,,,,,,60,66,68,65,65
M. Pittón,24,174,70,75,2300000,68,61,65,69,70,70,,,,,,,,,,,,,,,,,,,,,61,65,69,70,70
Francisco Ramos,24,185,70,75,2300000,64,58,70,71,62,67,,,,,,,,,,,,,,,,,,,,,58,70,71,62,67
Ademilson,25,176,70,74,2300000,91,68,57,70,31,72,,,,,,,,,,,,,,,,,,,,,68,57,70,31,72
R. Murawski,25,173,70,74,2300000,80,53,69,71,66,77,,,,,,,,,,,,,,,,,,,,,53,69,71,66,77
B. McKay,24,175,70,74,2300000,87,63,66,73,38,41,,,,,,,,,,,,,,,,,,,,,63,66,73,38,41
Carlinhos,25,179,70,74,2300000,69,64,67,74,40,69,,,,,,,,,,,,,,,,,,,,,64,67,74,40,69
Jhon Cley,25,183,70,74,2300000,68,71,66,72,29,67,,,,,,,,,,,,,,,,,,,,,71,66,72,29,67
R. Andrich,24,189,70,74,2300000,66,60,70,67,62,76,,,,,,,,,,,,,,,,,,,,,60,70,67,62,76
R. Insigne,25,172,70,74,2300000,84,64,71,73,27,40,,,,,,,,,,,,,,,,,,,,,64,71,73,27,40
M. Cavion,24,180,70,74,2300000,63,63,70,70,63,68,,,,,,,,,,,,,,,,,,,,,63,70,70,63,68
S. Coopman,24,183,70,74,2300000,58,60,70,72,40,48,,,,,,,,,,,,,,,,,,,,,60,70,72,40,48
Borja Lasso,25,177,70,74,2300000,66,69,70,69,36,64,,,,,,,,,,,,,,,,,,,,,69,70,69,36,64
S. Kaneko,24,163,70,74,2300000,85,66,62,74,35,65,,,,,,,,,,,,,,,,,,,,,66,62,74,35,65
D. Zuma,24,169,70,74,2300000,78,56,66,76,41,47,,,,,,,,,,,,,,,,,,,,,56,66,76,41,47
Z. Kožulj,25,180,70,74,2300000,70,70,69,69,56,65,,,,,,,,,,,,,,,,,,,,,70,69,69,56,65
H. Nielsen,25,187,70,73,2300000,67,70,62,69,41,68,,,,,,,,,,,,,,,,,,,,,70,62,69,41,68
Z. Gano,25,198,70,73,2300000,63,69,56,62,33,77,,,,,,,,,,,,,,,,,,,,,69,56,62,33,77
Lucas João,25,192,70,73,2300000,70,68,52,68,27,71,,,,,,,,,,,,,,,,,,,,,68,52,68,27,71
Naranjo,24,186,70,73,2300000,81,69,67,70,23,60,,,,,,,,,,,,,,,,,,,,,69,67,70,23,60
Rochinha,24,169,70,73,2300000,78,63,64,73,40,48,,,,,,,,,,,,,,,,,,,,,63,64,73,40,48
M. Sylla,25,176,70,73,2300000,74,68,60,69,37,68,,,,,,,,,,,,,,,,,,,,,68,60,69,37,68
A. Estupiñán,24,175,70,73,2300000,83,60,61,74,46,64,,,,,,,,,,,,,,,,,,,,,60,61,74,46,64
A. Urzi,19,168,69,87,2300000,88,59,59,73,36,52,,,,,,,,,,,,,,,,,,,,,59,59,73,36,52
P. Pomykal,19,170,69,86,2300000,74,58,68,68,54,63,,,,,,,,,,,,,,,,,,,,,58,68,68,54,63
M. Barrow,20,183,69,85,2300000,81,66,48,69,31,58,,,,,,,,,,,,,,,,,,,,,66,48,69,31,58
K. Jóźwiak,21,176,69,84,2300000,90,57,62,68,41,69,,,,,,,,,,,,,,,,,,,,,57,62,68,41,69
Domingos Quina,19,175,69,84,2300000,72,63,63,72,43,50,,,,,,,,,,,,,,,,,,,,,63,63,72,43,50
T. Weah,19,185,69,84,2300000,87,68,59,70,30,59,,,,,,,,,,,,,,,,,,,,,68,59,70,30,59
M. Romero,20,179,69,83,2300000,76,70,49,65,27,69,,,,,,,,,,,,,,,,,,,,,70,49,65,27,69
D. Arzani,20,171,69,83,2300000,78,59,62,74,31,39,,,,,,,,,,,,,,,,,,,,,59,62,74,31,39
B. Toma,20,174,69,83,2300000,64,63,66,68,63,69,,,,,,,,,,,,,,,,,,,,,63,66,68,63,69
I. Aliseda,19,169,69,83,2300000,85,58,62,75,39,53,,,,,,,,,,,,,,,,,,,,,58,62,75,39,53
S. Plaza,20,189,69,83,2300000,85,65,53,66,26,73,,,,,,,,,,,,,,,,,,,,,65,53,66,26,73
R. Márquez,21,184,69,83,2300000,69,68,53,64,26,61,,,,,,,,,,,,,,,,,,,,,68,53,64,26,61
Victildinho,35,178,76,76,2200000,82,54,71,73,75,65,,,,,,,,,,,,,,,,,,,,,54,71,73,75,65
F. Magnanelli,34,181,74,74,2200000,62,55,68,62,76,68,,,,,,,,,,,,,,,,,,,,,55,68,62,76,68
A. Aguilar,34,187,74,74,2200000,32,61,67,64,74,81,,,,,,,,,,,,,,,,,,,,,61,67,64,74,81
Alex Bergantiños,34,176,74,74,2200000,44,46,63,62,74,79,,,,,,,,,,,,,,,,,,,,,46,63,62,74,79
Idris,34,189,74,74,2200000,48,52,61,63,74,83,,,,,,,,,,,,,,,,,,,,,52,61,63,74,83
G. Vural,31,177,72,72,2200000,82,69,65,75,66,64,,,,,,,,,,,,,,,,,,,,,69,65,75,66,64
Djavan,31,184,72,72,2200000,74,48,63,71,69,77,,,,,,,,,,,,,,,,,,,,,48,63,71,69,77
C. Chimino,31,178,72,72,2200000,79,46,57,65,69,72,,,,,,,,,,,,,,,,,,,,,46,57,65,69,72
Vágner Corraldo,31,175,72,72,2200000,76,59,63,69,69,67,,,,,,,,,,,,,,,,,,,,,59,63,69,69,67
O. Vranješ,29,182,71,72,2200000,67,47,55,55,70,76,,,,,,,,,,,,,,,,,,,,,47,55,55,70,76
M. Mancosu,30,180,71,71,2200000,67,66,68,70,41,65,,,,,,,,,,,,,,,,,,,,,66,68,70,41,65
R. Kruse,30,179,71,71,2200000,77,69,66,70,40,58,,,,,,,,,,,,,,,,,,,,,69,66,70,40,58
S. de Jong,30,185,71,71,2200000,51,76,69,68,59,73,,,,,,,,,,,,,,,,,,,,,76,69,68,59,73
N. Obiora,27,186,71,71,2200000,65,46,57,62,67,87,,,,,,,,,,,,,,,,,,,,,46,57,62,67,87
M. Barthelmé,30,176,71,71,2200000,71,61,69,72,62,67,,,,,,,,,,,,,,,,,,,,,61,69,72,62,67
J. McClean,30,180,71,71,2200000,73,66,69,73,58,75,,,,,,,,,,,,,,,,,,,,,66,69,73,58,75
C. Quintero,30,189,71,71,2200000,74,64,67,70,61,73,,,,,,,,,,,,,,,,,,,,,64,67,70,61,73
E. Pačinda,30,175,71,71,2200000,80,72,69,74,28,51,,,,,,,,,,,,,,,,,,,,,72,69,74,28,51
T. Romanczuk,27,186,71,71,2200000,64,64,65,62,70,77,,,,,,,,,,,,,,,,,,,,,64,65,62,70,77
F. Sambueza,30,170,71,71,2200000,75,65,72,73,35,49,,,,,,,,,,,,,,,,,,,,,65,72,73,35,49
G. Acosta,30,168,71,71,2200000,73,69,68,73,59,72,,,,,,,,,,,,,,,,,,,,,69,68,73,59,72
Iván Rodríguez,23,180,70,77,2200000,76,51,59,67,67,61,,,,,,,,,,,,,,,,,,,,,51,59,67,67,61
K. Diks,22,185,70,77,2200000,72,40,55,68,70,74,,,,,,,,,,,,,,,,,,,,,40,55,68,70,74
C. Roberts,23,175,70,77,2200000,69,38,62,66,68,66,,,,,,,,,,,,,,,,,,,,,38,62,66,68,66
N. Tripichio,23,175,70,77,2200000,83,47,62,70,64,69,,,,,,,,,,,,,,,,,,,,,47,62,70,64,69
L. Klünter,23,184,70,77,2200000,87,48,56,67,67,65,,,,,,,,,,,,,,,,,,,,,48,56,67,67,65
A. Castro-Montes,22,175,70,77,2200000,72,62,69,69,65,64,,,,,,,,,,,,,,,,,,,,,62,69,69,65,64
Gorosabel,22,174,70,77,2200000,64,41,58,60,70,57,,,,,,,,,,,,,,,,,,,,,41,58,60,70,57
M. Dräger,23,180,70,77,2200000,86,60,59,69,65,62,,,,,,,,,,,,,,,,,,,,,60,59,69,65,62
Tomás Podstawski,24,182,70,76,2200000,60,54,61,66,68,74,,,,,,,,,,,,,,,,,,,,,54,61,66,68,74
M. Helik,23,193,70,76,2200000,69,51,48,50,69,72,,,,,,,,,,,,,,,,,,,,,51,48,50,69,72
B. Sanneh,24,183,70,76,2200000,72,43,47,58,69,72,,,,,,,,,,,,,,,,,,,,,43,47,58,69,72
M. Bălașa,24,186,70,76,2200000,65,28,61,54,69,79,,,,,,,,,,,,,,,,,,,,,28,61,54,69,79
R. Echeverría,24,181,70,76,2200000,66,52,60,63,69,76,,,,,,,,,,,,,,,,,,,,,52,60,63,69,76
R. Burke,22,189,70,76,2200000,68,36,50,57,70,69,,,,,,,,,,,,,,,,,,,,,36,50,57,70,69
E. Rolón,24,178,70,76,2200000,65,53,66,66,67,65,,,,,,,,,,,,,,,,,,,,,53,66,66,67,65
R. Bormuth,23,190,70,76,2200000,72,25,39,48,69,74,,,,,,,,,,,,,,,,,,,,,25,39,48,69,74
Luis Pérez,24,173,70,76,2200000,91,44,56,68,64,71,,,,,,,,,,,,,,,,,,,,,44,56,68,64,71
D. Giannoulis,23,178,70,76,2200000,77,48,62,67,67,63,,,,,,,,,,,,,,,,,,,,,48,62,67,67,63
D. Batubinsika,23,185,70,76,2200000,67,28,51,54,68,77,,,,,,,,,,,,,,,,,,,,,28,51,54,68,77
K. Anzai,24,172,70,76,2200000,91,55,64,68,63,57,,,,,,,,,,,,,,,,,,,,,55,64,68,63,57
Catena,24,194,70,76,2200000,63,33,48,47,70,71,,,,,,,,,,,,,,,,,,,,,33,48,47,70,71
A. Parmak,24,176,70,76,2200000,76,66,68,72,68,65,,,,,,,,,,,,,,,,,,,,,66,68,72,68,65
Sergi Samper,24,182,70,75,2200000,44,43,67,66,67,66,,,,,,,,,,,,,,,,,,,,,43,67,66,67,66
Y. Bodiger,24,188,70,75,2200000,53,57,68,63,67,70,,,,,,,,,,,,,,,,,,,,,57,68,63,67,70
G. Hendrickx,24,175,70,75,2200000,65,58,69,65,66,67,,,,,,,,,,,,,,,,,,,,,58,69,65,66,67
P. Erras,24,196,70,75,2200000,35,42,60,46,69,72,,,,,,,,,,,,,,,,,,,,,42,60,46,69,72
D. Johnson,26,174,70,73,2200000,75,67,69,71,51,65,,,,,,,,,,,,,,,,,,,,,67,69,71,51,65
E. Kaçe,25,170,70,73,2200000,75,65,66,70,70,72,,,,,,,,,,,,,,,,,,,,,65,66,70,70,72
A. Trajkovski,26,180,70,73,2200000,74,69,65,75,26,58,,,,,,,,,,,,,,,,,,,,,69,65,75,26,58
R. Schoofs,25,178,70,73,2200000,60,63,71,70,60,61,,,,,,,,,,,,,,,,,,,,,63,71,70,60,61
M. Maddison,25,180,70,73,2200000,80,68,68,71,24,65,,,,,,,,,,,,,,,,,,,,,68,68,71,24,65
L. James,26,188,70,73,2200000,71,68,51,69,29,71,,,,,,,,,,,,,,,,,,,,,68,51,69,29,71
F. Schnellhardt,25,180,70,73,2200000,78,62,67,72,63,73,,,,,,,,,,,,,,,,,,,,,62,67,72,63,73
Aitor García,25,173,70,73,2200000,84,69,65,70,37,57,,,,,,,,,,,,,,,,,,,,,69,65,70,37,57
L. Capezzi,24,178,70,73,2200000,48,59,70,66,59,60,,,,,,,,,,,,,,,,,,,,,59,70,66,59,60
A. Traustason,26,181,70,73,2200000,79,68,66,70,56,70,,,,,,,,,,,,,,,,,,,,,68,66,70,56,70
L. Garritano,25,172,70,73,2200000,89,71,70,76,51,60,,,,,,,,,,,,,,,,,,,,,71,70,76,51,60
A. Aseri,25,167,70,73,2200000,88,66,64,75,28,58,,,,,,,,,,,,,,,,,,,,,66,64,75,28,58
G. Álvarez Suarez,26,182,70,73,2200000,71,62,70,72,54,72,,,,,,,,,,,,,,,,,,,,,62,70,72,54,72
J. Windass,25,175,70,73,2200000,85,67,65,70,35,66,,,,,,,,,,,,,,,,,,,,,67,65,70,35,66
A. Kara,26,186,70,73,2200000,60,68,68,65,64,82,,,,,,,,,,,,,,,,,,,,,68,68,65,64,82
F. Deli,24,182,70,73,2200000,55,62,66,68,49,64,,,,,,,,,,,,,,,,,,,,,62,66,68,49,64
Bruno,25,180,70,73,2200000,80,63,66,71,27,55,,,,,,,,,,,,,,,,,,,,,63,66,71,27,55
H. Duljević,25,186,70,73,2200000,83,58,64,77,43,72,,,,,,,,,,,,,,,,,,,,,58,64,77,43,72
B. Aouacheria,25,183,70,73,2200000,72,67,64,74,38,69,,,,,,,,,,,,,,,,,,,,,67,64,74,38,69
A. Meziane,25,168,70,73,2200000,85,62,64,73,29,57,,,,,,,,,,,,,,,,,,,,,62,64,73,29,57
M. Deletić,25,179,70,73,2200000,79,62,66,72,29,59,,,,,,,,,,,,,,,,,,,,,62,66,72,29,59
C. Wickham,26,191,70,72,2200000,49,72,61,65,30,71,,,,,,,,,,,,,,,,,,,,,72,61,65,30,71
Abdón Prats,26,181,70,72,2200000,66,74,59,65,29,60,,,,,,,,,,,,,,,,,,,,,74,59,65,29,60
C. Cisneros,25,175,70,72,2200000,78,67,64,70,45,63,,,,,,,,,,,,,,,,,,,,,67,64,70,45,63
Y. Reyna,25,169,70,72,2200000,88,66,62,75,36,64,,,,,,,,,,,,,,,,,,,,,66,62,75,36,64
P. Schobesberger,25,176,70,72,2200000,90,63,65,71,44,69,,,,,,,,,,,,,,,,,,,,,63,65,71,44,69
Luis Rioja,25,175,70,72,2200000,82,63,63,73,31,46,,,,,,,,,,,,,,,,,,,,,63,63,73,31,46
Y. Niakaté,26,178,70,72,2200000,93,73,54,65,25,66,,,,,,,,,,,,,,,,,,,,,73,54,65,25,66
Lucas Fernandes,25,174,70,72,2200000,85,63,59,72,34,59,,,,,,,,,,,,,,,,,,,,,63,59,72,34,59
K. Sugimoto,26,187,70,72,2200000,72,68,55,68,23,78,,,,,,,,,,,,,,,,,,,,,68,55,68,23,78
N. Cozza,20,178,69,85,2200000,76,36,61,63,69,71,,,,,,,,,,,,,,,,,,,,,36,61,63,69,71
A. Almendra,19,182,69,85,2200000,65,57,67,69,59,61,,,,,,,,,,,,,,,,,,,,,57,67,69,59,61
M. Caqueret,19,174,69,85,2200000,74,55,68,70,59,62,,,,,,,,,,,,,,,,,,,,,55,68,70,59,62
D. Turnbull,19,185,69,84,2200000,68,64,65,69,53,63,,,,,,,,,,,,,,,,,,,,,64,65,69,53,63
L. Ferguson,19,180,69,84,2200000,71,63,68,69,58,73,,,,,,,,,,,,,,,,,,,,,63,68,69,58,73
Sancet,19,188,69,84,2200000,66,60,65,74,51,48,,,,,,,,,,,,,,,,,,,,,60,65,74,51,48
Javi Hernández,21,182,69,83,2200000,69,47,62,66,69,67,,,,,,,,,,,,,,,,,,,,,47,62,66,69,67
J. Pinola,36,180,78,78,2100000,68,53,68,68,77,77,,,,,,,,,,,,,,,,,,,,,53,68,68,77,77
A. Romao,35,180,75,75,2100000,53,55,65,69,75,79,,,,,,,,,,,,,,,,,,,,,55,65,69,75,79
Felipe,34,188,74,74,2100000,34,35,51,52,78,59,,,,,,,,,,,,,,,,,,,,,35,51,52,78,59
C. Davies,34,188,74,74,2100000,52,38,46,53,75,71,,,,,,,,,,,,,,,,,,,,,38,46,53,75,71
R. Vlaar,34,189,74,74,2100000,31,57,57,52,75,77,,,,,,,,,,,,,,,,,,,,,57,57,52,75,77
A. Chedjou,34,184,74,74,2100000,65,49,60,62,73,74,,,,,,,,,,,,,,,,,,,,,49,60,62,73,74
M. Caruzzo,34,185,74,74,2100000,45,36,58,50,73,77,,,,,,,,,,,,,,,,,,,,,36,58,50,73,77
P. Goltz,34,184,74,74,2100000,51,56,62,58,72,80,,,,,,,,,,,,,,,,,,,,,56,62,58,72,80
D. Ba,34,189,73,73,2100000,70,73,68,68,45,70,,,,,,,,,,,,,,,,,,,,,73,68,68,45,70
N. Bendtner,31,193,71,71,2100000,63,71,66,66,43,71,,,,,,,,,,,,,,,,,,,,,71,66,66,43,71
Carmona,31,177,71,71,2100000,67,68,72,71,45,65,,,,,,,,,,,,,,,,,,,,,68,72,71,45,65
F. Đorđević,31,186,71,71,2100000,57,70,59,68,49,73,,,,,,,,,,,,,,,,,,,,,70,59,68,49,73
G. Litteri,31,186,71,71,2100000,80,66,50,62,25,79,,,,,,,,,,,,,,,,,,,,,66,50,62,25,79
N. Baker,28,189,71,71,2100000,52,34,42,38,70,77,,,,,,,,,,,,,,,,,,,,,34,42,38,70,77
A. Nahuelpan,31,188,71,71,2100000,54,72,58,63,38,81,,,,,,,,,,,,,,,,,,,,,72,58,63,38,81
B. Salamon,28,196,71,71,2100000,43,46,58,56,71,69,,,,,,,,,,,,,,,,,,,,,46,58,56,71,69
Kim Shin Wook,31,196,71,71,2100000,55,70,62,63,45,79,,,,,,,,,,,,,,,,,,,,,70,62,63,45,79
Júnior Dutra,31,188,71,71,2100000,76,68,63,70,37,65,,,,,,,,,,,,,,,,,,,,,68,63,70,37,65
M. Formica,31,178,71,71,2100000,72,68,69,73,33,56,,,,,,,,,,,,,,,,,,,,,68,69,73,33,56
C. Santos,31,184,71,71,2100000,65,73,67,68,41,68,,,,,,,,,,,,,,,,,,,,,73,67,68,41,68
S. Hutchinson,28,188,71,71,2100000,54,29,51,55,70,80,,,,,,,,,,,,,,,,,,,,,29,51,55,70,80
J. Sala,27,181,71,71,2100000,69,61,69,71,70,70,,,,,,,,,,,,,,,,,,,,,61,69,71,70,70
J. Hochscheidt,31,180,71,71,2100000,71,69,71,70,57,75,,,,,,,,,,,,,,,,,,,,,69,71,70,57,75
Hwang Il Soo,31,173,71,71,2100000,92,66,64,70,37,61,,,,,,,,,,,,,,,,,,,,,66,64,70,37,61
M. Colin,27,180,71,71,2100000,75,33,62,69,70,74,,,,,,,,,,,,,,,,,,,,,33,62,69,70,74
A. Søderlund,31,187,71,71,2100000,63,71,55,63,42,79,,,,,,,,,,,,,,,,,,,,,71,55,63,42,79
J. Fernández,31,169,71,71,2100000,77,68,66,74,50,59,,,,,,,,,,,,,,,,,,,,,68,66,74,50,59
David Ferreiro,31,170,71,71,2100000,87,67,69,74,37,49,,,,,,,,,,,,,,,,,,,,,67,69,74,37,49
E. Alioski,27,172,71,71,2100000,82,70,67,69,64,72,,,,,,,,,,,,,,,,,,,,,70,67,69,64,72
I. Runje,28,192,71,71,2100000,42,25,50,45,71,80,,,,,,,,,,,,,,,,,,,,,25,50,45,71,80
H. Aleesami,27,183,71,71,2100000,80,57,68,70,66,72,,,,,,,,,,,,,,,,,,,,,57,68,70,66,72
R. Philippoteaux,31,170,71,71,2100000,76,67,66,73,43,59,,,,,,,,,,,,,,,,,,,,,67,66,73,43,59
Alam Araújo,27,178,71,71,2100000,76,51,64,68,72,64,,,,,,,,,,,,,,,,,,,,,51,64,68,72,64
Tiago Pombeira,31,173,71,71,2100000,78,64,68,74,32,50,,,,,,,,,,,,,,,,,,,,,64,68,74,32,50
Nascimentardo,31,170,71,71,2100000,83,57,72,74,39,42,,,,,,,,,,,,,,,,,,,,,57,72,74,39,42
Y. Kashiwa,31,168,71,71,2100000,87,65,63,74,45,54,,,,,,,,,,,,,,,,,,,,,65,63,74,45,54
L. Filip,28,184,71,71,2100000,64,49,61,63,69,73,,,,,,,,,,,,,,,,,,,,,49,61,63,69,73
J. Robinson,25,180,70,75,2100000,72,40,60,63,71,66,,,,,,,,,,,,,,,,,,,,,40,60,63,71,66
Bernardo,25,190,70,75,2100000,33,39,50,43,67,78,,,,,,,,,,,,,,,,,,,,,39,50,43,67,78
K. Günter,24,184,70,75,2100000,59,31,56,59,69,69,,,,,,,,,,,,,,,,,,,,,31,56,59,69,69
J. Dudziak,23,176,70,75,2100000,81,56,67,74,64,65,,,,,,,,,,,,,,,,,,,,,56,67,74,64,65
Pol García,24,183,70,75,2100000,62,32,63,61,69,65,,,,,,,,,,,,,,,,,,,,,32,63,61,69,65
Borja López,25,192,70,75,2100000,47,31,49,43,70,76,,,,,,,,,,,,,,,,,,,,,31,49,43,70,76
E. Sobol,24,186,70,75,2100000,75,47,69,63,66,64,,,,,,,,,,,,,,,,,,,,,47,69,63,66,64
J. Pi,25,180,70,75,2100000,66,60,65,67,65,71,,,,,,,,,,,,,,,,,,,,,60,65,67,65,71
Unai García,26,186,70,75,2100000,65,41,58,53,67,77,,,,,,,,,,,,,,,,,,,,,41,58,53,67,77
B. Meling,24,173,70,75,2100000,78,47,64,66,66,59,,,,,,,,,,,,,,,,,,,,,47,64,66,66,59
D. Cavaré,24,184,70,75,2100000,73,54,62,67,68,82,,,,,,,,,,,,,,,,,,,,,54,62,67,68,82
J. Fulton,25,182,70,75,2100000,65,54,64,66,68,73,,,,,,,,,,,,,,,,,,,,,54,64,66,68,73
E. Taşdemir,23,176,70,75,2100000,85,59,64,73,66,58,,,,,,,,,,,,,,,,,,,,,59,64,73,66,58
Jeong Seung Hyun,25,188,70,75,2100000,36,24,46,35,69,81,,,,,,,,,,,,,,,,,,,,,24,46,35,69,81
D. Zhivoglyadov,25,178,70,75,2100000,76,51,61,69,69,66,,,,,,,,,,,,,,,,,,,,,51,61,69,69,66
M. Lemos,23,187,70,75,2100000,63,54,59,68,69,70,,,,,,,,,,,,,,,,,,,,,54,59,68,69,70
Fali,25,186,70,75,2100000,59,59,65,59,66,87,,,,,,,,,,,,,,,,,,,,,59,65,59,66,87
C. Dell'Orco,25,183,70,75,2100000,63,47,59,67,70,66,,,,,,,,,,,,,,,,,,,,,47,59,67,70,66
Javi Galán,24,172,70,75,2100000,79,53,69,70,63,64,,,,,,,,,,,,,,,,,,,,,53,69,70,63,64
R. Matarrita,24,175,70,75,2100000,80,49,65,70,67,68,,,,,,,,,,,,,,,,,,,,,49,65,70,67,68
D. Chatziisaias,26,193,70,75,2100000,58,41,44,47,70,74,,,,,,,,,,,,,,,,,,,,,41,44,47,70,74
P. Szymiński,25,185,70,75,2100000,70,39,52,59,71,71,,,,,,,,,,,,,,,,,,,,,39,52,59,71,71
Rafa Navarro,25,173,70,75,2100000,76,44,60,66,66,48,,,,,,,,,,,,,,,,,,,,,44,60,66,66,48
Reinildo,25,180,70,75,2100000,75,52,59,70,67,68,,,,,,,,,,,,,,,,,,,,,52,59,70,67,68
J. Elliott,23,196,70,75,2100000,51,24,45,48,70,75,,,,,,,,,,,,,,,,,,,,,24,45,48,70,75
Lucas Possignolo,25,189,70,75,2100000,53,25,44,49,69,72,,,,,,,,,,,,,,,,,,,,,25,44,49,69,72
J. Moreno,25,174,70,75,2100000,64,57,69,63,67,72,,,,,,,,,,,,,,,,,,,,,57,69,63,67,72
D. Perić,24,197,70,75,2100000,69,36,39,58,67,76,,,,,,,,,,,,,,,,,,,,,36,39,58,67,76
D. Dąbrowski,26,182,70,74,2100000,68,57,65,66,67,65,,,,,,,,,,,,,,,,,,,,,57,65,66,67,65
J. Meffert,24,186,70,74,2100000,54,50,63,64,69,74,,,,,,,,,,,,,,,,,,,,,50,63,64,69,74
S. Asamoah,25,163,70,74,2100000,70,55,65,71,66,70,,,,,,,,,,,,,,,,,,,,,55,65,71,66,70
C. Fuentes,26,170,70,74,2100000,73,56,62,65,68,79,,,,,,,,,,,,,,,,,,,,,56,62,65,68,79
S. Rosted,24,188,70,74,2100000,47,53,52,52,70,72,,,,,,,,,,,,,,,,,,,,,53,52,52,70,72
P. Wiesinger,25,181,70,74,2100000,68,40,54,58,70,70,,,,,,,,,,,,,,,,,,,,,40,54,58,70,70
S. Thern,26,180,70,72,2100000,76,65,66,71,57,69,,,,,,,,,,,,,,,,,,,,,65,66,71,57,69
M. Saymak,26,169,70,72,2100000,72,65,65,72,46,54,,,,,,,,,,,,,,,,,,,,,65,65,72,46,54
J. Irvine,26,188,70,72,2100000,67,70,65,68,69,79,,,,,,,,,,,,,,,,,,,,,70,65,68,69,79
J. Andersen,26,178,70,72,2100000,73,61,67,68,63,78,,,,,,,,,,,,,,,,,,,,,61,67,68,63,78
M. Ljujić,25,185,70,72,2100000,62,67,69,71,56,69,,,,,,,,,,,,,,,,,,,,,67,69,71,56,69
B. Jeannot,27,183,70,71,2100000,63,71,57,67,30,59,,,,,,,,,,,,,,,,,,,,,71,57,67,30,59
I. Saadi,27,180,70,71,2100000,65,70,53,67,22,75,,,,,,,,,,,,,,,,,,,,,70,53,67,22,75
S. Araujo,27,180,70,71,2100000,74,68,63,73,33,58,,,,,,,,,,,,,,,,,,,,,68,63,73,33,58
T. Antonis,25,180,70,71,2100000,68,68,68,69,59,67,,,,,,,,,,,,,,,,,,,,,68,68,69,59,67
E. Andersen,26,181,70,71,2100000,78,65,70,68,43,63,,,,,,,,,,,,,,,,,,,,,65,70,68,43,63
M. Sax,26,178,70,71,2100000,76,60,64,72,26,65,,,,,,,,,,,,,,,,,,,,,60,64,72,26,65
B. Hrgota,26,185,70,71,2100000,70,72,61,70,26,61,,,,,,,,,,,,,,,,,,,,,72,61,70,26,61
R. Improta,25,179,70,71,2100000,82,59,62,74,22,47,,,,,,,,,,,,,,,,,,,,,59,62,74,22,47
A. Rocha,26,167,70,71,2100000,71,55,65,69,65,69,,,,,,,,,,,,,,,,,,,,,55,65,69,65,69
O. Benítez,26,180,70,71,2100000,73,64,65,72,57,70,,,,,,,,,,,,,,,,,,,,,64,65,72,57,70
S. Hogan,27,180,70,71,2100000,85,63,52,70,30,59,,,,,,,,,,,,,,,,,,,,,63,52,70,30,59
Iza Carcelén,26,174,70,71,2100000,79,57,68,69,63,74,,,,,,,,,,,,,,,,,,,,,57,68,69,63,74
E. Torregrossa,27,184,70,71,2100000,73,68,52,66,23,73,,,,,,,,,,,,,,,,,,,,,68,52,66,23,73
R. Kurzawa,26,182,70,71,2100000,57,65,72,71,61,57,,,,,,,,,,,,,,,,,,,,,65,72,71,61,57
C. Buonaiuto,26,179,70,71,2100000,79,70,66,71,44,58,,,,,,,,,,,,,,,,,,,,,70,66,71,44,58
G. Esparza,26,168,70,71,2100000,89,60,65,72,46,56,,,,,,,,,,,,,,,,,,,,,60,65,72,46,56
K. Hashimoto,25,182,70,71,2100000,72,64,66,68,67,76,,,,,,,,,,,,,,,,,,,,,64,66,68,67,76
Y. Gomis,27,180,70,71,2100000,82,68,44,70,31,66,,,,,,,,,,,,,,,,,,,,,68,44,70,31,66
J. Justin,21,183,69,83,2100000,76,47,66,69,66,66,,,,,,,,,,,,,,,,,,,,,47,66,69,66,66
L. Pellegrini,20,178,69,83,2100000,76,35,58,67,65,56,,,,,,,,,,,,,,,,,,,,,35,58,67,65,56
W. Morgan,35,186,75,75,2000000,29,34,41,55,76,72,,,,,,,,,,,,,,,,,,,,,34,41,55,76,72
J. Morel,35,175,75,75,2000000,67,44,61,59,74,78,,,,,,,,,,,,,,,,,,,,,44,61,59,74,78
Kaimo Lima,35,188,75,75,2000000,77,63,69,68,75,71,,,,,,,,,,,,,,,,,,,,,63,69,68,75,71
T. Huddlestone,32,188,72,72,2000000,40,70,75,63,69,69,,,,,,,,,,,,,,,,,,,,,70,75,63,69,69
A. Ramos,33,186,72,72,2000000,73,70,64,69,46,66,,,,,,,,,,,,,,,,,,,,,70,64,69,46,66
D. Ciofani,33,190,72,72,2000000,61,73,41,56,26,73,,,,,,,,,,,,,,,,,,,,,73,41,56,26,73
M. Škoda,33,190,72,72,2000000,58,71,61,66,48,76,,,,,,,,,,,,,,,,,,,,,71,61,66,48,76
F. Lemoine,32,175,72,72,2000000,43,58,68,68,71,73,,,,,,,,,,,,,,,,,,,,,58,68,68,71,73
A. Weber,32,190,72,72,2000000,34,28,56,52,72,76,,,,,,,,,,,,,,,,,,,,,28,56,52,72,76
J. Pereira,32,183,72,72,2000000,41,38,52,52,73,76,,,,,,,,,,,,,,,,,,,,,38,52,52,73,76
R. Meggiorini,33,182,72,72,2000000,67,69,66,74,37,67,,,,,,,,,,,,,,,,,,,,,69,66,74,37,67
M. Besler,32,183,72,72,2000000,64,42,62,61,72,73,,,,,,,,,,,,,,,,,,,,,42,62,61,72,73
C. Kerbrat,32,185,72,72,2000000,57,50,58,62,72,72,,,,,,,,,,,,,,,,,,,,,50,58,62,72,72
M. Grüttner,33,185,72,72,2000000,64,71,52,67,38,82,,,,,,,,,,,,,,,,,,,,,71,52,67,38,82
C. Suárez,32,179,72,72,2000000,69,36,57,48,72,70,,,,,,,,,,,,,,,,,,,,,36,57,48,72,70
J. Schunke,32,193,72,72,2000000,30,40,53,46,73,76,,,,,,,,,,,,,,,,,,,,,40,53,46,73,76
E. Albayrak,28,179,71,71,2000000,80,66,71,71,66,67,,,,,,,,,,,,,,,,,,,,,66,71,71,66,67
A. Barillà,31,180,71,71,2000000,82,65,69,70,67,76,,,,,,,,,,,,,,,,,,,,,65,69,70,67,76
P. Oniangué,30,190,71,71,2000000,64,70,64,66,71,80,,,,,,,,,,,,,,,,,,,,,70,64,66,71,80
B. Angulo,29,174,71,71,2000000,81,54,61,66,68,75,,,,,,,,,,,,,,,,,,,,,54,61,66,68,75
Go Yo Han,31,170,71,71,2000000,75,61,68,70,63,73,,,,,,,,,,,,,,,,,,,,,61,68,70,63,73
A. Tetteh,29,186,71,71,2000000,64,47,59,63,68,83,,,,,,,,,,,,,,,,,,,,,47,59,63,68,83
H. Dalsgaard,29,192,71,71,2000000,76,58,62,65,69,70,,,,,,,,,,,,,,,,,,,,,58,62,65,69,70
Fontàs,29,185,71,71,2000000,31,48,67,60,71,69,,,,,,,,,,,,,,,,,,,,,48,67,60,71,69
S. Malone,28,189,71,71,2000000,73,62,64,71,67,70,,,,,,,,,,,,,,,,,,,,,62,64,71,67,70
J. Colback,29,177,71,71,2000000,61,59,67,67,67,67,,,,,,,,,,,,,,,,,,,,,59,67,67,67,67
L. Marrone,29,186,71,71,2000000,53,59,71,71,70,71,,,,,,,,,,,,,,,,,,,,,59,71,71,70,71
Ivo Pinto,29,184,71,71,2000000,81,47,63,68,68,71,,,,,,,,,,,,,,,,,,,,,47,63,68,68,71
A. Tinnerholm,28,176,71,71,2000000,75,50,63,68,66,76,,,,,,,,,,,,,,,,,,,,,50,63,68,66,76
Hong Chul,28,176,71,71,2000000,89,43,68,71,65,76,,,,,,,,,,,,,,,,,,,,,43,68,71,65,76
A. Abrashi,29,170,71,71,2000000,64,55,58,65,70,76,,,,,,,,,,,,,,,,,,,,,55,58,65,70,76
J. Sánchez,29,168,71,71,2000000,82,57,62,73,68,64,,,,,,,,,,,,,,,,,,,,,57,62,73,68,64
Lee Seung Gi,31,177,71,71,2000000,73,68,71,71,53,67,,,,,,,,,,,,,,,,,,,,,68,71,71,53,67
Diogo Figueiras,28,170,71,71,2000000,82,55,66,75,66,47,,,,,,,,,,,,,,,,,,,,,55,66,75,66,47
Marcelo,29,178,71,71,2000000,62,26,50,51,72,68,,,,,,,,,,,,,,,,,,,,,26,50,51,72,68
M. Abero,29,184,71,71,2000000,70,52,57,61,72,83,,,,,,,,,,,,,,,,,,,,,52,57,61,72,83
Elsinho,29,180,71,71,2000000,73,65,63,73,64,80,,,,,,,,,,,,,,,,,,,,,65,63,73,64,80
D. Nistor,31,172,71,71,2000000,75,65,70,69,64,80,,,,,,,,,,,,,,,,,,,,,65,70,69,64,80
E. García,29,168,71,71,2000000,74,53,61,71,68,66,,,,,,,,,,,,,,,,,,,,,53,61,71,68,66
G. Toledo,29,175,71,71,2000000,83,48,62,69,65,67,,,,,,,,,,,,,,,,,,,,,48,62,69,65,67
N. Leyes,29,181,71,71,2000000,61,49,62,61,71,80,,,,,,,,,,,,,,,,,,,,,49,62,61,71,80
R. Mphahlele,29,185,71,71,2000000,73,33,60,66,72,65,,,,,,,,,,,,,,,,,,,,,33,60,66,72,65
Edu Machado,29,175,71,71,2000000,72,44,50,70,71,69,,,,,,,,,,,,,,,,,,,,,44,50,70,71,69
O. El Hajjam,28,181,71,71,2000000,69,46,66,71,69,71,,,,,,,,,,,,,,,,,,,,,46,66,71,69,71
D. Guzman,29,178,71,71,2000000,58,60,70,68,68,73,,,,,,,,,,,,,,,,,,,,,60,70,68,68,73
R. Procházka,30,182,71,71,2000000,64,59,62,67,72,74,,,,,,,,,,,,,,,,,,,,,59,62,67,72,74
S. Kitsiou,25,173,70,74,2000000,75,58,66,69,66,67,,,,,,,,,,,,,,,,,,,,,58,66,69,66,67
N. Gavory,24,183,70,74,2000000,73,59,74,66,63,68,,,,,,,,,,,,,,,,,,,,,59,74,66,63,68
I. Sylla,25,180,70,74,2000000,70,61,69,70,65,74,,,,,,,,,,,,,,,,,,,,,61,69,70,65,74
D. Fisher,25,175,70,74,2000000,79,26,51,66,69,76,,,,,,,,,,,,,,,,,,,,,26,51,66,69,76
S. Janko,23,181,70,74,2000000,89,49,56,66,65,69,,,,,,,,,,,,,,,,,,,,,49,56,66,65,69
Núrio,24,177,70,74,2000000,84,42,64,71,64,70,,,,,,,,,,,,,,,,,,,,,42,64,71,64,70
L. Paqarada,24,184,70,74,2000000,76,45,68,69,66,67,,,,,,,,,,,,,,,,,,,,,45,68,69,66,67
R. Bauer,24,183,70,74,2000000,70,51,60,63,70,75,,,,,,,,,,,,,,,,,,,,,51,60,63,70,75
M. Busch,24,182,70,74,2000000,86,46,58,68,65,72,,,,,,,,,,,,,,,,,,,,,46,58,68,65,72
K. Rosenberry,25,173,70,74,2000000,70,51,63,68,68,69,,,,,,,,,,,,,,,,,,,,,51,63,68,68,69
E. Pinnock,26,194,70,74,2000000,71,37,55,59,69,77,,,,,,,,,,,,,,,,,,,,,37,55,59,69,77
K. Wagner,22,182,70,74,2000000,76,32,57,66,68,73,,,,,,,,,,,,,,,,,,,,,32,57,66,68,73
C. Traoré,24,174,70,74,2000000,74,46,62,71,67,67,,,,,,,,,,,,,,,,,,,,,46,62,71,67,67
J. Collins,24,183,70,74,2000000,86,36,58,73,64,72,,,,,,,,,,,,,,,,,,,,,36,58,73,64,72
E. Bergström,26,188,70,73,2000000,64,35,46,52,69,77,,,,,,,,,,,,,,,,,,,,,35,46,52,69,77
Eddy Silvestre,26,191,70,73,2000000,68,57,65,71,65,82,,,,,,,,,,,,,,,,,,,,,57,65,71,65,82
D. Adorni,26,183,70,73,2000000,71,40,50,52,71,68,,,,,,,,,,,,,,,,,,,,,40,50,52,71,68
L. Spendlhofer,26,187,70,73,2000000,71,51,58,50,68,79,,,,,,,,,,,,,,,,,,,,,51,58,50,68,79
J. Jeanvier,26,185,70,73,2000000,69,35,49,54,67,76,,,,,,,,,,,,,,,,,,,,,35,49,54,67,76
A. Ateef,26,176,70,73,2000000,44,46,72,65,66,64,,,,,,,,,,,,,,,,,,,,,46,72,65,66,64
V. Huerta,25,185,70,73,2000000,39,23,40,35,71,78,,,,,,,,,,,,,,,,,,,,,23,40,35,71,78
F. Ballas,26,196,70,73,2000000,40,32,47,41,69,76,,,,,,,,,,,,,,,,,,,,,32,47,41,69,76
O. Hüsing,26,193,70,73,2000000,44,32,44,45,69,80,,,,,,,,,,,,,,,,,,,,,32,44,45,69,80
Pol Llonch,26,171,70,73,2000000,78,50,60,64,69,75,,,,,,,,,,,,,,,,,,,,,50,60,64,69,75
D. Khocholava,26,192,70,73,2000000,61,48,49,56,68,76,,,,,,,,,,,,,,,,,,,,,48,49,56,68,76
K. Drygas,27,184,70,71,2000000,61,66,66,66,66,80,,,,,,,,,,,,,,,,,,,,,66,66,66,66,80
L. Ebecilio,27,177,70,71,2000000,77,67,67,73,40,72,,,,,,,,,,,,,,,,,,,,,67,67,73,40,72
F. Haugen,27,182,70,71,2000000,77,68,70,69,60,71,,,,,,,,,,,,,,,,,,,,,68,70,69,60,71
L. Tremolada,27,186,70,71,2000000,73,63,69,71,51,56,,,,,,,,,,,,,,,,,,,,,63,69,71,51,56
N. Foor,27,170,70,71,2000000,78,68,68,74,61,58,,,,,,,,,,,,,,,,,,,,,68,68,74,61,58
C. Battocchio,27,169,70,71,2000000,72,65,68,75,57,59,,,,,,,,,,,,,,,,,,,,,65,68,75,57,59
J. Osorio,27,175,70,71,2000000,63,67,68,73,54,65,,,,,,,,,,,,,,,,,,,,,67,68,73,54,65
I. Rivero,27,166,70,71,2000000,67,53,68,68,65,71,,,,,,,,,,,,,,,,,,,,,53,68,68,65,71
J. Stojanović,27,188,70,71,2000000,57,69,70,67,49,69,,,,,,,,,,,,,,,,,,,,,69,70,67,49,69
J. Bogle,18,178,69,84,2000000,80,43,62,72,66,61,,,,,,,,,,,,,,,,,,,,,43,62,72,66,61
J. Carrascal,21,178,69,82,2000000,70,63,60,76,41,40,,,,,,,,,,,,,,,,,,,,,63,60,76,41,40
I. Niane,20,187,69,82,2000000,83,69,50,69,18,59,,,,,,,,,,,,,,,,,,,,,69,50,69,18,59
J. Macías,19,177,69,82,2000000,72,69,55,67,23,55,,,,,,,,,,,,,,,,,,,,,69,55,67,23,55
S. Kiyine,21,182,69,82,2000000,72,57,65,76,64,59,,,,,,,,,,,,,,,,,,,,,57,65,76,64,59
R. Baku,21,176,69,82,2000000,76,59,66,74,62,64,,,,,,,,,,,,,,,,,,,,,59,66,74,62,64
Dani Gómez,20,177,69,82,2000000,76,67,56,69,40,62,,,,,,,,,,,,,,,,,,,,,67,56,69,40,62
D. Joveljić,19,180,69,82,2000000,73,68,53,71,30,61,,,,,,,,,,,,,,,,,,,,,68,53,71,30,61
E. Nketiah,20,175,68,84,2000000,84,66,51,71,20,60,,,,,,,,,,,,,,,,,,,,,66,51,71,20,60
C. Willock,21,178,68,83,2000000,82,54,57,75,24,52,,,,,,,,,,,,,,,,,,,,,54,57,75,24,52
G. Diangana,21,180,68,82,2000000,80,48,61,75,27,54,,,,,,,,,,,,,,,,,,,,,48,61,75,27,54
Alberto Soro,20,173,68,82,2000000,67,63,65,68,44,58,,,,,,,,,,,,,,,,,,,,,63,65,68,44,58
M. Rodríguez,38,180,74,74,1900000,67,75,75,75,44,66,,,,,,,,,,,,,,,,,,,,,75,75,75,44,66
S. İnan,34,182,73,73,1900000,48,71,77,71,64,62,,,,,,,,,,,,,,,,,,,,,71,77,71,64,62
Mikel Rico,34,179,73,73,1900000,40,65,68,66,72,77,,,,,,,,,,,,,,,,,,,,,65,68,66,72,77
M. Russ,33,190,73,73,1900000,32,47,52,42,74,68,,,,,,,,,,,,,,,,,,,,,47,52,42,74,68
P. Karlsson,33,184,73,73,1900000,70,36,45,49,74,75,,,,,,,,,,,,,,,,,,,,,36,45,49,74,75
R. Bengtsson,33,186,73,73,1900000,42,37,54,55,73,72,,,,,,,,,,,,,,,,,,,,,37,54,55,73,72
Diego Ângelo,33,192,73,73,1900000,34,62,65,50,75,77,,,,,,,,,,,,,,,,,,,,,62,65,50,75,77
Oier,33,178,73,73,1900000,69,63,68,67,70,75,,,,,,,,,,,,,,,,,,,,,63,68,67,70,75
F. Pisacane,33,178,73,73,1900000,64,26,51,62,74,68,,,,,,,,,,,,,,,,,,,,,26,51,62,74,68
N. Asare,32,173,72,72,1900000,71,56,68,71,74,71,,,,,,,,,,,,,,,,,,,,,56,68,71,74,71
K. Reichel,32,185,72,72,1900000,68,68,66,67,71,75,,,,,,,,,,,,,,,,,,,,,68,66,67,71,75
J. Pitroipa,33,176,72,72,1900000,77,63,66,76,37,49,,,,,,,,,,,,,,,,,,,,,63,66,76,37,49
K. Nababkin,32,184,72,72,1900000,76,60,62,60,73,74,,,,,,,,,,,,,,,,,,,,,60,62,60,73,74
M. Suttner,32,179,72,72,1900000,66,58,72,72,70,67,,,,,,,,,,,,,,,,,,,,,58,72,72,70,67
O. Kaya,33,167,72,72,1900000,64,65,74,73,35,56,,,,,,,,,,,,,,,,,,,,,65,74,73,35,56
Choi Chul Soon,32,175,72,72,1900000,74,46,65,67,69,76,,,,,,,,,,,,,,,,,,,,,46,65,67,69,76
M. Heller,33,176,72,72,1900000,93,64,63,73,34,62,,,,,,,,,,,,,,,,,,,,,64,63,73,34,62
Fernandinho Silva,33,171,72,72,1900000,86,69,66,77,44,58,,,,,,,,,,,,,,,,,,,,,69,66,77,44,58
D. Kadah,33,188,72,72,1900000,64,73,69,71,32,75,,,,,,,,,,,,,,,,,,,,,73,69,71,32,75
F. Cacciatore,32,182,72,72,1900000,68,53,60,63,73,74,,,,,,,,,,,,,,,,,,,,,53,60,63,73,74
M. Duffy,33,175,72,72,1900000,66,62,72,74,39,55,,,,,,,,,,,,,,,,,,,,,62,72,74,39,55
C. Trimmel,32,189,72,72,1900000,73,59,67,67,68,79,,,,,,,,,,,,,,,,,,,,,59,67,67,68,79
F. Chafik,32,183,72,72,1900000,67,52,58,69,71,74,,,,,,,,,,,,,,,,,,,,,52,58,69,71,74
J. Ménez,32,183,71,71,1900000,68,69,68,78,35,52,,,,,,,,,,,,,,,,,,,,,69,68,78,35,52
M. Ardemagni,32,185,71,71,1900000,70,67,49,64,22,79,,,,,,,,,,,,,,,,,,,,,67,49,64,22,79
A. Hloušek,30,188,71,71,1900000,74,59,66,67,67,75,,,,,,,,,,,,,,,,,,,,,59,66,67,67,75
A. Gerndt,32,185,71,71,1900000,76,72,70,71,33,70,,,,,,,,,,,,,,,,,,,,,72,70,71,33,70
G. Berardi,30,179,71,71,1900000,70,39,60,64,70,77,,,,,,,,,,,,,,,,,,,,,39,60,64,70,77
O. Alanís,30,183,71,71,1900000,45,50,64,59,72,70,,,,,,,,,,,,,,,,,,,,,50,64,59,72,70
O. Čelůstka,30,186,71,71,1900000,61,53,65,66,69,74,,,,,,,,,,,,,,,,,,,,,53,65,66,69,74
M. Caire,30,178,71,71,1900000,78,48,60,69,67,75,,,,,,,,,,,,,,,,,,,,,48,60,69,67,75
G. Angella,30,189,71,71,1900000,33,37,48,49,75,66,,,,,,,,,,,,,,,,,,,,,37,48,49,75,66
M. van der Werff,30,186,71,71,1900000,55,59,66,56,71,71,,,,,,,,,,,,,,,,,,,,,59,66,56,71,71
Botía,30,189,71,71,1900000,54,50,52,49,70,79,,,,,,,,,,,,,,,,,,,,,50,52,49,70,79
Welinton,30,181,71,71,1900000,58,48,57,48,71,76,,,,,,,,,,,,,,,,,,,,,48,57,48,71,76
Bóveda,30,180,71,71,1900000,73,52,62,67,68,72,,,,,,,,,,,,,,,,,,,,,52,62,67,68,72
M. Coronel,30,180,71,71,1900000,49,42,51,50,70,66,,,,,,,,,,,,,,,,,,,,,42,51,50,70,66
M. Correia,30,186,71,71,1900000,64,38,61,62,69,71,,,,,,,,,,,,,,,,,,,,,38,61,62,69,71
P. Djilobodji,30,193,71,71,1900000,64,46,50,49,69,77,,,,,,,,,,,,,,,,,,,,,46,50,49,69,77
Yun Young Sun,30,185,71,71,1900000,68,35,56,45,67,82,,,,,,,,,,,,,,,,,,,,,35,56,45,67,82
Z. Bergdich,30,178,71,71,1900000,82,51,65,73,67,74,,,,,,,,,,,,,,,,,,,,,51,65,73,67,74
Zhang Linpeng,30,186,71,71,1900000,72,47,61,60,68,82,,,,,,,,,,,,,,,,,,,,,47,61,60,68,82
S. Ben Youssef,30,189,71,71,1900000,60,43,50,49,70,80,,,,,,,,,,,,,,,,,,,,,43,50,49,70,80
E. Valentini,30,182,71,71,1900000,76,59,69,71,65,74,,,,,,,,,,,,,,,,,,,,,59,69,71,65,74
Hélder Lopes,30,179,71,71,1900000,75,58,69,67,69,68,,,,,,,,,,,,,,,,,,,,,58,69,67,69,68
E. Perlaza,30,171,71,71,1900000,75,57,68,63,65,74,,,,,,,,,,,,,,,,,,,,,57,68,63,65,74
P. Velázquez,32,190,71,71,1900000,64,70,51,67,30,78,,,,,,,,,,,,,,,,,,,,,70,51,67,30,78
F. Sbuttoni,30,190,71,71,1900000,46,31,48,44,70,77,,,,,,,,,,,,,,,,,,,,,31,48,44,70,77
Jorge Fellipe,30,195,71,71,1900000,33,28,43,45,70,77,,,,,,,,,,,,,,,,,,,,,28,43,45,70,77
N. Gorosito,30,186,71,71,1900000,62,50,60,53,68,77,,,,,,,,,,,,,,,,,,,,,50,60,53,68,77
D. Dumić,27,193,70,73,1900000,54,45,54,47,69,78,,,,,,,,,,,,,,,,,,,,,45,54,47,69,78
Edu Ramos,27,176,70,73,1900000,66,51,67,63,62,71,,,,,,,,,,,,,,,,,,,,,51,67,63,62,71
Álvaro Lemos,26,175,70,73,1900000,80,58,64,70,66,70,,,,,,,,,,,,,,,,,,,,,58,64,70,66,70
M. Bjørnbak,27,193,70,73,1900000,61,47,57,51,68,80,,,,,,,,,,,,,,,,,,,,,47,57,51,68,80
S. Yago,26,180,70,73,1900000,66,40,62,68,68,77,,,,,,,,,,,,,,,,,,,,,40,62,68,68,77
C. Ascues,27,187,70,73,1900000,64,57,56,63,67,74,,,,,,,,,,,,,,,,,,,,,57,56,63,67,74
L. Pico,27,177,70,73,1900000,60,45,65,65,64,74,,,,,,,,,,,,,,,,,,,,,45,65,65,64,74
Akapo,26,179,70,73,1900000,83,51,62,60,66,76,,,,,,,,,,,,,,,,,,,,,51,62,60,66,76
B. Pittón,26,174,70,73,1900000,74,57,64,60,66,58,,,,,,,,,,,,,,,,,,,,,57,64,60,66,58
S. Breitkreuz,27,189,70,73,1900000,63,56,46,52,68,75,,,,,,,,,,,,,,,,,,,,,56,46,52,68,75
B. Paulsen,27,191,70,72,1900000,62,58,59,58,68,79,,,,,,,,,,,,,,,,,,,,,58,59,58,68,79
V. Ulloa,27,180,70,72,1900000,49,57,64,66,67,72,,,,,,,,,,,,,,,,,,,,,57,64,66,67,72
B. Behrendt,27,187,70,72,1900000,63,53,56,44,69,75,,,,,,,,,,,,,,,,,,,,,53,56,44,69,75
J. Van Rankin,26,178,70,72,1900000,78,39,63,67,67,67,,,,,,,,,,,,,,,,,,,,,39,63,67,67,67
N. Paz,27,191,70,72,1900000,48,41,51,54,71,75,,,,,,,,,,,,,,,,,,,,,41,51,54,71,75
G. Perea,27,179,70,72,1900000,59,28,48,62,67,79,,,,,,,,,,,,,,,,,,,,,28,48,62,67,79
C. Dunkley,27,188,70,72,1900000,59,35,43,51,69,75,,,,,,,,,,,,,,,,,,,,,35,43,51,69,75
R. Strieder,26,174,70,72,1900000,46,41,67,65,66,64,,,,,,,,,,,,,,,,,,,,,41,67,65,66,64
J. Vuković,27,186,70,72,1900000,55,49,64,68,64,73,,,,,,,,,,,,,,,,,,,,,49,64,68,64,73
G. Bruno,27,180,70,70,1900000,70,68,63,71,29,66,,,,,,,,,,,,,,,,,,,,,68,63,71,29,66
T. Oar,27,172,70,70,1900000,77,57,69,70,39,53,,,,,,,,,,,,,,,,,,,,,57,69,70,39,53
Y. Ngbakoto,27,173,70,70,1900000,79,69,65,73,25,63,,,,,,,,,,,,,,,,,,,,,69,65,73,25,63
M. Jacobs,27,175,70,70,1900000,80,67,68,71,48,65,,,,,,,,,,,,,,,,,,,,,67,68,71,48,65
W. Grigg,27,180,70,70,1900000,76,70,48,65,32,70,,,,,,,,,,,,,,,,,,,,,70,48,65,32,70
G. Hairemans,27,183,70,70,1900000,44,64,74,69,47,67,,,,,,,,,,,,,,,,,,,,,64,74,69,47,67
R. Bonevacia,27,171,70,70,1900000,79,64,66,70,58,79,,,,,,,,,,,,,,,,,,,,,64,66,70,58,79
S. Allan,27,179,70,70,1900000,66,65,68,71,47,58,,,,,,,,,,,,,,,,,,,,,65,68,71,47,58
E. Kachunga,27,178,70,70,1900000,77,69,63,72,43,72,,,,,,,,,,,,,,,,,,,,,69,63,72,43,72
A. Gogia,27,178,70,70,1900000,74,69,65,75,28,60,,,,,,,,,,,,,,,,,,,,,69,65,75,28,60
D. Horgan,26,170,70,70,1900000,85,62,64,74,32,61,,,,,,,,,,,,,,,,,,,,,62,64,74,32,61
N. Kebano,27,170,70,70,1900000,80,66,65,74,39,54,,,,,,,,,,,,,,,,,,,,,66,65,74,39,54
P. Iemmello,27,179,70,70,1900000,79,67,58,68,22,65,,,,,,,,,,,,,,,,,,,,,67,58,68,22,65
B. Zolinski,27,181,70,70,1900000,78,68,61,67,61,76,,,,,,,,,,,,,,,,,,,,,68,61,67,61,76
J. Blanco,27,183,70,70,1900000,81,67,63,68,37,68,,,,,,,,,,,,,,,,,,,,,67,63,68,37,68
R. Farfán,27,176,70,70,1900000,91,60,62,71,34,60,,,,,,,,,,,,,,,,,,,,,60,62,71,34,60
M. Barragán,27,179,70,70,1900000,73,67,62,69,33,71,,,,,,,,,,,,,,,,,,,,,67,62,69,33,71
Leandro Pereira,27,190,70,70,1900000,67,68,53,65,32,76,,,,,,,,,,,,,,,,,,,,,68,53,65,32,76
Y. Bammou,27,188,70,70,1900000,66,71,68,70,46,73,,,,,,,,,,,,,,,,,,,,,71,68,70,46,73
M. Gori,26,177,70,70,1900000,60,55,64,70,66,65,,,,,,,,,,,,,,,,,,,,,55,64,70,66,65
P. Rojas,27,167,70,70,1900000,93,61,61,71,28,59,,,,,,,,,,,,,,,,,,,,,61,61,71,28,59
Alam Basteirinho,27,183,70,70,1900000,53,61,71,71,36,50,,,,,,,,,,,,,,,,,,,,,61,71,71,36,50
L. Castro,27,177,70,70,1900000,78,71,58,70,34,62,,,,,,,,,,,,,,,,,,,,,71,58,70,34,62
M. Fouzair,27,168,70,70,1900000,83,59,66,73,26,60,,,,,,,,,,,,,,,,,,,,,59,66,73,26,60
Corpas,27,178,70,70,1900000,83,60,66,70,36,57,,,,,,,,,,,,,,,,,,,,,60,66,70,36,57
J. Dasilva,21,170,69,82,1900000,83,39,59,72,64,60,,,,,,,,,,,,,,,,,,,,,39,59,72,64,60
Y. Valery,20,180,69,82,1900000,71,48,57,65,69,71,,,,,,,,,,,,,,,,,,,,,48,57,65,69,71
S. Singh,20,175,69,81,1900000,71,60,70,71,49,58,,,,,,,,,,,,,,,,,,,,,60,70,71,49,58
V. Dragomir,20,178,69,81,1900000,75,65,68,73,56,60,,,,,,,,,,,,,,,,,,,,,65,68,73,56,60
Nacho Méndez,21,179,69,81,1900000,67,58,70,69,53,66,,,,,,,,,,,,,,,,,,,,,58,70,69,53,66
G. Lódico,21,162,69,81,1900000,76,58,70,74,51,57,,,,,,,,,,,,,,,,,,,,,58,70,74,51,57
Iñigo Vicente,21,178,69,81,1900000,71,62,65,70,40,49,,,,,,,,,,,,,,,,,,,,,62,65,70,40,49
A. Gouiri,19,180,68,86,1900000,72,65,55,69,21,61,,,,,,,,,,,,,,,,,,,,,65,55,69,21,61
M. Pellegrini,19,176,68,85,1900000,79,61,60,72,49,51,,,,,,,,,,,,,,,,,,,,,61,60,72,49,51
A. Kutucu,19,181,68,85,1900000,79,69,55,68,41,67,,,,,,,,,,,,,,,,,,,,,69,55,68,41,67
Abel Ruiz,19,182,68,84,1900000,72,68,53,68,37,65,,,,,,,,,,,,,,,,,,,,,68,53,68,37,65
N. Okafor,19,185,68,84,1900000,80,60,60,73,32,67,,,,,,,,,,,,,,,,,,,,,60,60,73,32,67
R. McCrorie,21,191,68,83,1900000,80,35,55,62,68,79,,,,,,,,,,,,,,,,,,,,,35,55,62,68,79
B. Woodburn,19,174,68,83,1900000,75,62,59,71,23,52,,,,,,,,,,,,,,,,,,,,,62,59,71,23,52
H. Evjen,19,180,68,83,1900000,81,61,60,71,54,56,,,,,,,,,,,,,,,,,,,,,61,60,71,54,56
C. Kouan,19,178,68,82,1900000,67,65,64,71,68,71,,,,,,,,,,,,,,,,,,,,,65,64,71,68,71
K. Michael,19,176,68,82,1900000,75,64,68,74,52,58,,,,,,,,,,,,,,,,,,,,,64,68,74,52,58
G. İnler,35,183,74,74,1800000,41,66,72,69,73,70,,,,,,,,,,,,,,,,,,,,,66,72,69,73,70
Claudiano Sobrino,35,177,74,74,1800000,73,57,74,72,70,75,,,,,,,,,,,,,,,,,,,,,57,74,72,70,75
Elias Fontoira,35,186,74,74,1800000,70,69,74,73,73,71,,,,,,,,,,,,,,,,,,,,,69,74,73,73,71
M. Pinilla,35,187,73,73,1800000,55,74,55,63,32,76,,,,,,,,,,,,,,,,,,,,,74,55,63,32,76
A. Koné,35,182,73,73,1800000,65,74,62,70,37,69,,,,,,,,,,,,,,,,,,,,,74,62,70,37,69
L. Jiménez,35,183,73,73,1800000,64,63,77,73,42,63,,,,,,,,,,,,,,,,,,,,,63,77,73,42,63
G. Pandev,35,184,73,73,1800000,49,73,71,79,37,53,,,,,,,,,,,,,,,,,,,,,73,71,79,37,53
Angulo,35,181,73,73,1800000,79,70,61,71,37,68,,,,,,,,,,,,,,,,,,,,,70,61,71,37,68
C. Fuchs,33,187,73,73,1800000,49,67,76,70,75,68,,,,,,,,,,,,,,,,,,,,,67,76,70,75,68
O. Veigneau,33,176,73,73,1800000,66,44,68,70,75,68,,,,,,,,,,,,,,,,,,,,,44,68,70,75,68
H. Barcos,35,187,73,73,1800000,58,72,66,66,46,74,,,,,,,,,,,,,,,,,,,,,72,66,66,46,74
Evandro Rochedo,35,187,73,73,1800000,57,75,60,70,36,67,,,,,,,,,,,,,,,,,,,,,75,60,70,36,67
Pietrson Mendes,35,173,73,73,1800000,82,69,73,74,43,53,,,,,,,,,,,,,,,,,,,,,69,73,74,43,53
Gus Outomouro,35,175,73,73,1800000,74,72,68,73,28,62,,,,,,,,,,,,,,,,,,,,,72,68,73,28,62
L. Immers,33,187,72,72,1800000,38,72,68,64,66,81,,,,,,,,,,,,,,,,,,,,,72,68,64,66,81
A. Song,31,185,71,71,1800000,64,55,66,68,70,67,,,,,,,,,,,,,,,,,,,,,55,66,68,70,67
M. Madl,31,182,71,71,1800000,53,51,61,57,71,80,,,,,,,,,,,,,,,,,,,,,51,61,57,71,80
D. Dessena,32,183,71,71,1800000,63,67,69,68,70,74,,,,,,,,,,,,,,,,,,,,,67,69,68,70,74
J. Domínguez,31,175,71,71,1800000,66,41,58,60,70,73,,,,,,,,,,,,,,,,,,,,,41,58,60,70,73
William,32,175,71,71,1800000,73,70,67,70,64,77,,,,,,,,,,,,,,,,,,,,,70,67,70,64,77
T. Elphick,31,187,71,71,1800000,38,37,51,55,70,70,,,,,,,,,,,,,,,,,,,,,37,51,55,70,70
C. Yacob,31,181,71,71,1800000,39,57,60,63,71,72,,,,,,,,,,,,,,,,,,,,,57,60,63,71,72
J. Faussurier,32,173,71,71,1800000,67,59,72,66,63,73,,,,,,,,,,,,,,,,,,,,,59,72,66,63,73
M. Morrison,31,183,71,71,1800000,50,36,47,42,70,76,,,,,,,,,,,,,,,,,,,,,36,47,42,70,76
Park Joo Ho,32,175,71,71,1800000,70,46,71,73,69,66,,,,,,,,,,,,,,,,,,,,,46,71,73,69,66
Osmar,31,192,71,71,1800000,54,57,65,51,69,87,,,,,,,,,,,,,,,,,,,,,57,65,51,69,87
Edgar Costa,32,177,71,71,1800000,74,72,68,72,38,70,,,,,,,,,,,,,,,,,,,,,72,68,72,38,70
M. Torsiglieri,31,190,71,71,1800000,48,38,56,49,68,81,,,,,,,,,,,,,,,,,,,,,38,56,49,68,81
M. Yumlu,31,191,71,71,1800000,36,37,45,47,70,78,,,,,,,,,,,,,,,,,,,,,37,45,47,70,78
A. Farías,31,178,71,71,1800000,53,52,60,61,69,77,,,,,,,,,,,,,,,,,,,,,52,60,61,69,77
Alex das Freitas,31,172,71,71,1800000,66,55,59,65,72,70,,,,,,,,,,,,,,,,,,,,,55,59,65,72,70
Allison Sireo,31,194,71,71,1800000,75,35,42,40,72,71,,,,,,,,,,,,,,,,,,,,,35,42,40,72,71
Miltisco Paulino,31,180,71,71,1800000,61,46,56,55,70,72,,,,,,,,,,,,,,,,,,,,,46,56,55,70,72
Saberto Botelho,31,182,71,71,1800000,67,51,54,57,72,82,,,,,,,,,,,,,,,,,,,,,51,54,57,72,82
R. Windbichler,28,183,70,72,1800000,67,34,54,52,67,76,,,,,,,,,,,,,,,,,,,,,34,54,52,67,76
E. Saveljich,28,187,70,72,1800000,48,32,45,44,70,76,,,,,,,,,,,,,,,,,,,,,32,45,44,70,76
F. Kroos,28,184,70,71,1800000,60,63,66,69,66,70,,,,,,,,,,,,,,,,,,,,,63,66,69,66,70
N. Uysal,28,180,70,71,1800000,70,56,62,66,70,75,,,,,,,,,,,,,,,,,,,,,56,62,66,70,75
A. Turan,27,176,70,71,1800000,76,58,68,68,64,71,,,,,,,,,,,,,,,,,,,,,58,68,68,64,71
S. Morsy,27,173,70,71,1800000,66,56,63,70,64,77,,,,,,,,,,,,,,,,,,,,,56,63,70,64,77
G. Hanley,27,187,70,71,1800000,51,34,47,43,71,71,,,,,,,,,,,,,,,,,,,,,34,47,43,71,71
D. Appiah,27,179,70,71,1800000,77,40,58,62,69,74,,,,,,,,,,,,,,,,,,,,,40,58,62,69,74
L. Lacroix,27,197,70,71,1800000,34,45,59,52,70,78,,,,,,,,,,,,,,,,,,,,,45,59,52,70,78
C. Jenkinson,27,185,70,71,1800000,68,50,65,67,69,67,,,,,,,,,,,,,,,,,,,,,50,65,67,69,67
B. Martella,26,184,70,71,1800000,78,57,70,67,62,71,,,,,,,,,,,,,,,,,,,,,57,70,67,62,71
Y. Sylla,28,184,70,71,1800000,70,53,62,62,66,85,,,,,,,,,,,,,,,,,,,,,53,62,62,66,85
S. Bradley,27,196,70,71,1800000,56,31,47,51,68,76,,,,,,,,,,,,,,,,,,,,,31,47,51,68,76
Y. Stark,28,185,70,71,1800000,70,64,66,65,68,78,,,,,,,,,,,,,,,,,,,,,64,66,65,68,78
L. Sadiku,27,185,70,71,1800000,49,57,60,61,69,66,,,,,,,,,,,,,,,,,,,,,57,60,61,69,66
H. Quiñones,27,178,70,71,1800000,71,60,61,71,65,68,,,,,,,,,,,,,,,,,,,,,60,61,71,65,68
A. Farrell,27,180,70,71,1800000,76,48,60,66,68,78,,,,,,,,,,,,,,,,,,,,,48,60,66,68,78
S. O'Donnell,27,183,70,71,1800000,72,53,64,70,65,82,,,,,,,,,,,,,,,,,,,,,53,64,70,65,82
M. Navarrete,27,177,70,71,1800000,61,41,50,54,70,75,,,,,,,,,,,,,,,,,,,,,41,50,54,70,75
A. Hughes,27,190,70,71,1800000,72,36,57,59,70,76,,,,,,,,,,,,,,,,,,,,,36,57,59,70,76
Fabrício Baiano,27,177,70,71,1800000,64,54,57,65,68,76,,,,,,,,,,,,,,,,,,,,,54,57,65,68,76
V. Mogoș,26,186,70,71,1800000,84,56,61,67,65,79,,,,,,,,,,,,,,,,,,,,,56,61,67,65,79
C. Traoré,27,180,70,71,1800000,75,35,54,66,71,75,,,,,,,,,,,,,,,,,,,,,35,54,66,71,75
S. Kurumaya,27,178,70,71,1800000,79,57,62,67,64,70,,,,,,,,,,,,,,,,,,,,,57,62,67,64,70
R. Benzar,27,180,70,71,1800000,75,52,66,62,68,69,,,,,,,,,,,,,,,,,,,,,52,66,62,68,69
C. Mandouki,27,180,70,71,1800000,61,54,67,69,66,72,,,,,,,,,,,,,,,,,,,,,54,67,69,66,72
F. Torrent,27,179,70,71,1800000,84,45,60,71,62,75,,,,,,,,,,,,,,,,,,,,,45,60,71,62,75
A. Ríos,29,179,70,70,1800000,78,68,64,72,32,71,,,,,,,,,,,,,,,,,,,,,68,64,72,32,71
K. Sigþórsson,29,187,70,70,1800000,57,70,57,61,39,67,,,,,,,,,,,,,,,,,,,,,70,57,61,39,67
H. Lansbury,28,183,70,70,1800000,58,68,70,68,59,70,,,,,,,,,,,,,,,,,,,,,68,70,68,59,70
A. Konradsen,28,183,70,70,1800000,66,66,67,66,67,79,,,,,,,,,,,,,,,,,,,,,66,67,66,67,79
S. Privat,29,187,70,70,1800000,62,69,55,63,30,66,,,,,,,,,,,,,,,,,,,,,69,55,63,30,66
Z. Sadaev,29,182,70,70,1800000,74,69,55,73,31,73,,,,,,,,,,,,,,,,,,,,,69,55,73,31,73
L. Taylor,29,188,70,70,1800000,82,67,55,70,37,69,,,,,,,,,,,,,,,,,,,,,67,55,70,37,69
D. Hoesen,28,185,70,70,1800000,73,70,57,70,35,67,,,,,,,,,,,,,,,,,,,,,70,57,70,35,67
Y. El Ghanassy,28,173,70,70,1800000,72,65,67,77,31,54,,,,,,,,,,,,,,,,,,,,,65,67,77,31,54
F. Zuculini,28,176,70,70,1800000,68,56,68,71,65,68,,,,,,,,,,,,,,,,,,,,,56,68,71,65,68
M. Terrazzino,28,177,70,70,1800000,65,58,69,74,34,59,,,,,,,,,,,,,,,,,,,,,58,69,74,34,59
M. Pourié,28,185,70,70,1800000,79,68,56,64,23,78,,,,,,,,,,,,,,,,,,,,,68,56,64,23,78
Rhayner,28,172,70,70,1800000,92,62,60,76,40,70,,,,,,,,,,,,,,,,,,,,,62,60,76,40,70
G. Gardner,27,186,70,70,1800000,54,67,69,65,65,73,,,,,,,,,,,,,,,,,,,,,67,69,65,65,73
N. Colazo,28,175,70,70,1800000,81,64,68,70,60,68,,,,,,,,,,,,,,,,,,,,,64,68,70,60,68
I. Sylla,28,185,70,70,1800000,68,67,57,67,28,68,,,,,,,,,,,,,,,,,,,,,67,57,67,28,68
P. Škuletić,29,192,70,70,1800000,65,73,48,55,32,75,,,,,,,,,,,,,,,,,,,,,73,48,55,32,75
A. Stevanović,28,180,70,70,1800000,86,62,65,72,46,70,,,,,,,,,,,,,,,,,,,,,62,65,72,46,70
P. Testroet,28,186,70,70,1800000,70,70,56,65,38,75,,,,,,,,,,,,,,,,,,,,,70,56,65,38,75
R. Maiello,27,177,70,70,1800000,70,59,67,72,55,65,,,,,,,,,,,,,,,,,,,,,59,67,72,55,65
J. Corona,28,178,70,70,1800000,70,65,69,71,65,65,,,,,,,,,,,,,,,,,,,,,65,69,71,65,65
L. Traoré,29,203,70,70,1800000,48,71,51,63,37,71,,,,,,,,,,,,,,,,,,,,,71,51,63,37,71
A. Sepúlveda,28,180,70,70,1800000,78,66,66,68,39,69,,,,,,,,,,,,,,,,,,,,,66,66,68,39,69
F. Jozefzoon,28,175,70,70,1800000,91,60,61,73,34,59,,,,,,,,,,,,,,,,,,,,,60,61,73,34,59
M. Quiroga,29,191,70,70,1800000,64,66,49,66,29,76,,,,,,,,,,,,,,,,,,,,,66,49,66,29,76
A. La Mantia,28,190,70,70,1800000,54,67,35,62,30,80,,,,,,,,,,,,,,,,,,,,,67,35,62,30,80
Álvaro Vázquez,28,182,70,70,1800000,73,71,60,68,41,70,,,,,,,,,,,,,,,,,,,,,71,60,68,41,70
N. Wells,29,170,70,70,1800000,78,68,63,71,46,63,,,,,,,,,,,,,,,,,,,,,68,63,71,46,63
M. Falzerano,28,167,70,70,1800000,88,64,66,76,58,63,,,,,,,,,,,,,,,,,,,,,64,66,76,58,63
S. Diallo,28,182,70,70,1800000,74,70,68,70,49,69,,,,,,,,,,,,,,,,,,,,,70,68,70,49,69
E. Gyasi,28,185,70,70,1800000,90,66,62,69,37,66,,,,,,,,,,,,,,,,,,,,,66,62,69,37,66
M. Stevanović,28,180,70,70,1800000,79,60,68,70,38,61,,,,,,,,,,,,,,,,,,,,,60,68,70,38,61
Felipe,28,171,70,70,1800000,56,65,71,69,61,71,,,,,,,,,,,,,,,,,,,,,65,71,69,61,71
F. Starzyński,28,184,70,70,1800000,39,65,74,72,48,61,,,,,,,,,,,,,,,,,,,,,65,74,72,48,61
D. Blum,28,183,70,70,1800000,84,71,61,74,29,64,,,,,,,,,,,,,,,,,,,,,71,61,74,29,64
Jung Seok Hwa,28,171,70,70,1800000,75,65,67,73,51,59,,,,,,,,,,,,,,,,,,,,,65,67,73,51,59
Jeong Jae Yong,28,188,70,70,1800000,51,60,65,62,63,80,,,,,,,,,,,,,,,,,,,,,60,65,62,63,80
S. Ubilla,28,172,70,70,1800000,91,67,60,73,36,60,,,,,,,,,,,,,,,,,,,,,67,60,73,36,60
R. Fernández,28,184,70,70,1800000,67,71,63,68,25,68,,,,,,,,,,,,,,,,,,,,,71,63,68,25,68
J. Caicedo,29,187,70,70,1800000,67,67,56,62,33,70,,,,,,,,,,,,,,,,,,,,,67,56,62,33,70
F. Adi,28,193,70,70,1800000,66,64,42,67,27,79,,,,,,,,,,,,,,,,,,,,,64,42,67,27,79
Y. Cabrera,28,168,70,70,1800000,76,64,68,72,50,45,,,,,,,,,,,,,,,,,,,,,64,68,72,50,45
H. Yamaguchi,28,173,70,70,1800000,75,51,65,71,65,72,,,,,,,,,,,,,,,,,,,,,51,65,71,65,72
Y. Kakitani,29,177,70,70,1800000,83,67,61,71,25,61,,,,,,,,,,,,,,,,,,,,,67,61,71,25,61
C. Penilla,28,174,70,70,1800000,79,66,64,71,28,62,,,,,,,,,,,,,,,,,,,,,66,64,71,28,62
Zé Manuel,28,178,70,70,1800000,77,70,66,70,32,62,,,,,,,,,,,,,,,,,,,,,70,66,70,32,62
Ricardo Lopes,28,183,70,70,1800000,74,73,66,70,38,70,,,,,,,,,,,,,,,,,,,,,73,66,70,38,70
C. Ramirez,28,188,70,70,1800000,62,69,50,68,30,74,,,,,,,,,,,,,,,,,,,,,69,50,68,30,74
D. Orgill,29,183,70,70,1800000,84,64,43,66,36,72,,,,,,,,,,,,,,,,,,,,,64,43,66,36,72
D. Keita-Ruel,29,185,70,70,1800000,77,70,49,63,35,84,,,,,,,,,,,,,,,,,,,,,70,49,63,35,84
F. Bradarić,27,185,70,70,1800000,61,53,69,66,68,65,,,,,,,,,,,,,,,,,,,,,53,69,66,68,65
D. Valdés,28,178,70,70,1800000,78,67,45,67,29,67,,,,,,,,,,,,,,,,,,,,,67,45,67,29,67
D. Bradarić,19,178,69,82,1800000,77,47,63,71,63,61,,,,,,,,,,,,,,,,,,,,,47,63,71,63,61
C. Connolly,21,183,69,81,1800000,60,61,65,67,69,64,,,,,,,,,,,,,,,,,,,,,61,65,67,69,64
M. Smith,19,177,69,81,1800000,74,53,65,71,58,73,,,,,,,,,,,,,,,,,,,,,53,65,71,58,73
Z. Youssouf,19,182,69,81,1800000,71,57,69,73,55,69,,,,,,,,,,,,,,,,,,,,,57,69,73,55,69
J. Onomah,22,185,69,80,1800000,72,59,65,72,55,63,,,,,,,,,,,,,,,,,,,,,59,65,72,55,63
Pedro Pereira,21,185,69,80,1800000,72,39,65,72,68,61,,,,,,,,,,,,,,,,,,,,,39,65,72,68,61
L. Sinisterra,20,172,69,80,1800000,82,60,62,73,38,58,,,,,,,,,,,,,,,,,,,,,60,62,73,38,58
F. Cassata,21,183,69,80,1800000,65,48,68,71,54,59,,,,,,,,,,,,,,,,,,,,,48,68,71,54,59
M. Aebischer,22,185,69,80,1800000,69,62,68,69,61,66,,,,,,,,,,,,,,,,,,,,,62,68,69,61,66
F. Coman,21,182,69,80,1800000,80,66,61,74,28,61,,,,,,,,,,,,,,,,,,,,,66,61,74,28,61
F. Muslija,20,172,69,80,1800000,78,55,63,77,30,50,,,,,,,,,,,,,,,,,,,,,55,63,77,30,50
Y. Fofana,20,176,69,80,1800000,75,61,63,70,65,70,,,,,,,,,,,,,,,,,,,,,61,63,70,65,70
A. Gomes,18,169,68,86,1800000,73,62,66,71,39,42,,,,,,,,,,,,,,,,,,,,,62,66,71,39,42
M. Ihattaren,17,183,68,86,1800000,72,55,66,73,41,53,,,,,,,,,,,,,,,,,,,,,55,66,73,41,53
Sergio Gómez,18,171,68,85,1800000,70,63,68,74,42,41,,,,,,,,,,,,,,,,,,,,,63,68,74,42,41
Montero,20,185,68,85,1800000,60,30,50,58,67,68,,,,,,,,,,,,,,,,,,,,,30,50,58,67,68
Fábio Silva,16,185,68,85,1800000,74,67,45,72,22,64,,,,,,,,,,,,,,,,,,,,,67,45,72,22,64
L. Kelly,20,191,68,84,1800000,77,35,58,67,65,71,,,,,,,,,,,,,,,,,,,,,35,58,67,65,71
Diogo Queirós,20,185,68,84,1800000,64,28,40,57,66,63,,,,,,,,,,,,,,,,,,,,,28,40,57,66,63
M. Salisu,20,191,68,83,1800000,67,35,47,52,66,76,,,,,,,,,,,,,,,,,,,,,35,47,52,66,76
A. Barreal,18,172,68,83,1800000,86,64,56,74,31,47,,,,,,,,,,,,,,,,,,,,,64,56,74,31,47
Gabriel Martinelli,18,180,68,83,1800000,85,62,59,72,25,55,,,,,,,,,,,,,,,,,,,,,62,59,72,25,55
S. Birindelli,19,175,68,82,1800000,81,49,60,71,65,63,,,,,,,,,,,,,,,,,,,,,49,60,71,65,63
S. Nsoki,20,185,68,82,1800000,70,37,59,64,69,71,,,,,,,,,,,,,,,,,,,,,37,59,64,69,71
F. Ortega,20,177,68,82,1800000,84,57,61,74,61,71,,,,,,,,,,,,,,,,,,,,,57,61,74,61,71
S. Walukiewicz,19,188,68,82,1800000,59,38,46,51,68,72,,,,,,,,,,,,,,,,,,,,,38,46,51,68,72
N. Opoku,21,190,68,82,1800000,68,37,43,48,68,69,,,,,,,,,,,,,,,,,,,,,37,43,48,68,69
S. Markovic,19,185,68,82,1800000,64,44,48,53,68,68,,,,,,,,,,,,,,,,,,,,,44,48,53,68,68
A. Hutchinson,36,187,76,76,1700000,65,64,73,71,75,75,,,,,,,,,,,,,,,,,,,,,64,73,71,75,75
L. Ponzio,37,174,76,76,1700000,44,59,70,68,77,72,,,,,,,,,,,,,,,,,,,,,59,70,68,77,72
R. Hubník,35,193,74,74,1700000,64,53,60,56,71,76,,,,,,,,,,,,,,,,,,,,,53,60,56,71,76
Kel Perinho,35,192,74,74,1700000,54,45,66,59,74,74,,,,,,,,,,,,,,,,,,,,,45,66,59,74,74
Duirval Diniz,35,187,74,74,1700000,54,47,55,49,75,74,,,,,,,,,,,,,,,,,,,,,47,55,49,75,74
J. Torres Nilo,31,180,71,71,1700000,73,46,61,65,69,83,,,,,,,,,,,,,,,,,,,,,46,61,65,69,83
B. Capon,31,181,71,71,1700000,72,66,67,68,68,71,,,,,,,,,,,,,,,,,,,,,66,67,68,68,71
Antoñito,31,174,71,71,1700000,81,61,63,70,64,69,,,,,,,,,,,,,,,,,,,,,61,63,70,64,69
G. Friend,31,188,71,71,1700000,65,55,61,69,72,74,,,,,,,,,,,,,,,,,,,,,55,61,69,72,74
Z. Erdal,31,182,71,71,1700000,69,51,60,62,70,74,,,,,,,,,,,,,,,,,,,,,51,60,62,70,74
Wagner Orsinho,31,176,71,71,1700000,80,57,68,63,68,63,,,,,,,,,,,,,,,,,,,,,57,68,63,68,63
Luisinho Conradi,31,174,71,71,1700000,72,56,66,75,68,70,,,,,,,,,,,,,,,,,,,,,56,66,75,68,70
Roderick Miranda,28,192,70,71,1700000,42,44,52,51,69,77,,,,,,,,,,,,,,,,,,,,,44,52,51,69,77
R. Kelić,28,192,70,71,1700000,56,34,51,51,67,83,,,,,,,,,,,,,,,,,,,,,34,51,51,67,83
J. Mensah,28,188,70,71,1700000,64,46,54,51,67,76,,,,,,,,,,,,,,,,,,,,,46,54,51,67,76
H. Mier,29,182,70,71,1700000,61,43,57,58,69,70,,,,,,,,,,,,,,,,,,,,,43,57,58,69,70
Kim Young Gwon,29,185,70,71,1700000,72,54,67,64,69,75,,,,,,,,,,,,,,,,,,,,,54,67,64,69,75
J. Quiñones,29,195,70,71,1700000,30,35,41,40,71,79,,,,,,,,,,,,,,,,,,,,,35,41,40,71,79
F. Fontanini,29,181,70,71,1700000,40,41,47,51,70,77,,,,,,,,,,,,,,,,,,,,,41,47,51,70,77
M. López,28,190,70,71,1700000,61,42,53,57,69,69,,,,,,,,,,,,,,,,,,,,,42,53,57,69,69
S. Birnbaum,28,185,70,71,1700000,40,31,44,51,67,80,,,,,,,,,,,,,,,,,,,,,31,44,51,67,80
F. Pereyra,29,186,70,71,1700000,65,34,45,51,68,78,,,,,,,,,,,,,,,,,,,,,34,45,51,68,78
Hugo Vieira,30,178,70,70,1700000,86,66,62,72,28,64,,,,,,,,,,,,,,,,,,,,,66,62,72,28,64
N. Viola,29,180,70,70,1700000,65,61,73,67,58,72,,,,,,,,,,,,,,,,,,,,,61,73,67,58,72
H. Kage,29,177,70,70,1700000,77,65,64,76,48,69,,,,,,,,,,,,,,,,,,,,,65,64,76,48,69
I. Aissati,30,174,70,70,1700000,68,61,68,71,39,55,,,,,,,,,,,,,,,,,,,,,61,68,71,39,55
K. Németh,30,180,70,70,1700000,71,70,63,69,36,63,,,,,,,,,,,,,,,,,,,,,70,63,69,36,63
P. Helland,29,186,70,70,1700000,74,70,68,71,46,65,,,,,,,,,,,,,,,,,,,,,70,68,71,46,65
Y. Mollo,29,176,70,70,1700000,76,69,67,75,34,69,,,,,,,,,,,,,,,,,,,,,69,67,75,34,69
M. Mustacchio,30,180,70,70,1700000,90,63,61,72,41,63,,,,,,,,,,,,,,,,,,,,,63,61,72,41,63
M. Larrondo,30,191,70,70,1700000,48,68,62,68,33,65,,,,,,,,,,,,,,,,,,,,,68,62,68,33,65
S. Hain,30,178,70,70,1700000,75,67,54,72,25,65,,,,,,,,,,,,,,,,,,,,,67,54,72,25,65
M. Pektemek,30,182,70,70,1700000,73,70,65,71,53,71,,,,,,,,,,,,,,,,,,,,,70,65,71,53,71
D. Fettouhi,29,185,70,70,1700000,68,63,70,76,45,63,,,,,,,,,,,,,,,,,,,,,63,70,76,45,63
Fidel,29,180,70,70,1700000,75,68,65,73,34,62,,,,,,,,,,,,,,,,,,,,,68,65,73,34,62
A. Esswein,29,182,70,70,1700000,77,69,63,70,58,74,,,,,,,,,,,,,,,,,,,,,69,63,70,58,74
M. Schäffler,30,189,70,70,1700000,70,70,49,62,30,80,,,,,,,,,,,,,,,,,,,,,70,49,62,30,80
M. El Kabir,30,174,70,70,1700000,73,69,62,70,29,70,,,,,,,,,,,,,,,,,,,,,69,62,70,29,70
J. Isijara,29,180,70,70,1700000,73,63,66,71,43,65,,,,,,,,,,,,,,,,,,,,,63,66,71,43,65
A. Ajdarević,29,190,70,70,1700000,62,66,74,70,50,66,,,,,,,,,,,,,,,,,,,,,66,74,70,50,66
A. Baby,30,183,70,70,1700000,78,67,63,69,55,75,,,,,,,,,,,,,,,,,,,,,67,63,69,55,75
L. Mendoza,29,172,70,70,1700000,84,62,63,72,41,69,,,,,,,,,,,,,,,,,,,,,62,63,72,41,69
Aridai,30,172,70,70,1700000,79,69,59,77,26,58,,,,,,,,,,,,,,,,,,,,,69,59,77,26,58
B. Rienstra,29,182,70,70,1700000,66,66,65,68,66,72,,,,,,,,,,,,,,,,,,,,,66,65,68,66,72
E. Asante,30,171,70,70,1700000,93,61,61,69,43,59,,,,,,,,,,,,,,,,,,,,,61,61,69,43,59
F. Raspentino,30,179,70,70,1700000,74,68,65,69,20,59,,,,,,,,,,,,,,,,,,,,,68,65,69,20,59
S. Lundevall,30,178,70,70,1700000,75,66,65,73,39,58,,,,,,,,,,,,,,,,,,,,,66,65,73,39,58
Shim Dong Woon,29,167,70,70,1700000,86,60,61,72,42,64,,,,,,,,,,,,,,,,,,,,,60,61,72,42,64
Y. Al Shehri,29,165,70,70,1700000,69,64,70,72,34,55,,,,,,,,,,,,,,,,,,,,,64,70,72,34,55
S. Muwashar,30,176,70,70,1700000,90,65,63,73,30,70,,,,,,,,,,,,,,,,,,,,,65,63,73,30,70
A. Andrade,30,177,70,70,1700000,77,67,67,72,46,59,,,,,,,,,,,,,,,,,,,,,67,67,72,46,59
M. Saito,29,169,70,70,1700000,81,65,64,75,22,52,,,,,,,,,,,,,,,,,,,,,65,64,75,22,52
M. Riquelme,30,179,70,70,1700000,82,68,49,65,24,69,,,,,,,,,,,,,,,,,,,,,68,49,65,24,69
J. Berthomier,29,177,70,70,1700000,70,68,73,68,51,70,,,,,,,,,,,,,,,,,,,,,68,73,68,51,70
P. Bartolomei,29,183,70,70,1700000,77,65,69,70,60,69,,,,,,,,,,,,,,,,,,,,,65,69,70,60,69
M. Castagnetti,29,180,70,70,1700000,65,68,68,68,69,78,,,,,,,,,,,,,,,,,,,,,68,68,68,69,78
E. Tercero,23,182,70,70,1700000,74,36,53,61,69,70,,,,,,,,,,,,,,,,,,,,,36,53,61,69,70
C. Golofca,29,168,70,70,1700000,80,64,64,75,25,63,,,,,,,,,,,,,,,,,,,,,64,64,75,25,63
C. Carter-Vickers,21,183,69,81,1700000,63,23,51,51,68,69,,,,,,,,,,,,,,,,,,,,,23,51,51,68,69
A. Rinomhota,22,179,69,81,1700000,80,51,61,73,69,73,,,,,,,,,,,,,,,,,,,,,51,61,73,69,73
S. Hefti,21,182,69,81,1700000,72,41,54,57,69,76,,,,,,,,,,,,,,,,,,,,,41,54,57,69,76
C. Martins,22,187,69,81,1700000,53,53,62,63,67,74,,,,,,,,,,,,,,,,,,,,,53,62,63,67,74
M. Melluso,21,170,69,81,1700000,73,44,61,69,66,61,,,,,,,,,,,,,,,,,,,,,44,61,69,66,61
Javi Sánchez,22,189,69,81,1700000,58,32,46,45,68,73,,,,,,,,,,,,,,,,,,,,,32,46,45,68,73
H. Moukoudi,21,191,69,80,1700000,57,30,39,45,69,79,,,,,,,,,,,,,,,,,,,,,30,39,45,69,79
J. Fuchs,21,174,69,80,1700000,80,46,58,67,66,68,,,,,,,,,,,,,,,,,,,,,46,58,67,66,68
J. Hoogma,21,190,69,80,1700000,64,29,51,56,69,71,,,,,,,,,,,,,,,,,,,,,29,51,56,69,71
R. Le Normand,22,187,69,80,1700000,49,25,45,39,69,67,,,,,,,,,,,,,,,,,,,,,25,45,39,69,67
I. Diallo,20,179,69,80,1700000,71,51,62,65,67,66,,,,,,,,,,,,,,,,,,,,,51,62,65,67,66
A. Armstrong,22,172,69,79,1700000,86,68,60,72,33,65,,,,,,,,,,,,,,,,,,,,,68,60,72,33,65
Y. Leiva,21,166,69,79,1700000,78,62,63,70,48,60,,,,,,,,,,,,,,,,,,,,,62,63,70,48,60
J. Serra,21,193,69,79,1700000,59,69,46,58,37,74,,,,,,,,,,,,,,,,,,,,,69,46,58,37,74
C. Timite,21,177,69,79,1700000,75,64,55,70,35,63,,,,,,,,,,,,,,,,,,,,,64,55,70,35,63
A. Campbell,20,175,69,79,1700000,71,52,62,66,71,75,,,,,,,,,,,,,,,,,,,,,52,62,66,71,75
Lincoln,20,178,69,79,1700000,81,58,64,74,30,54,,,,,,,,,,,,,,,,,,,,,58,64,74,30,54
E. Ndoj,22,187,69,79,1700000,76,58,67,70,65,67,,,,,,,,,,,,,,,,,,,,,58,67,70,65,67
M. Edwards,20,167,69,79,1700000,75,52,62,81,34,44,,,,,,,,,,,,,,,,,,,,,52,62,81,34,44
Alex Pozo,20,173,69,79,1700000,76,68,64,74,26,42,,,,,,,,,,,,,,,,,,,,,68,64,74,26,42
C. Ejuke,21,176,69,79,1700000,88,61,56,74,37,59,,,,,,,,,,,,,,,,,,,,,61,56,74,37,59
A. Bassi,21,173,69,79,1700000,69,63,68,70,47,59,,,,,,,,,,,,,,,,,,,,,63,68,70,47,59
Ander Guevara,21,180,69,79,1700000,51,61,68,69,58,54,,,,,,,,,,,,,,,,,,,,,61,68,69,58,54
T. Chancalay,20,179,69,79,1700000,80,63,63,74,37,61,,,,,,,,,,,,,,,,,,,,,63,63,74,37,61
H. Boussefiane,21,176,69,79,1700000,86,60,59,74,32,46,,,,,,,,,,,,,,,,,,,,,60,59,74,32,46
D. Oberlin,21,181,69,78,1700000,90,66,60,73,42,65,,,,,,,,,,,,,,,,,,,,,66,60,73,42,65
A. Vega,21,173,69,78,1700000,76,68,55,71,31,68,,,,,,,,,,,,,,,,,,,,,68,55,71,31,68
I. Cardona,21,185,69,78,1700000,72,69,64,70,24,61,,,,,,,,,,,,,,,,,,,,,69,64,70,24,61
J. Wind,20,190,69,78,1700000,67,65,54,66,30,74,,,,,,,,,,,,,,,,,,,,,65,54,66,30,74
B. Badiashile,18,192,68,85,1700000,54,30,49,49,66,71,,,,,,,,,,,,,,,,,,,,,30,49,49,66,71
N. Dalmonte,21,169,68,81,1700000,74,65,62,71,48,56,,,,,,,,,,,,,,,,,,,,,65,62,71,48,56
B. Brereton,20,185,68,81,1700000,85,66,58,69,42,67,,,,,,,,,,,,,,,,,,,,,66,58,69,42,67
M. Johnston,20,176,68,81,1700000,87,61,59,74,28,42,,,,,,,,,,,,,,,,,,,,,61,59,74,28,42
E. Zhegrova,20,181,68,81,1700000,79,58,59,75,25,41,,,,,,,,,,,,,,,,,,,,,58,59,75,25,41
L. Candellone,21,186,68,81,1700000,67,67,59,62,30,74,,,,,,,,,,,,,,,,,,,,,67,59,62,30,74
F. Moyano,21,171,68,81,1700000,68,52,66,68,64,69,,,,,,,,,,,,,,,,,,,,,52,66,68,64,69
Valery,19,182,68,81,1700000,83,55,62,70,62,59,,,,,,,,,,,,,,,,,,,,,55,62,70,62,59
L. Nmecha,20,185,67,83,1700000,79,63,50,66,28,69,,,,,,,,,,,,,,,,,,,,,63,50,66,28,69
David Tavares,20,181,67,83,1700000,74,56,60,70,59,78,,,,,,,,,,,,,,,,,,,,,56,60,70,59,78
Carles Pérez,21,172,67,82,1700000,79,71,61,70,36,51,,,,,,,,,,,,,,,,,,,,,71,61,70,36,51
G. Maggiore,21,184,67,81,1700000,61,53,61,64,61,67,,,,,,,,,,,,,,,,,,,,,53,61,64,61,67
N. Bajrami,20,179,67,81,1700000,74,60,67,67,57,64,,,,,,,,,,,,,,,,,,,,,60,67,67,57,64
P. Jagielka,36,180,76,76,1600000,46,44,57,52,77,65,,,,,,,,,,,,,,,,,,,,,44,57,52,77,65
D. Limberský,35,180,74,74,1600000,75,63,70,71,73,77,,,,,,,,,,,,,,,,,,,,,63,70,71,73,77
João Pereira,35,172,74,74,1600000,71,61,71,74,74,64,,,,,,,,,,,,,,,,,,,,,61,71,74,74,64
G. Pazzini,34,180,72,72,1600000,56,68,56,69,34,65,,,,,,,,,,,,,,,,,,,,,68,56,69,34,65
Suso Santana,34,172,72,72,1600000,86,62,63,76,54,78,,,,,,,,,,,,,,,,,,,,,62,63,76,54,78
L. Barrios,34,188,72,72,1600000,56,73,62,66,42,71,,,,,,,,,,,,,,,,,,,,,73,62,66,42,71
Flavio Paixão,34,184,72,72,1600000,73,70,66,72,34,71,,,,,,,,,,,,,,,,,,,,,70,66,72,34,71
S. Sáez,34,176,72,72,1600000,69,71,49,70,25,70,,,,,,,,,,,,,,,,,,,,,71,49,70,25,70
G. Dicker,32,183,71,71,1600000,55,46,64,61,70,79,,,,,,,,,,,,,,,,,,,,,46,64,61,70,79
R. Faty,32,192,71,71,1600000,53,49,59,67,71,81,,,,,,,,,,,,,,,,,,,,,49,59,67,71,81
S. Williams,32,185,71,71,1600000,58,62,71,66,70,76,,,,,,,,,,,,,,,,,,,,,62,71,66,70,76
J. Hayes,31,173,70,70,1600000,85,63,67,73,53,65,,,,,,,,,,,,,,,,,,,,,63,67,73,53,65
F. Campbell,31,172,70,70,1600000,72,68,61,68,36,67,,,,,,,,,,,,,,,,,,,,,68,61,68,36,67
J. Maghoma,31,178,70,70,1600000,81,64,64,74,34,64,,,,,,,,,,,,,,,,,,,,,64,64,74,34,64
Ukra,31,176,70,70,1600000,74,65,69,74,28,58,,,,,,,,,,,,,,,,,,,,,65,69,74,28,58
L. Vitale,31,180,70,70,1600000,77,62,71,68,62,69,,,,,,,,,,,,,,,,,,,,,62,71,68,62,69
Wellington,31,186,70,70,1600000,56,69,57,63,36,82,,,,,,,,,,,,,,,,,,,,,69,57,63,36,82
J. Holland,30,182,70,70,1600000,65,62,64,68,66,79,,,,,,,,,,,,,,,,,,,,,62,64,68,66,79
W. Rémy,28,184,70,70,1600000,69,40,62,64,65,81,,,,,,,,,,,,,,,,,,,,,40,62,64,65,81
R. Gucher,28,183,70,70,1600000,59,61,64,66,66,72,,,,,,,,,,,,,,,,,,,,,61,64,66,66,72
P. Coutts,30,183,70,70,1600000,58,62,70,67,63,71,,,,,,,,,,,,,,,,,,,,,62,70,67,63,71
D. de Buen,27,182,70,70,1600000,61,65,67,62,65,74,,,,,,,,,,,,,,,,,,,,,65,67,62,65,74
V. Pálsson,28,186,70,70,1600000,68,53,60,60,68,82,,,,,,,,,,,,,,,,,,,,,53,60,60,68,82
Magno,31,178,70,70,1600000,70,69,70,71,42,63,,,,,,,,,,,,,,,,,,,,,69,70,71,42,63
O. Bayram,27,173,70,70,1600000,84,67,68,75,64,63,,,,,,,,,,,,,,,,,,,,,67,68,75,64,63
I. Paurević,28,194,70,70,1600000,50,56,61,58,69,76,,,,,,,,,,,,,,,,,,,,,56,61,58,69,76
G. Garza,27,173,70,70,1600000,70,54,66,69,68,72,,,,,,,,,,,,,,,,,,,,,54,66,69,68,72
F. Pogba,28,189,70,70,1600000,62,42,59,56,67,79,,,,,,,,,,,,,,,,,,,,,42,59,56,67,79
B. Dja Djédjé,28,170,70,70,1600000,70,55,66,69,70,69,,,,,,,,,,,,,,,,,,,,,55,66,69,70,69
T. Beermann,28,188,70,70,1600000,52,38,45,43,70,73,,,,,,,,,,,,,,,,,,,,,38,45,43,70,73
T. Kempe,30,184,70,70,1600000,69,66,74,72,41,70,,,,,,,,,,,,,,,,,,,,,66,74,72,41,70
D. Kaiser,30,171,70,70,1600000,55,70,70,71,56,65,,,,,,,,,,,,,,,,,,,,,70,70,71,56,65
B. Baráth,27,188,70,70,1600000,67,39,54,54,66,76,,,,,,,,,,,,,,,,,,,,,39,54,54,66,76
M. Camporese,27,186,70,70,1600000,66,27,36,50,72,67,,,,,,,,,,,,,,,,,,,,,27,36,50,72,67
Z. Valentin,27,183,70,70,1600000,71,46,64,67,69,74,,,,,,,,,,,,,,,,,,,,,46,64,67,69,74
T. Beugelsdijk,28,192,70,70,1600000,44,39,46,47,69,77,,,,,,,,,,,,,,,,,,,,,39,46,47,69,77
F. Kiss,28,186,70,70,1600000,41,59,60,66,66,79,,,,,,,,,,,,,,,,,,,,,59,60,66,66,79
M. Kuhn,27,178,70,70,1600000,83,51,69,68,62,68,,,,,,,,,,,,,,,,,,,,,51,69,68,62,68
C. Jorquera,30,174,70,70,1600000,68,66,71,75,50,62,,,,,,,,,,,,,,,,,,,,,66,71,75,50,62
N. Bitton,27,194,70,70,1600000,50,50,63,65,69,73,,,,,,,,,,,,,,,,,,,,,50,63,65,69,73
T. Tawatha,27,172,70,70,1600000,70,40,63,72,67,64,,,,,,,,,,,,,,,,,,,,,40,63,72,67,64
H. Al Moqahwi,31,173,70,70,1600000,61,64,69,71,55,68,,,,,,,,,,,,,,,,,,,,,64,69,71,55,68
D. Sciaudone,30,183,70,70,1600000,76,69,69,69,66,73,,,,,,,,,,,,,,,,,,,,,69,69,69,66,73
M. Prietl,27,187,70,70,1600000,64,50,57,61,69,79,,,,,,,,,,,,,,,,,,,,,50,57,61,69,79
Jang Hyeon Soo,27,185,70,70,1600000,67,26,46,60,68,76,,,,,,,,,,,,,,,,,,,,,26,46,60,68,76
Paulinho,27,176,70,70,1600000,84,49,63,70,65,68,,,,,,,,,,,,,,,,,,,,,49,63,70,65,68
B. Sarr,28,189,70,70,1600000,62,51,58,62,68,84,,,,,,,,,,,,,,,,,,,,,51,58,62,68,84
M. Cerato,31,171,70,70,1600000,92,59,61,73,27,56,,,,,,,,,,,,,,,,,,,,,59,61,73,27,56
V. Malcorra,31,170,70,70,1600000,72,65,71,72,62,65,,,,,,,,,,,,,,,,,,,,,65,71,72,62,65
E. Farias,31,184,70,70,1600000,64,72,52,62,27,77,,,,,,,,,,,,,,,,,,,,,72,52,62,27,77
A. Zhirov,28,193,70,70,1600000,50,30,45,41,70,79,,,,,,,,,,,,,,,,,,,,,30,45,41,70,79
Flávio Rebeilo,27,175,70,70,1600000,81,44,60,71,65,65,,,,,,,,,,,,,,,,,,,,,44,60,71,65,65
Bernardo Motinho,27,179,70,70,1600000,72,52,66,66,69,63,,,,,,,,,,,,,,,,,,,,,52,66,66,69,63
Milton Menceiros,27,182,70,70,1600000,72,49,57,57,68,71,,,,,,,,,,,,,,,,,,,,,49,57,57,68,71
Eltson Marques,27,188,70,70,1600000,46,43,43,48,70,70,,,,,,,,,,,,,,,,,,,,,43,43,48,70,70
Macarinho Louro,31,175,70,70,1600000,82,60,67,76,32,53,,,,,,,,,,,,,,,,,,,,,60,67,76,32,53
Raphael Paneira,31,184,70,70,1600000,57,62,68,75,36,52,,,,,,,,,,,,,,,,,,,,,62,68,75,36,52
Diogildo Peixe,31,181,70,70,1600000,72,65,65,75,25,58,,,,,,,,,,,,,,,,,,,,,65,65,75,25,58
Sevinho Santos,31,180,70,70,1600000,64,66,54,70,31,61,,,,,,,,,,,,,,,,,,,,,66,54,70,31,61
Jony Reitosa,27,176,70,70,1600000,78,42,54,59,67,81,,,,,,,,,,,,,,,,,,,,,42,54,59,67,81
Allan Ardaújo,31,178,70,70,1600000,64,60,70,69,37,61,,,,,,,,,,,,,,,,,,,,,60,70,69,37,61
Assis,28,170,70,70,1600000,68,51,59,71,73,60,,,,,,,,,,,,,,,,,,,,,51,59,71,73,60
A. Benedetti,27,170,70,70,1600000,82,50,60,67,68,65,,,,,,,,,,,,,,,,,,,,,50,60,67,68,65
Vinicius Trieiro,27,177,70,70,1600000,74,44,63,67,66,68,,,,,,,,,,,,,,,,,,,,,44,63,67,66,68
Jailson Oliva,27,171,70,70,1600000,83,38,58,69,67,58,,,,,,,,,,,,,,,,,,,,,38,58,69,67,58
Luan Sendeiro,27,181,70,70,1600000,69,56,71,60,68,66,,,,,,,,,,,,,,,,,,,,,56,71,60,68,66
Nilson Padilho,31,184,70,70,1600000,71,59,65,70,42,69,,,,,,,,,,,,,,,,,,,,,59,65,70,42,69
I. Plastun,28,193,70,70,1600000,34,32,48,39,71,70,,,,,,,,,,,,,,,,,,,,,32,48,39,71,70
G. Zarfino,27,184,70,70,1600000,55,58,60,65,66,79,,,,,,,,,,,,,,,,,,,,,58,60,65,66,79
J. Soraire,30,175,70,70,1600000,73,58,68,74,57,79,,,,,,,,,,,,,,,,,,,,,58,68,74,57,79
K. Pierie,18,183,69,81,1600000,69,45,67,65,69,67,,,,,,,,,,,,,,,,,,,,,45,67,65,69,67
S. Gnaka,20,179,69,80,1600000,75,28,62,69,66,69,,,,,,,,,,,,,,,,,,,,,28,62,69,66,69
B. Sosa,21,186,69,80,1600000,76,32,66,71,65,66,,,,,,,,,,,,,,,,,,,,,32,66,71,65,66
N. Rasskazov,21,180,69,80,1600000,75,46,62,71,67,55,,,,,,,,,,,,,,,,,,,,,46,62,71,67,55
Y. Eteki,21,182,69,79,1600000,68,56,64,67,64,72,,,,,,,,,,,,,,,,,,,,,56,64,67,64,72
N. Linares,23,175,69,79,1600000,66,56,64,67,67,66,,,,,,,,,,,,,,,,,,,,,56,64,67,67,66
I. Camará,20,190,69,79,1600000,62,45,54,62,68,71,,,,,,,,,,,,,,,,,,,,,45,54,62,68,71
N. Giménez,23,179,69,78,1600000,72,67,67,71,51,70,,,,,,,,,,,,,,,,,,,,,67,67,71,51,70
D. Mancini,22,171,69,78,1600000,71,58,63,74,57,64,,,,,,,,,,,,,,,,,,,,,58,63,74,57,64
J. Piotrowski,21,188,69,78,1600000,66,62,66,69,65,72,,,,,,,,,,,,,,,,,,,,,62,66,69,65,72
J. Aribo,22,183,69,78,1600000,82,54,67,71,60,66,,,,,,,,,,,,,,,,,,,,,54,67,71,60,66
E. Ocansey,21,173,69,78,1600000,86,65,60,74,26,58,,,,,,,,,,,,,,,,,,,,,65,60,74,26,58
D. Vanzeir,21,175,69,78,1600000,78,67,66,72,30,62,,,,,,,,,,,,,,,,,,,,,67,66,72,30,62
L. Amani,21,172,69,78,1600000,79,61,63,74,51,68,,,,,,,,,,,,,,,,,,,,,61,63,74,51,68
M. García,22,169,69,78,1600000,72,63,64,73,28,42,,,,,,,,,,,,,,,,,,,,,63,64,73,28,42
I. Mathew,22,173,69,78,1600000,80,62,64,70,63,73,,,,,,,,,,,,,,,,,,,,,62,64,70,63,73
Rui Costa,23,179,69,78,1600000,74,68,64,71,34,56,,,,,,,,,,,,,,,,,,,,,68,64,71,34,56
Pêpê,22,183,69,78,1600000,61,50,66,68,62,68,,,,,,,,,,,,,,,,,,,,,50,66,68,62,68
E. Apeh,22,180,69,78,1600000,72,66,54,67,26,62,,,,,,,,,,,,,,,,,,,,,66,54,67,26,62
J. Deminguet,21,178,69,78,1600000,70,53,70,70,60,63,,,,,,,,,,,,,,,,,,,,,53,70,70,60,63
Mauro Júnior,20,171,69,78,1600000,80,63,64,75,45,41,,,,,,,,,,,,,,,,,,,,,63,64,75,45,41
F. Varela,23,174,69,78,1600000,70,61,67,72,49,58,,,,,,,,,,,,,,,,,,,,,61,67,72,49,58
Aguado,23,174,69,78,1600000,58,61,68,70,53,45,,,,,,,,,,,,,,,,,,,,,61,68,70,53,45
B. Eleke,23,190,69,78,1600000,66,69,51,64,44,77,,,,,,,,,,,,,,,,,,,,,69,51,64,44,77
E. Brophy,23,174,69,77,1600000,77,69,62,68,31,74,,,,,,,,,,,,,,,,,,,,,69,62,68,31,74
L. Lamprou,21,183,69,77,1600000,84,68,59,69,31,66,,,,,,,,,,,,,,,,,,,,,68,59,69,31,66
D. Vente,20,181,69,77,1600000,77,65,55,67,28,59,,,,,,,,,,,,,,,,,,,,,65,55,67,28,59
A. Bareiro,22,184,69,77,1600000,69,67,48,67,22,63,,,,,,,,,,,,,,,,,,,,,67,48,67,22,63
S. Lauper,22,185,68,81,1600000,77,58,60,64,68,69,,,,,,,,,,,,,,,,,,,,,58,60,64,68,69
S. Knežević,22,187,68,81,1600000,45,34,44,49,69,72,,,,,,,,,,,,,,,,,,,,,34,44,49,69,72
M. Sagnan,20,187,68,81,1600000,57,32,53,48,67,68,,,,,,,,,,,,,,,,,,,,,32,53,48,67,68
Gustavo Assunção,19,178,68,81,1600000,62,51,63,62,64,68,,,,,,,,,,,,,,,,,,,,,51,63,62,64,68
A. Green,20,180,68,80,1600000,79,61,63,70,36,56,,,,,,,,,,,,,,,,,,,,,61,63,70,36,56
D. Sinik,20,175,68,80,1600000,76,45,65,70,40,46,,,,,,,,,,,,,,,,,,,,,45,65,70,40,46
J. Brunetta,22,175,68,80,1600000,69,61,73,69,42,59,,,,,,,,,,,,,,,,,,,,,61,73,69,42,59
Gonzalo Villar,21,181,68,80,1600000,69,56,68,68,53,65,,,,,,,,,,,,,,,,,,,,,56,68,68,53,65
Larrazabal,21,180,68,80,1600000,82,63,59,72,34,68,,,,,,,,,,,,,,,,,,,,,63,59,72,34,68
E. Iyoha,21,191,68,79,1600000,78,65,53,70,20,64,,,,,,,,,,,,,,,,,,,,,65,53,70,20,64
J. Arias,21,168,68,79,1600000,82,68,66,70,34,69,,,,,,,,,,,,,,,,,,,,,68,66,70,34,69
P. Pellegri,18,188,67,86,1600000,68,65,54,66,20,63,,,,,,,,,,,,,,,,,,,,,65,54,66,20,63
J. Arp,19,184,67,85,1600000,69,64,49,70,22,55,,,,,,,,,,,,,,,,,,,,,64,49,70,22,55
J. Carranza,19,182,67,85,1600000,69,65,54,66,33,61,,,,,,,,,,,,,,,,,,,,,65,54,66,33,61
J. Álvarez,19,170,67,85,1600000,75,66,60,71,27,45,,,,,,,,,,,,,,,,,,,,,66,60,71,27,45
J. Willock,19,184,67,84,1600000,73,53,64,68,54,66,,,,,,,,,,,,,,,,,,,,,53,64,68,54,66
J. Sargent,19,185,67,84,1600000,76,65,52,68,35,62,,,,,,,,,,,,,,,,,,,,,65,52,68,35,62
J. Clarke,18,181,67,84,1600000,78,60,61,72,25,55,,,,,,,,,,,,,,,,,,,,,60,61,72,25,55
S. Diop,19,175,67,84,1600000,75,58,64,71,31,42,,,,,,,,,,,,,,,,,,,,,58,64,71,31,42
L. Itter,20,183,67,83,1600000,69,44,63,68,66,61,,,,,,,,,,,,,,,,,,,,,44,63,68,66,61
M. Kudus,18,175,67,83,1600000,85,58,63,77,49,69,,,,,,,,,,,,,,,,,,,,,58,63,77,49,69
S. Sosa,20,179,67,83,1600000,61,56,59,62,64,72,,,,,,,,,,,,,,,,,,,,,56,59,62,64,72
Oriol Busquets,20,185,67,82,1600000,51,43,63,63,64,67,,,,,,,,,,,,,,,,,,,,,43,63,63,64,67
Hugo Duro,19,171,67,82,1600000,65,67,43,65,29,53,,,,,,,,,,,,,,,,,,,,,67,43,65,29,53
Andrés Martín,19,170,67,82,1600000,74,65,58,70,27,49,,,,,,,,,,,,,,,,,,,,,65,58,70,27,49
Alex Sola,20,178,67,82,1600000,73,43,59,62,62,66,,,,,,,,,,,,,,,,,,,,,43,59,62,62,66
R. Porteous,20,185,67,81,1600000,68,28,36,45,65,77,,,,,,,,,,,,,,,,,,,,,28,36,45,65,77
A. Sambi Lokonga,19,183,67,81,1600000,68,44,67,73,53,61,,,,,,,,,,,,,,,,,,,,,44,67,73,53,61
H. Dervişoğlu,19,183,67,81,1600000,76,62,57,68,29,58,,,,,,,,,,,,,,,,,,,,,62,57,68,29,58
J. Insaurralde,34,187,73,73,1500000,36,39,56,46,72,76,,,,,,,,,,,,,,,,,,,,,39,56,46,72,76
D. Tošić,34,185,73,73,1500000,53,51,63,54,72,78,,,,,,,,,,,,,,,,,,,,,51,63,54,72,78
Paulo Vinícius,34,187,73,73,1500000,41,51,56,56,72,79,,,,,,,,,,,,,,,,,,,,,51,56,56,72,79
L. Rossettini,34,187,73,73,1500000,53,44,46,53,74,73,,,,,,,,,,,,,,,,,,,,,44,46,53,74,73
Serey Dié,34,179,73,73,1500000,66,53,65,70,71,78,,,,,,,,,,,,,,,,,,,,,53,65,70,71,78
A. Correa,34,180,73,73,1500000,68,48,51,55,73,77,,,,,,,,,,,,,,,,,,,,,48,51,55,73,77
E. Barreto,34,180,72,72,1500000,59,66,72,68,73,67,,,,,,,,,,,,,,,,,,,,,66,72,68,73,67
Christian Fernández,33,182,72,72,1500000,66,56,61,60,71,78,,,,,,,,,,,,,,,,,,,,,56,61,60,71,78
B. Feilhaber,34,175,72,72,1500000,56,69,72,74,63,67,,,,,,,,,,,,,,,,,,,,,69,72,74,63,67
Sergio Sánchez,33,185,72,72,1500000,55,51,59,56,73,72,,,,,,,,,,,,,,,,,,,,,51,59,56,73,72
K. Adénon,33,180,72,72,1500000,53,37,56,50,72,73,,,,,,,,,,,,,,,,,,,,,37,56,50,72,73
Thiago Cionek,33,183,72,72,1500000,63,26,44,52,72,74,,,,,,,,,,,,,,,,,,,,,26,44,52,72,74
C. Nhamoinesu,33,184,72,72,1500000,82,39,58,62,69,78,,,,,,,,,,,,,,,,,,,,,39,58,62,69,78
A. Losilla,33,185,72,72,1500000,54,55,64,72,71,75,,,,,,,,,,,,,,,,,,,,,55,64,72,71,75
W. Katsande,33,178,72,72,1500000,67,62,62,67,70,75,,,,,,,,,,,,,,,,,,,,,62,62,67,70,75
G. Lanaro,33,186,72,72,1500000,44,34,50,46,69,79,,,,,,,,,,,,,,,,,,,,,34,50,46,69,79
R. Keogh,32,188,71,71,1500000,58,31,59,62,71,74,,,,,,,,,,,,,,,,,,,,,31,59,62,71,74
D. Graham,33,183,71,71,1500000,40,72,61,64,48,75,,,,,,,,,,,,,,,,,,,,,72,61,64,48,75
C. Obasi,33,188,71,71,1500000,69,69,65,72,42,69,,,,,,,,,,,,,,,,,,,,,69,65,72,42,69
T. Derijck,32,186,71,71,1500000,46,45,50,50,73,71,,,,,,,,,,,,,,,,,,,,,45,50,50,73,71
Y. Benalouane,32,185,71,71,1500000,51,39,56,53,69,73,,,,,,,,,,,,,,,,,,,,,39,56,53,69,73
E. Terranova,32,185,71,71,1500000,68,31,42,48,71,73,,,,,,,,,,,,,,,,,,,,,31,42,48,71,73
L. Fuentes,32,172,71,71,1500000,66,59,68,68,71,72,,,,,,,,,,,,,,,,,,,,,59,68,68,71,72
Felipe,32,193,71,71,1500000,35,44,50,55,69,71,,,,,,,,,,,,,,,,,,,,,44,50,55,69,71
G. Belaud,32,177,71,71,1500000,66,50,65,70,71,75,,,,,,,,,,,,,,,,,,,,,50,65,70,71,75
G. Scognamiglio,32,186,71,71,1500000,46,43,41,42,70,80,,,,,,,,,,,,,,,,,,,,,43,41,42,70,80
Camora,32,177,71,71,1500000,74,55,65,67,68,69,,,,,,,,,,,,,,,,,,,,,55,65,67,68,69
N. Đurđić,33,184,71,71,1500000,70,68,61,67,52,75,,,,,,,,,,,,,,,,,,,,,68,61,67,52,75
Jorge Teixeira,32,189,71,71,1500000,41,39,61,44,71,78,,,,,,,,,,,,,,,,,,,,,39,61,44,71,78
B. Acosta,32,182,71,71,1500000,49,45,44,52,69,85,,,,,,,,,,,,,,,,,,,,,45,44,52,69,85
M. Morishige,32,183,71,71,1500000,60,58,62,60,71,74,,,,,,,,,,,,,,,,,,,,,58,62,60,71,74
Júnior Morais,32,176,71,71,1500000,75,69,67,70,68,75,,,,,,,,,,,,,,,,,,,,,69,67,70,68,75
O. Çek,28,173,70,70,1500000,77,64,70,72,64,66,,,,,,,,,,,,,,,,,,,,,64,70,72,64,66
Z. Kuzmanović,31,186,70,70,1500000,33,66,73,61,65,67,,,,,,,,,,,,,,,,,,,,,66,73,61,65,67
S. Hutchinson,29,182,70,70,1500000,61,51,63,63,70,72,,,,,,,,,,,,,,,,,,,,,51,63,63,70,72
R. Jenssen,31,173,70,70,1500000,68,64,70,68,59,73,,,,,,,,,,,,,,,,,,,,,64,70,68,59,73
D. Di Gennaro,31,180,70,70,1500000,67,63,74,69,58,63,,,,,,,,,,,,,,,,,,,,,63,74,69,58,63
K. Wolze,29,174,70,70,1500000,78,70,68,70,65,74,,,,,,,,,,,,,,,,,,,,,70,68,70,65,74
R. Bianco,31,180,70,70,1500000,71,57,69,68,67,74,,,,,,,,,,,,,,,,,,,,,57,69,68,67,74
J. Villafaña,29,175,70,70,1500000,77,57,68,68,63,64,,,,,,,,,,,,,,,,,,,,,57,68,68,63,64
Renato Chaves,29,185,70,70,1500000,55,47,54,49,70,72,,,,,,,,,,,,,,,,,,,,,47,54,49,70,72
G. Sertic,29,183,70,70,1500000,56,63,68,63,69,71,,,,,,,,,,,,,,,,,,,,,63,68,63,69,71
G. Sauro,29,190,70,70,1500000,52,33,53,51,67,75,,,,,,,,,,,,,,,,,,,,,33,53,51,67,75
F. N'Sakala,28,178,70,70,1500000,84,45,66,74,63,73,,,,,,,,,,,,,,,,,,,,,45,66,74,63,73
R. Grant,28,174,70,70,1500000,71,60,64,67,65,79,,,,,,,,,,,,,,,,,,,,,60,64,67,65,79
S. Jung,29,179,70,70,1500000,65,51,70,70,70,64,,,,,,,,,,,,,,,,,,,,,51,70,70,70,64
I. Martić,28,183,70,70,1500000,71,43,58,66,68,74,,,,,,,,,,,,,,,,,,,,,43,58,66,68,74
K. Leerdam,29,178,70,70,1500000,72,57,65,68,67,73,,,,,,,,,,,,,,,,,,,,,57,65,68,67,73
Escassi,30,185,70,70,1500000,46,41,62,63,69,76,,,,,,,,,,,,,,,,,,,,,41,62,63,69,76
D. Contento,29,177,70,70,1500000,64,46,64,69,71,65,,,,,,,,,,,,,,,,,,,,,46,64,69,71,65
X. Kouassi,29,174,70,70,1500000,71,51,62,69,67,77,,,,,,,,,,,,,,,,,,,,,51,62,69,67,77
J. Madueña,29,177,70,70,1500000,80,47,69,74,64,75,,,,,,,,,,,,,,,,,,,,,47,69,74,64,75
A. Caracciolo,29,185,70,70,1500000,58,19,43,56,71,72,,,,,,,,,,,,,,,,,,,,,19,43,56,71,72
E. Lenjani,29,175,70,70,1500000,80,65,68,68,63,67,,,,,,,,,,,,,,,,,,,,,65,68,68,63,67
R. van Rhijn,28,179,70,70,1500000,76,58,67,67,67,68,,,,,,,,,,,,,,,,,,,,,58,67,67,67,68
Soares,30,183,70,70,1500000,58,57,62,67,68,78,,,,,,,,,,,,,,,,,,,,,57,62,67,68,78
L. Cavanda,28,180,70,70,1500000,74,56,61,71,68,71,,,,,,,,,,,,,,,,,,,,,56,61,71,68,71
K. D'Haene,29,168,70,70,1500000,70,59,66,72,63,56,,,,,,,,,,,,,,,,,,,,,59,66,72,63,56
H. Abd Elhamed,28,188,70,70,1500000,85,40,61,64,66,69,,,,,,,,,,,,,,,,,,,,,40,61,64,66,69
Kim Kee Hee,29,187,70,70,1500000,66,43,60,47,68,73,,,,,,,,,,,,,,,,,,,,,43,60,47,68,73
V. Sielis,29,189,70,70,1500000,72,44,58,59,67,80,,,,,,,,,,,,,,,,,,,,,44,58,59,67,80
David Simón,29,175,70,70,1500000,75,46,60,63,64,72,,,,,,,,,,,,,,,,,,,,,46,60,63,64,72
C. Martina,29,185,70,70,1500000,63,52,65,64,70,73,,,,,,,,,,,,,,,,,,,,,52,65,64,70,73
R. Pucino,28,183,70,70,1500000,72,45,59,68,67,71,,,,,,,,,,,,,,,,,,,,,45,59,68,67,71
F. Holland,28,172,70,70,1500000,73,45,61,68,69,71,,,,,,,,,,,,,,,,,,,,,45,61,68,69,71
Q. Bernard,29,184,70,70,1500000,64,57,70,63,67,75,,,,,,,,,,,,,,,,,,,,,57,70,63,67,75
P. Heise,28,184,70,70,1500000,76,61,66,68,64,75,,,,,,,,,,,,,,,,,,,,,61,66,68,64,75
Cifu,28,174,70,70,1500000,81,54,59,69,66,74,,,,,,,,,,,,,,,,,,,,,54,59,69,66,74
G. Mera,29,187,70,70,1500000,48,26,39,37,69,80,,,,,,,,,,,,,,,,,,,,,26,39,37,69,80
R. Caroca,29,174,70,70,1500000,74,59,61,64,69,77,,,,,,,,,,,,,,,,,,,,,59,61,64,69,77
E. Blanco,29,179,70,70,1500000,70,55,60,60,68,81,,,,,,,,,,,,,,,,,,,,,55,60,60,68,81
F. Meza,29,176,70,70,1500000,61,32,53,61,71,68,,,,,,,,,,,,,,,,,,,,,32,53,61,71,68
L. Desábato,29,176,70,70,1500000,69,52,65,67,66,75,,,,,,,,,,,,,,,,,,,,,52,65,67,66,75
F. Cerro,31,179,70,70,1500000,72,61,67,70,64,81,,,,,,,,,,,,,,,,,,,,,61,67,70,64,81
M. Dal Hende,28,179,70,70,1500000,77,64,64,67,66,80,,,,,,,,,,,,,,,,,,,,,64,64,67,66,80
R. Gagliolo,29,180,70,70,1500000,74,50,50,61,69,72,,,,,,,,,,,,,,,,,,,,,50,50,61,69,72
S. Popov,28,186,70,70,1500000,72,61,64,63,70,69,,,,,,,,,,,,,,,,,,,,,61,64,63,70,69
H. Arslan,30,186,70,70,1500000,63,65,67,70,66,74,,,,,,,,,,,,,,,,,,,,,65,67,70,66,74
João Afonso,29,188,70,70,1500000,43,31,46,51,69,74,,,,,,,,,,,,,,,,,,,,,31,46,51,69,74
Cai Huikang,29,183,70,70,1500000,55,50,55,64,67,82,,,,,,,,,,,,,,,,,,,,,50,55,64,67,82
Guilherme Sityá,29,180,70,70,1500000,80,36,68,70,64,75,,,,,,,,,,,,,,,,,,,,,36,68,70,64,75
M. Tahrat,29,193,70,70,1500000,50,26,54,53,68,76,,,,,,,,,,,,,,,,,,,,,26,54,53,68,76
Marco Baixinho,29,187,70,70,1500000,50,34,50,52,70,76,,,,,,,,,,,,,,,,,,,,,34,50,52,70,76
A. Al Bulayhi,29,182,70,70,1500000,66,28,37,43,69,76,,,,,,,,,,,,,,,,,,,,,28,37,43,69,76
V. Lampropoulos,29,185,70,70,1500000,68,42,54,53,71,73,,,,,,,,,,,,,,,,,,,,,42,54,53,71,73
M. Lowe,22,175,69,79,1500000,79,46,61,69,66,65,,,,,,,,,,,,,,,,,,,,,46,61,69,66,65
J. Kerr,22,183,69,79,1500000,69,40,53,57,67,74,,,,,,,,,,,,,,,,,,,,,40,53,57,67,74
N. Rapp,22,186,69,79,1500000,60,34,52,53,68,69,,,,,,,,,,,,,,,,,,,,,34,52,53,68,69
A. Robinson,21,183,69,79,1500000,86,39,47,69,67,68,,,,,,,,,,,,,,,,,,,,,39,47,69,67,68
E. Segura,22,175,69,79,1500000,62,30,44,50,69,73,,,,,,,,,,,,,,,,,,,,,30,44,50,69,73
A. Cruz,21,173,69,79,1500000,73,35,65,66,67,70,,,,,,,,,,,,,,,,,,,,,35,65,66,67,70
S. Callegari,22,188,69,79,1500000,51,33,50,46,70,71,,,,,,,,,,,,,,,,,,,,,33,50,46,70,71
G. Fuentes,22,180,69,79,1500000,78,40,56,67,66,69,,,,,,,,,,,,,,,,,,,,,40,56,67,66,69
D. Burnić,21,181,69,78,1500000,68,48,66,71,63,66,,,,,,,,,,,,,,,,,,,,,48,66,71,63,66
Christian Rivera,21,191,69,78,1500000,55,48,64,66,68,70,,,,,,,,,,,,,,,,,,,,,48,64,66,68,70
H. Mendyl,21,179,69,78,1500000,89,43,58,70,64,68,,,,,,,,,,,,,,,,,,,,,43,58,70,64,68
A. Gravillon,21,185,69,78,1500000,63,31,42,46,68,74,,,,,,,,,,,,,,,,,,,,,31,42,46,68,74
I. Baba,23,182,69,78,1500000,64,49,60,57,67,75,,,,,,,,,,,,,,,,,,,,,49,60,57,67,75
Sori Mané,23,187,69,78,1500000,59,45,55,58,69,78,,,,,,,,,,,,,,,,,,,,,45,55,58,69,78
A. Rogel,21,190,69,78,1500000,55,29,46,57,66,78,,,,,,,,,,,,,,,,,,,,,29,46,57,66,78
L. Palmiero,23,177,69,77,1500000,63,64,70,69,61,61,,,,,,,,,,,,,,,,,,,,,64,70,69,61,61
J. Sambia,22,185,69,77,1500000,77,68,71,71,63,67,,,,,,,,,,,,,,,,,,,,,68,71,71,63,67
G. Suazo,21,175,69,77,1500000,70,62,63,72,64,73,,,,,,,,,,,,,,,,,,,,,62,63,72,64,73
J. Carreño,22,166,69,77,1500000,73,61,66,69,61,71,,,,,,,,,,,,,,,,,,,,,61,66,69,61,71
Nacho Gil,23,170,69,77,1500000,78,64,66,71,29,43,,,,,,,,,,,,,,,,,,,,,64,66,71,29,43
T. Pochettino,23,178,69,77,1500000,58,50,72,71,58,66,,,,,,,,,,,,,,,,,,,,,50,72,71,58,66
N. Hauptmann,23,176,69,77,1500000,71,53,67,74,50,49,,,,,,,,,,,,,,,,,,,,,53,67,74,50,49
A. Iniestra,23,176,69,77,1500000,55,53,66,66,66,69,,,,,,,,,,,,,,,,,,,,,53,66,66,66,69
K. Bare,21,174,69,77,1500000,68,57,65,69,63,67,,,,,,,,,,,,,,,,,,,,,57,65,69,63,67
J. Repas,22,171,69,77,1500000,77,61,67,73,41,53,,,,,,,,,,,,,,,,,,,,,61,67,73,41,53
G. Kharaishvili,22,183,69,77,1500000,75,68,64,68,36,61,,,,,,,,,,,,,,,,,,,,,68,64,68,36,61
Denilson,23,187,69,76,1500000,78,65,61,72,28,70,,,,,,,,,,,,,,,,,,,,,65,61,72,28,70
H. Sakhi,23,173,69,76,1500000,71,64,66,70,55,51,,,,,,,,,,,,,,,,,,,,,64,66,70,55,51
Mula,22,177,69,76,1500000,73,60,65,70,38,63,,,,,,,,,,,,,,,,,,,,,60,65,70,38,63
N. Eliasson,23,178,69,76,1500000,86,55,66,71,34,48,,,,,,,,,,,,,,,,,,,,,55,66,71,34,48
R. Niyaz,24,165,69,76,1500000,75,58,70,72,61,53,,,,,,,,,,,,,,,,,,,,,58,70,72,61,53
J. Larsson,22,175,69,76,1500000,71,69,63,68,24,70,,,,,,,,,,,,,,,,,,,,,69,63,68,24,70
Kike Barja,22,178,69,76,1500000,74,62,64,69,34,59,,,,,,,,,,,,,,,,,,,,,62,64,69,34,59
Javi Muñoz,24,176,69,76,1500000,70,61,67,69,59,62,,,,,,,,,,,,,,,,,,,,,61,67,69,59,62
M. Cassierra,22,183,69,76,1500000,70,69,54,67,29,66,,,,,,,,,,,,,,,,,,,,,69,54,67,29,66
R. Zekhnini,21,179,69,76,1500000,90,61,57,72,33,48,,,,,,,,,,,,,,,,,,,,,61,57,72,33,48
P. Joosten,23,180,69,76,1500000,81,69,64,71,35,59,,,,,,,,,,,,,,,,,,,,,69,64,71,35,59
J. Mees,23,180,69,76,1500000,73,68,62,72,21,59,,,,,,,,,,,,,,,,,,,,,68,62,72,21,59
B. Atik,24,169,69,76,1500000,73,60,64,74,34,52,,,,,,,,,,,,,,,,,,,,,60,64,74,34,52
S. Ganvoula,23,191,69,76,1500000,70,69,48,57,27,75,,,,,,,,,,,,,,,,,,,,,69,48,57,27,75
Marc Gual,23,184,69,76,1500000,69,67,56,68,22,63,,,,,,,,,,,,,,,,,,,,,67,56,68,22,63
C. Oliveira Souza,23,172,69,76,1500000,80,60,61,75,46,57,,,,,,,,,,,,,,,,,,,,,60,61,75,46,57
L. Wing,24,181,69,76,1500000,68,63,67,70,57,67,,,,,,,,,,,,,,,,,,,,,63,67,70,57,67
E. López,24,179,69,76,1500000,77,68,56,68,52,66,,,,,,,,,,,,,,,,,,,,,68,56,68,52,66
Guga Rodrigues,21,168,69,76,1500000,67,56,63,70,62,59,,,,,,,,,,,,,,,,,,,,,56,63,70,62,59
A. Fletcher,23,188,69,75,1500000,74,66,44,68,29,69,,,,,,,,,,,,,,,,,,,,,66,44,68,29,69
G. Engvall,23,184,69,75,1500000,73,67,52,68,31,74,,,,,,,,,,,,,,,,,,,,,67,52,68,31,74
C. Strandberg,23,185,69,75,1500000,81,67,53,60,25,77,,,,,,,,,,,,,,,,,,,,,67,53,60,25,77
Lee Seung Woo,21,173,69,75,1500000,77,65,61,73,27,50,,,,,,,,,,,,,,,,,,,,,65,61,73,27,50
Y. Meité,23,184,69,75,1500000,74,67,53,62,37,72,,,,,,,,,,,,,,,,,,,,,67,53,62,37,72
S. Tetteh,22,180,69,75,1500000,81,66,59,73,22,55,,,,,,,,,,,,,,,,,,,,,66,59,73,22,55
Klauss,22,190,69,75,1500000,63,67,60,64,29,68,,,,,,,,,,,,,,,,,,,,,67,60,64,29,68
F. Passlack,21,170,68,80,1500000,72,58,65,72,65,75,,,,,,,,,,,,,,,,,,,,,58,65,72,65,75
B. White,21,185,68,80,1500000,65,26,49,52,67,70,,,,,,,,,,,,,,,,,,,,,26,49,52,67,70
N. Ramírez,22,182,68,80,1500000,57,36,48,56,68,69,,,,,,,,,,,,,,,,,,,,,36,48,56,68,69
I. Voca,22,181,68,80,1500000,62,49,59,64,68,67,,,,,,,,,,,,,,,,,,,,,49,59,64,68,67
R. Harper,19,183,68,80,1500000,69,53,65,68,60,72,,,,,,,,,,,,,,,,,,,,,53,65,68,60,72
J. Angulo,21,180,68,80,1500000,70,41,60,61,67,67,,,,,,,,,,,,,,,,,,,,,41,60,61,67,67
D. Frattesi,19,184,68,80,1500000,67,56,67,69,62,66,,,,,,,,,,,,,,,,,,,,,56,67,69,62,66
M. Damsgaard,18,180,68,80,1500000,80,59,67,73,45,62,,,,,,,,,,,,,,,,,,,,,59,67,73,45,62
V. Loroña,20,180,68,80,1500000,78,36,59,69,65,69,,,,,,,,,,,,,,,,,,,,,36,59,69,65,69
G. Ferrari,22,184,68,80,1500000,63,41,55,56,67,69,,,,,,,,,,,,,,,,,,,,,41,55,56,67,69
Guruzeta,22,188,68,79,1500000,65,67,63,68,26,50,,,,,,,,,,,,,,,,,,,,,67,63,68,26,50
J. Torres,22,167,68,79,1500000,85,56,59,74,34,57,,,,,,,,,,,,,,,,,,,,,56,59,74,34,57
M. Lovera,20,170,68,79,1500000,77,59,62,73,29,63,,,,,,,,,,,,,,,,,,,,,59,62,73,29,63
D. Drăguș,19,184,68,79,1500000,83,66,51,69,19,71,,,,,,,,,,,,,,,,,,,,,66,51,69,19,71
E. Hansson,20,172,68,78,1500000,77,59,65,72,35,50,,,,,,,,,,,,,,,,,,,,,59,65,72,35,50
S. Hakšabanovič,20,173,68,78,1500000,73,62,64,73,27,54,,,,,,,,,,,,,,,,,,,,,62,64,73,27,54
A. Favilli,22,191,68,78,1500000,65,67,45,65,24,62,,,,,,,,,,,,,,,,,,,,,67,45,65,24,62
M. Shved,21,171,68,78,1500000,73,60,60,71,36,35,,,,,,,,,,,,,,,,,,,,,60,60,71,36,35
D. Suga,20,171,68,78,1500000,69,56,66,68,58,66,,,,,,,,,,,,,,,,,,,,,56,66,68,58,66
N. Lang,20,179,68,78,1500000,75,62,65,73,46,65,,,,,,,,,,,,,,,,,,,,,62,65,73,46,65
S. Kalajdžić,21,200,68,78,1500000,72,64,61,65,47,66,,,,,,,,,,,,,,,,,,,,,64,61,65,47,66
E. Sabbi,21,178,68,78,1500000,89,63,56,75,33,58,,,,,,,,,,,,,,,,,,,,,63,56,75,33,58
M. Greenwood,17,187,67,87,1500000,76,66,61,68,36,59,,,,,,,,,,,,,,,,,,,,,66,61,68,36,59
E. Ampadu,18,182,67,86,1500000,61,30,54,59,66,66,,,,,,,,,,,,,,,,,,,,,30,54,59,66,66
O. Skipp,18,175,67,86,1500000,63,45,63,63,62,62,,,,,,,,,,,,,,,,,,,,,45,63,63,62,62
R. Gravenberch,17,190,67,85,1500000,72,61,67,71,54,67,,,,,,,,,,,,,,,,,,,,,61,67,71,54,67
J. Beyer,19,187,67,83,1500000,69,34,54,62,68,67,,,,,,,,,,,,,,,,,,,,,34,54,62,68,67
L. Mbe Soh,18,188,67,83,1500000,63,29,50,48,66,69,,,,,,,,,,,,,,,,,,,,,29,50,48,66,69
C. Durkin,19,183,67,82,1500000,60,45,61,59,65,67,,,,,,,,,,,,,,,,,,,,,45,61,59,65,67
Miranda,19,185,67,82,1500000,67,39,59,62,65,57,,,,,,,,,,,,,,,,,,,,,39,59,62,65,57
R. Bellanova,19,185,67,82,1500000,71,31,53,61,65,65,,,,,,,,,,,,,,,,,,,,,31,53,61,65,65
T. Chalobah,19,190,67,81,1500000,69,39,57,64,67,70,,,,,,,,,,,,,,,,,,,,,39,57,64,67,70
L. Cacace,18,184,67,81,1500000,75,53,66,68,61,73,,,,,,,,,,,,,,,,,,,,,53,66,68,61,73
C. Doucouré,19,180,67,81,1500000,71,42,63,66,64,66,,,,,,,,,,,,,,,,,,,,,42,63,66,64,66
R. Yates,21,190,67,80,1500000,66,57,59,64,66,80,,,,,,,,,,,,,,,,,,,,,57,59,64,66,80
G. Berterame,20,178,67,80,1500000,77,62,56,67,32,67,,,,,,,,,,,,,,,,,,,,,62,56,67,32,67
Rubén Castro,38,169,73,73,1400000,70,74,63,76,30,59,,,,,,,,,,,,,,,,,,,,,74,63,76,30,59
Luisinho,34,171,73,73,1400000,68,53,71,72,72,61,,,,,,,,,,,,,,,,,,,,,53,71,72,72,61
V. Torosidis,34,183,73,73,1400000,65,55,65,68,76,71,,,,,,,,,,,,,,,,,,,,,55,65,68,76,71
E. Paredes,38,178,73,73,1400000,62,74,67,70,34,71,,,,,,,,,,,,,,,,,,,,,74,67,70,34,71
A. Rosina,35,170,72,72,1400000,69,70,73,76,23,46,,,,,,,,,,,,,,,,,,,,,70,73,76,23,46
G. Fernández,35,171,72,72,1400000,60,70,70,72,47,56,,,,,,,,,,,,,,,,,,,,,70,70,72,47,56
S. Ward,33,186,72,72,1400000,57,60,69,70,75,72,,,,,,,,,,,,,,,,,,,,,60,69,70,75,72
De la Bella,33,182,72,72,1400000,66,53,68,68,70,70,,,,,,,,,,,,,,,,,,,,,53,68,68,70,70
Mateus,35,176,72,72,1400000,77,73,68,75,43,63,,,,,,,,,,,,,,,,,,,,,73,68,75,43,63
Clayton Fildeiras,35,172,72,72,1400000,72,68,69,73,46,73,,,,,,,,,,,,,,,,,,,,,68,69,73,46,73
Santi da Bruma,35,172,72,72,1400000,86,70,73,77,37,54,,,,,,,,,,,,,,,,,,,,,70,73,77,37,54
Adrián Burnabão,35,176,72,72,1400000,63,65,74,75,24,58,,,,,,,,,,,,,,,,,,,,,65,74,75,24,58
M. Liendl,33,176,71,71,1400000,53,70,73,70,52,63,,,,,,,,,,,,,,,,,,,,,70,73,70,52,63
F. Gago,33,177,71,71,1400000,52,54,75,70,59,62,,,,,,,,,,,,,,,,,,,,,54,75,70,59,62
U. Emanuelson,33,176,71,71,1400000,75,65,70,73,66,65,,,,,,,,,,,,,,,,,,,,,65,70,73,66,65
S. Kljestan,33,185,71,71,1400000,54,65,75,68,54,70,,,,,,,,,,,,,,,,,,,,,65,75,68,54,70
Léo Silva,33,181,71,71,1400000,60,67,68,73,65,76,,,,,,,,,,,,,,,,,,,,,67,68,73,65,76
W. Mesloub,33,181,71,71,1400000,62,66,72,72,63,64,,,,,,,,,,,,,,,,,,,,,66,72,72,63,64
A. Gonçalves,33,178,71,71,1400000,63,49,69,68,62,82,,,,,,,,,,,,,,,,,,,,,49,69,68,62,82
L. Nomenjanahary,33,177,71,71,1400000,79,60,66,74,46,60,,,,,,,,,,,,,,,,,,,,,60,66,74,46,60
A. Ienaga,33,173,71,71,1400000,77,67,65,75,38,70,,,,,,,,,,,,,,,,,,,,,67,65,75,38,70
A. Rojas,33,176,71,71,1400000,60,70,69,71,65,71,,,,,,,,,,,,,,,,,,,,,70,69,71,65,71
A. Baumjohann,32,178,70,70,1400000,69,63,68,73,36,55,,,,,,,,,,,,,,,,,,,,,63,68,73,36,55
A. Le Fondre,32,175,70,70,1400000,67,72,62,68,30,65,,,,,,,,,,,,,,,,,,,,,72,62,68,30,65
S. Fletcher,32,186,70,70,1400000,52,70,58,69,33,68,,,,,,,,,,,,,,,,,,,,,70,58,69,33,68
C. Jerome,32,185,70,70,1400000,70,70,51,64,44,79,,,,,,,,,,,,,,,,,,,,,70,51,64,44,79
M. Pugh,32,180,70,70,1400000,60,67,68,72,47,61,,,,,,,,,,,,,,,,,,,,,67,68,72,47,61
P. Kanstrup,30,188,70,70,1400000,66,45,59,59,68,80,,,,,,,,,,,,,,,,,,,,,45,59,59,68,80
B. Hämäläinen,30,176,70,70,1400000,69,52,74,68,69,73,,,,,,,,,,,,,,,,,,,,,52,74,68,69,73
A. Bonnet,32,173,70,70,1400000,75,64,70,71,36,56,,,,,,,,,,,,,,,,,,,,,64,70,71,36,56
P. Barrera,32,178,70,70,1400000,75,65,68,70,44,69,,,,,,,,,,,,,,,,,,,,,65,68,70,44,69
N. Taylor,30,175,70,70,1400000,68,39,65,69,69,66,,,,,,,,,,,,,,,,,,,,,39,65,69,69,66
M. Torrén,30,176,70,70,1400000,68,45,56,55,71,75,,,,,,,,,,,,,,,,,,,,,45,56,55,71,75
A. Rosi,32,184,70,70,1400000,72,59,66,71,66,74,,,,,,,,,,,,,,,,,,,,,59,66,71,66,74
Li Xuepeng,30,185,70,70,1400000,79,55,67,71,65,74,,,,,,,,,,,,,,,,,,,,,55,67,71,65,74
R. Bobadilla,32,179,70,70,1400000,62,69,64,69,47,82,,,,,,,,,,,,,,,,,,,,,69,64,69,47,82
L. Vibe,32,181,70,70,1400000,81,69,61,68,36,63,,,,,,,,,,,,,,,,,,,,,69,61,68,36,63
Ricardo Machado,30,187,70,70,1400000,50,31,44,38,69,79,,,,,,,,,,,,,,,,,,,,,31,44,38,69,79
Aridane,30,186,70,70,1400000,49,36,49,45,67,85,,,,,,,,,,,,,,,,,,,,,36,49,45,67,85
Mossa,30,178,70,70,1400000,71,52,66,66,64,74,,,,,,,,,,,,,,,,,,,,,52,66,66,64,74
M. Calderoni,30,183,70,70,1400000,82,50,56,61,65,78,,,,,,,,,,,,,,,,,,,,,50,56,61,65,78
W. Sobota,32,175,70,70,1400000,88,63,62,73,37,53,,,,,,,,,,,,,,,,,,,,,63,62,73,37,53
F. Ogier,30,183,70,70,1400000,52,31,40,50,70,76,,,,,,,,,,,,,,,,,,,,,31,40,50,70,76
M. Vilhjálmsson,32,185,70,70,1400000,68,68,59,64,61,72,,,,,,,,,,,,,,,,,,,,,68,59,64,61,72
S. Vergini,30,191,70,70,1400000,37,38,61,60,71,73,,,,,,,,,,,,,,,,,,,,,38,61,60,71,73
C. Forsyth,30,189,70,70,1400000,63,63,63,65,70,70,,,,,,,,,,,,,,,,,,,,,63,63,65,70,70
M. Smith,30,180,70,70,1400000,72,43,64,68,68,76,,,,,,,,,,,,,,,,,,,,,43,64,68,68,76
Igor Rossi,30,189,70,70,1400000,46,30,54,52,69,81,,,,,,,,,,,,,,,,,,,,,30,54,52,69,81
Luís Leal,32,176,70,70,1400000,69,71,62,66,34,72,,,,,,,,,,,,,,,,,,,,,71,62,66,34,72
L. Jiménez,30,180,70,70,1400000,66,49,48,55,69,75,,,,,,,,,,,,,,,,,,,,,49,48,55,69,75
Aderllan Santos,30,193,70,70,1400000,55,50,45,51,71,72,,,,,,,,,,,,,,,,,,,,,50,45,51,71,72
Somália,30,180,70,70,1400000,79,66,67,69,62,75,,,,,,,,,,,,,,,,,,,,,66,67,69,62,75
J. Angulo,30,180,70,70,1400000,74,57,66,67,68,76,,,,,,,,,,,,,,,,,,,,,57,66,67,68,76
M. Cauteruccio,32,180,70,70,1400000,65,70,61,70,37,70,,,,,,,,,,,,,,,,,,,,,70,61,70,37,70
M. Romeo,23,178,69,77,1400000,78,47,61,67,67,68,,,,,,,,,,,,,,,,,,,,,47,61,67,67,68
Quintillá,22,183,69,77,1400000,69,51,65,66,67,60,,,,,,,,,,,,,,,,,,,,,51,65,66,67,60
J. Glad,22,185,69,77,1400000,71,27,50,49,68,74,,,,,,,,,,,,,,,,,,,,,27,50,49,68,74
C. Arrieta,23,174,69,77,1400000,86,43,57,62,64,72,,,,,,,,,,,,,,,,,,,,,43,57,62,64,72
P. Lienhart,22,189,69,77,1400000,58,28,51,53,69,71,,,,,,,,,,,,,,,,,,,,,28,51,53,69,71
J. Horn,22,186,69,77,1400000,78,35,57,64,67,67,,,,,,,,,,,,,,,,,,,,,35,57,64,67,67
S. Moore,22,179,69,77,1400000,85,53,58,67,64,67,,,,,,,,,,,,,,,,,,,,,53,58,67,64,67
Messias,24,192,69,77,1400000,59,32,38,40,69,76,,,,,,,,,,,,,,,,,,,,,32,38,40,69,76
L. Maciel,23,178,69,77,1400000,68,53,61,66,62,79,,,,,,,,,,,,,,,,,,,,,53,61,66,62,79
D. Zeefuik,21,177,69,77,1400000,78,39,59,68,67,78,,,,,,,,,,,,,,,,,,,,,39,59,68,67,78
C. Michelin,22,179,69,77,1400000,66,50,69,68,66,64,,,,,,,,,,,,,,,,,,,,,50,69,68,66,64
Adrián Diéguez,23,187,69,77,1400000,61,30,48,51,71,66,,,,,,,,,,,,,,,,,,,,,30,48,51,71,66
O. Cabezas,22,180,69,77,1400000,61,38,48,58,66,77,,,,,,,,,,,,,,,,,,,,,38,48,58,66,77
R. Kouamé,22,177,69,77,1400000,71,50,67,67,64,68,,,,,,,,,,,,,,,,,,,,,50,67,67,64,68
H. De la Fuente,22,178,69,77,1400000,78,54,59,70,64,75,,,,,,,,,,,,,,,,,,,,,54,59,70,64,75
D. Frare,23,187,69,77,1400000,58,44,47,51,68,76,,,,,,,,,,,,,,,,,,,,,44,47,51,68,76
N. Mujakić,21,189,69,77,1400000,61,28,42,45,69,73,,,,,,,,,,,,,,,,,,,,,28,42,45,69,73
Pedro Amaral,21,178,69,77,1400000,74,45,52,68,69,69,,,,,,,,,,,,,,,,,,,,,45,52,68,69,69
Willyan,24,193,69,77,1400000,50,31,39,42,68,75,,,,,,,,,,,,,,,,,,,,,31,39,42,68,75
V. Janjičić,20,180,69,76,1400000,65,47,61,66,67,75,,,,,,,,,,,,,,,,,,,,,47,61,66,67,75
H. Ongenda,24,171,69,75,1400000,77,62,64,76,34,55,,,,,,,,,,,,,,,,,,,,,62,64,76,34,55
D. Holmes,24,173,69,75,1400000,78,55,61,75,47,46,,,,,,,,,,,,,,,,,,,,,55,61,75,47,46
F. Bahlouli,24,182,69,75,1400000,65,60,66,75,44,62,,,,,,,,,,,,,,,,,,,,,60,66,75,44,62
J. Byrne,23,175,69,75,1400000,69,63,68,71,52,68,,,,,,,,,,,,,,,,,,,,,63,68,71,52,68
J. Narváez,24,181,69,75,1400000,74,67,64,70,61,62,,,,,,,,,,,,,,,,,,,,,67,64,70,61,62
J. Minala,22,184,69,75,1400000,59,63,64,68,63,71,,,,,,,,,,,,,,,,,,,,,63,64,68,63,71
H. Fertoli,24,174,69,75,1400000,86,61,62,72,41,61,,,,,,,,,,,,,,,,,,,,,61,62,72,41,61
L. Morosini,23,175,69,75,1400000,78,59,67,71,30,60,,,,,,,,,,,,,,,,,,,,,59,67,71,30,60
Wei Shihao,24,177,69,75,1400000,83,67,64,70,34,62,,,,,,,,,,,,,,,,,,,,,67,64,70,34,62
R. Neudecker,22,175,69,75,1400000,75,58,65,73,49,51,,,,,,,,,,,,,,,,,,,,,58,65,73,49,51
D. Ivan,24,173,69,75,1400000,70,57,65,72,58,59,,,,,,,,,,,,,,,,,,,,,57,65,72,58,59
K. Misao,23,181,69,75,1400000,72,43,71,71,66,75,,,,,,,,,,,,,,,,,,,,,43,71,71,66,75
M. Hartel,23,177,69,75,1400000,74,63,65,74,31,53,,,,,,,,,,,,,,,,,,,,,63,65,74,31,53
Dani Ojeda,24,180,69,75,1400000,71,65,63,70,39,61,,,,,,,,,,,,,,,,,,,,,65,63,70,39,61
B. Başaçıkoğlu,24,179,69,74,1400000,83,68,62,75,45,57,,,,,,,,,,,,,,,,,,,,,68,62,75,45,57
E. López,24,167,69,74,1400000,75,68,66,76,34,50,,,,,,,,,,,,,,,,,,,,,68,66,76,34,50
K. Wriedt,24,188,69,74,1400000,76,67,56,67,30,72,,,,,,,,,,,,,,,,,,,,,67,56,67,30,72
G. Monachello,25,184,69,74,1400000,53,69,49,67,26,66,,,,,,,,,,,,,,,,,,,,,69,49,67,26,66
C. Lombardi,23,180,69,74,1400000,77,63,59,73,29,50,,,,,,,,,,,,,,,,,,,,,63,59,73,29,50
L. Spalvis,24,189,69,74,1400000,66,69,52,66,32,67,,,,,,,,,,,,,,,,,,,,,69,52,66,32,67
J. Kaprof,24,169,69,74,1400000,80,66,60,71,32,65,,,,,,,,,,,,,,,,,,,,,66,60,71,32,65
A. Barberis,25,177,69,74,1400000,67,46,67,65,59,67,,,,,,,,,,,,,,,,,,,,,46,67,65,59,67
A. El Messaoudi,23,182,69,74,1400000,66,66,61,71,65,76,,,,,,,,,,,,,,,,,,,,,66,61,71,65,76
Nano,24,178,69,74,1400000,78,66,60,70,30,65,,,,,,,,,,,,,,,,,,,,,66,60,70,30,65
S. Becker,24,180,69,74,1400000,92,65,59,69,31,67,,,,,,,,,,,,,,,,,,,,,65,59,69,31,67
C. Rodríguez,25,179,69,74,1400000,70,63,67,70,44,61,,,,,,,,,,,,,,,,,,,,,63,67,70,44,61
O. Burke,22,188,69,74,1400000,90,64,62,69,36,73,,,,,,,,,,,,,,,,,,,,,64,62,69,36,73
Sergio Santos,24,180,69,74,1400000,90,65,55,72,25,68,,,,,,,,,,,,,,,,,,,,,65,55,72,25,68
L. Jallow,24,185,69,74,1400000,88,68,61,72,31,69,,,,,,,,,,,,,,,,,,,,,68,61,72,31,69
J. Amoah,24,178,69,74,1400000,71,51,64,75,61,65,,,,,,,,,,,,,,,,,,,,,51,64,75,61,65
M. Osman,25,183,69,74,1400000,57,62,69,68,53,66,,,,,,,,,,,,,,,,,,,,,62,69,68,53,66
H. Toledo,23,179,69,74,1400000,75,66,66,72,46,60,,,,,,,,,,,,,,,,,,,,,66,66,72,46,60
Benito,23,178,69,74,1400000,82,63,63,69,33,56,,,,,,,,,,,,,,,,,,,,,63,63,69,33,56
P. Förster,24,188,69,74,1400000,67,59,66,69,55,74,,,,,,,,,,,,,,,,,,,,,59,66,69,55,74
I. Ljubić,22,184,69,74,1400000,65,62,64,68,66,69,,,,,,,,,,,,,,,,,,,,,62,64,68,66,69
A. Gholizadeh,23,176,69,74,1400000,76,57,64,70,41,67,,,,,,,,,,,,,,,,,,,,,57,64,70,41,67
C. Albanis,24,184,69,74,1400000,72,67,61,72,38,63,,,,,,,,,,,,,,,,,,,,,67,61,72,38,63
I. Vînă,24,179,69,74,1400000,91,58,62,71,34,57,,,,,,,,,,,,,,,,,,,,,58,62,71,34,57
J. Williams,25,168,69,73,1400000,67,60,64,76,40,57,,,,,,,,,,,,,,,,,,,,,60,64,76,40,57
C. Şahin,24,175,69,73,1400000,91,62,60,76,29,57,,,,,,,,,,,,,,,,,,,,,62,60,76,29,57
Bruno Mendes,24,184,69,73,1400000,66,70,57,66,22,64,,,,,,,,,,,,,,,,,,,,,70,57,66,22,64
J. Cevallos,24,186,69,73,1400000,67,62,70,69,35,70,,,,,,,,,,,,,,,,,,,,,62,70,69,35,70
K. Hazard,23,171,69,73,1400000,76,60,67,74,28,56,,,,,,,,,,,,,,,,,,,,,60,67,74,28,56
D. Nagy,24,174,69,73,1400000,82,59,63,71,42,61,,,,,,,,,,,,,,,,,,,,,59,63,71,42,61
Álex López,25,186,69,73,1400000,63,65,54,65,30,68,,,,,,,,,,,,,,,,,,,,,65,54,65,30,68
Walterson,24,180,69,73,1400000,70,69,63,72,31,68,,,,,,,,,,,,,,,,,,,,,69,63,72,31,68
M. Turay,24,178,69,73,1400000,88,65,51,71,27,72,,,,,,,,,,,,,,,,,,,,,65,51,71,27,72
K. Chinen,24,177,69,73,1400000,77,65,53,68,24,65,,,,,,,,,,,,,,,,,,,,,65,53,68,24,65
A. Zreľák,25,183,69,73,1400000,69,67,43,62,30,75,,,,,,,,,,,,,,,,,,,,,67,43,62,30,75
R. Ibarra,24,174,69,73,1400000,86,62,66,68,36,67,,,,,,,,,,,,,,,,,,,,,62,66,68,36,67
F. Holender,24,180,69,72,1400000,79,68,63,70,26,59,,,,,,,,,,,,,,,,,,,,,68,63,70,26,59
O. Wijndal,19,176,68,80,1400000,84,38,57,71,64,64,,,,,,,,,,,,,,,,,,,,,38,57,71,64,64
J. Rasmussen,22,190,68,79,1400000,59,33,53,57,66,71,,,,,,,,,,,,,,,,,,,,,33,53,57,66,71
P. Estupiñán,21,175,68,79,1400000,77,32,59,60,65,58,,,,,,,,,,,,,,,,,,,,,32,59,60,65,58
M. Müldür,20,185,68,79,1400000,79,49,57,65,66,70,,,,,,,,,,,,,,,,,,,,,49,57,65,66,70
L. Valenti,20,188,68,79,1400000,60,38,45,52,65,76,,,,,,,,,,,,,,,,,,,,,38,45,52,65,76
G. Gaudino,22,179,68,78,1400000,66,41,68,72,50,43,,,,,,,,,,,,,,,,,,,,,41,68,72,50,43
Y. Herrera,21,184,68,78,1400000,57,56,63,65,66,69,,,,,,,,,,,,,,,,,,,,,56,63,65,66,69
A. Androutsos,22,175,68,78,1400000,76,64,66,69,57,60,,,,,,,,,,,,,,,,,,,,,64,66,69,57,60
L. Verstraete,20,186,68,78,1400000,65,53,66,66,65,75,,,,,,,,,,,,,,,,,,,,,53,66,66,65,75
M. Pessina,22,183,68,78,1400000,68,48,65,69,62,61,,,,,,,,,,,,,,,,,,,,,48,65,69,62,61
Tete Morente,22,180,68,78,1400000,84,66,63,71,43,66,,,,,,,,,,,,,,,,,,,,,66,63,71,43,66
V. Drchal,19,185,68,78,1400000,77,61,47,65,27,72,,,,,,,,,,,,,,,,,,,,,61,47,65,27,72
De Frutos,22,173,68,78,1400000,83,64,61,70,34,48,,,,,,,,,,,,,,,,,,,,,64,61,70,34,48
Berto Cayarga,22,170,68,78,1400000,76,64,65,70,25,62,,,,,,,,,,,,,,,,,,,,,64,65,70,25,62
I. Toney,23,179,68,77,1400000,74,64,53,67,40,73,,,,,,,,,,,,,,,,,,,,,64,53,67,40,73
C. Mahoney,22,175,68,77,1400000,75,61,63,72,38,47,,,,,,,,,,,,,,,,,,,,,61,63,72,38,47
L. Valzania,23,184,68,77,1400000,69,60,63,68,58,60,,,,,,,,,,,,,,,,,,,,,60,63,68,58,60
T. Cantwell,21,184,68,77,1400000,70,61,65,72,36,46,,,,,,,,,,,,,,,,,,,,,61,65,72,36,46
C. Teuchert,22,182,68,77,1400000,78,65,54,72,29,64,,,,,,,,,,,,,,,,,,,,,65,54,72,29,64
D. Valoyes,22,180,68,77,1400000,80,69,61,67,44,64,,,,,,,,,,,,,,,,,,,,,69,61,67,44,64
R. Curtis,23,182,68,77,1400000,87,62,60,70,40,75,,,,,,,,,,,,,,,,,,,,,62,60,70,40,75
V. Sierro,23,187,68,77,1400000,67,58,62,63,58,69,,,,,,,,,,,,,,,,,,,,,58,62,63,58,69
V. Marchetti,21,181,68,77,1400000,69,60,67,68,64,62,,,,,,,,,,,,,,,,,,,,,60,67,68,64,62
A. Grgić,22,188,68,77,1400000,58,54,71,63,62,70,,,,,,,,,,,,,,,,,,,,,54,71,63,62,70
A. Kalulu,23,166,68,77,1400000,91,63,57,74,32,51,,,,,,,,,,,,,,,,,,,,,63,57,74,32,51
L. Coulibaly,23,183,68,77,1400000,78,53,61,69,70,73,,,,,,,,,,,,,,,,,,,,,53,61,69,70,73
José Machín,22,184,68,77,1400000,64,54,67,70,54,63,,,,,,,,,,,,,,,,,,,,,54,67,70,54,63
I. Šaponjić,21,190,68,77,1400000,73,67,44,62,31,67,,,,,,,,,,,,,,,,,,,,,67,44,62,31,67
K. Staude,22,176,68,77,1400000,77,60,60,75,44,54,,,,,,,,,,,,,,,,,,,,,60,60,75,44,54
T. Vlietinck,21,179,68,77,1400000,80,57,65,67,54,50,,,,,,,,,,,,,,,,,,,,,57,65,67,54,50
D. Irandust,21,185,68,77,1400000,74,55,63,69,41,62,,,,,,,,,,,,,,,,,,,,,55,63,69,41,62
K. Sierhuis,21,180,68,77,1400000,58,72,51,58,29,73,,,,,,,,,,,,,,,,,,,,,72,51,58,29,73
R. Dwamena,23,186,68,77,1400000,78,67,58,67,21,73,,,,,,,,,,,,,,,,,,,,,67,58,67,21,73
L. Fiordilino,22,177,68,77,1400000,81,57,67,70,66,68,,,,,,,,,,,,,,,,,,,,,57,67,70,66,68
Leonardo Rocha,21,196,68,77,1400000,64,68,46,64,21,61,,,,,,,,,,,,,,,,,,,,,68,46,64,21,61
N. Moreno,22,175,68,77,1400000,77,62,64,70,48,56,,,,,,,,,,,,,,,,,,,,,62,64,70,48,56
T. Itō,22,163,68,77,1400000,81,49,59,81,22,34,,,,,,,,,,,,,,,,,,,,,49,59,81,22,34
Aitor Ruibal,23,176,68,77,1400000,73,69,61,67,26,56,,,,,,,,,,,,,,,,,,,,,69,61,67,26,56
P. Martínez,22,180,68,77,1400000,85,59,60,72,34,54,,,,,,,,,,,,,,,,,,,,,59,60,72,34,54
Getúlio,22,187,68,77,1400000,70,68,58,62,30,61,,,,,,,,,,,,,,,,,,,,,68,58,62,30,61
T. Adarabioyo,21,196,67,80,1400000,59,29,46,55,67,70,,,,,,,,,,,,,,,,,,,,,29,46,55,67,70
K. Bielik,21,194,67,80,1400000,60,45,61,64,67,70,,,,,,,,,,,,,,,,,,,,,45,61,64,67,70
B. Rovira,22,177,67,80,1400000,57,59,65,61,66,72,,,,,,,,,,,,,,,,,,,,,59,65,61,66,72
Diego Alende,21,184,67,80,1400000,45,26,42,46,67,69,,,,,,,,,,,,,,,,,,,,,26,42,46,67,69
C. McLennan,19,182,67,80,1400000,75,60,60,68,22,61,,,,,,,,,,,,,,,,,,,,,60,60,68,22,61
F. Kadioglu,19,173,67,80,1400000,72,59,65,71,33,55,,,,,,,,,,,,,,,,,,,,,59,65,71,33,55
F. Delorenzi,21,179,67,80,1400000,60,29,45,45,67,70,,,,,,,,,,,,,,,,,,,,,29,45,45,67,70
M. El Hacen,21,181,67,80,1400000,42,38,52,56,68,77,,,,,,,,,,,,,,,,,,,,,38,52,56,68,77
K. Soni,21,183,67,79,1400000,79,60,59,71,44,67,,,,,,,,,,,,,,,,,,,,,60,59,71,44,67
Joni Montiel,20,173,67,79,1400000,63,58,63,68,44,41,,,,,,,,,,,,,,,,,,,,,58,63,68,44,41
A. Hadžiahmetović,22,179,67,79,1400000,69,56,65,68,56,69,,,,,,,,,,,,,,,,,,,,,56,65,68,56,69
E. Demirović,21,185,67,79,1400000,62,70,43,63,36,68,,,,,,,,,,,,,,,,,,,,,70,43,63,36,68
M. Ojeda,20,179,67,79,1400000,76,54,62,70,29,58,,,,,,,,,,,,,,,,,,,,,54,62,70,29,58
O. Moruţan,20,172,67,79,1400000,72,56,58,74,32,63,,,,,,,,,,,,,,,,,,,,,56,58,74,32,63
A. Lioi,22,174,67,79,1400000,70,58,61,70,52,57,,,,,,,,,,,,,,,,,,,,,58,61,70,52,57
J. López Pissano,22,180,67,79,1400000,72,47,63,73,41,59,,,,,,,,,,,,,,,,,,,,,47,63,73,41,59
M. Gómez,20,170,67,79,1400000,80,53,58,70,52,59,,,,,,,,,,,,,,,,,,,,,53,58,70,52,59
Y. Benrahou,20,170,67,79,1400000,69,52,65,71,41,43,,,,,,,,,,,,,,,,,,,,,52,65,71,41,43
Álex Blanco,20,175,67,79,1400000,80,58,62,68,36,52,,,,,,,,,,,,,,,,,,,,,58,62,68,36,52
Alex Bermejo,20,183,67,79,1400000,70,63,65,66,52,59,,,,,,,,,,,,,,,,,,,,,63,65,66,52,59
R. Nteka,21,189,67,79,1400000,71,64,61,69,62,74,,,,,,,,,,,,,,,,,,,,,64,61,69,62,74
D. Jastrzembski,19,177,66,84,1400000,80,61,60,69,35,58,,,,,,,,,,,,,,,,,,,,,61,60,69,35,58
R. Guitane,20,170,66,83,1400000,77,54,62,72,30,45,,,,,,,,,,,,,,,,,,,,,54,62,72,30,45
Pedro Neto,19,172,66,83,1400000,78,62,53,72,22,41,,,,,,,,,,,,,,,,,,,,,62,53,72,22,41
T. Sandoval,20,185,66,82,1400000,68,62,46,63,25,68,,,,,,,,,,,,,,,,,,,,,62,46,63,25,68
M. Sylla,19,181,66,82,1400000,79,64,53,68,22,53,,,,,,,,,,,,,,,,,,,,,64,53,68,22,53
Miguel,19,180,66,82,1400000,75,64,48,65,30,66,,,,,,,,,,,,,,,,,,,,,64,48,65,30,66
A. Gaich,20,190,66,82,1400000,53,65,50,60,22,67,,,,,,,,,,,,,,,,,,,,,65,50,60,22,67
José Gomes,20,178,66,81,1400000,81,62,42,65,26,59,,,,,,,,,,,,,,,,,,,,,62,42,65,26,59
D. Kutesa,21,176,66,81,1400000,89,58,58,70,38,63,,,,,,,,,,,,,,,,,,,,,58,58,70,38,63
M. Coulibaly,20,183,66,81,1400000,72,57,64,65,63,71,,,,,,,,,,,,,,,,,,,,,57,64,65,63,71
Jeong Woo Yeong,19,179,66,81,1400000,75,54,59,70,35,54,,,,,,,,,,,,,,,,,,,,,54,59,70,35,54
C. Capone,20,183,66,81,1400000,70,59,60,73,20,50,,,,,,,,,,,,,,,,,,,,,59,60,73,20,50
Show,20,180,66,81,1400000,62,47,64,66,63,64,,,,,,,,,,,,,,,,,,,,,47,64,66,63,64
B. Enobakhare,21,179,66,80,1400000,80,57,58,76,27,60,,,,,,,,,,,,,,,,,,,,,57,58,76,27,60
Pepelu,20,185,66,80,1400000,42,58,69,66,53,57,,,,,,,,,,,,,,,,,,,,,58,69,66,53,57
M. Browne,21,179,66,80,1400000,83,57,61,69,27,66,,,,,,,,,,,,,,,,,,,,,57,61,69,27,66
J. Maja,20,180,66,80,1400000,76,67,52,62,28,56,,,,,,,,,,,,,,,,,,,,,67,52,62,28,56
J. Hastie,20,181,66,80,1400000,81,62,57,68,31,55,,,,,,,,,,,,,,,,,,,,,62,57,68,31,55
M. Léris,21,186,66,80,1400000,62,63,62,63,61,68,,,,,,,,,,,,,,,,,,,,,63,62,63,61,68
T. Buitink,19,174,66,80,1400000,71,66,52,65,23,64,,,,,,,,,,,,,,,,,,,,,66,52,65,23,64
R. Martínez,36,184,73,73,1300000,53,70,72,70,58,69,,,,,,,,,,,,,,,,,,,,,70,72,70,58,69
Javi Fuego,35,181,73,73,1300000,38,60,67,65,73,72,,,,,,,,,,,,,,,,,,,,,60,67,65,73,72
O. Fink,37,187,73,73,1300000,40,63,72,65,70,78,,,,,,,,,,,,,,,,,,,,,63,72,65,70,78
Juliano Mascarinhas,35,183,73,73,1300000,64,53,65,63,73,75,,,,,,,,,,,,,,,,,,,,,53,65,63,73,75
C. Bryson,32,170,70,70,1300000,66,67,65,69,64,68,,,,,,,,,,,,,,,,,,,,,67,65,69,64,68
A. Aldrete,31,177,70,70,1300000,73,54,65,67,67,69,,,,,,,,,,,,,,,,,,,,,54,65,67,67,69
G. Dorrans,32,179,70,70,1300000,55,65,72,70,56,66,,,,,,,,,,,,,,,,,,,,,65,72,70,56,66
R. Leeuwin,31,187,70,70,1300000,53,43,58,51,68,75,,,,,,,,,,,,,,,,,,,,,43,58,51,68,75
S. Marinos,31,178,70,70,1300000,68,45,63,62,71,67,,,,,,,,,,,,,,,,,,,,,45,63,62,71,67
T. Clarke,31,180,70,70,1300000,52,30,38,39,71,77,,,,,,,,,,,,,,,,,,,,,30,38,39,71,77
J. Pearce,31,185,70,70,1300000,43,23,43,46,70,78,,,,,,,,,,,,,,,,,,,,,23,43,46,70,78
P. Ebert,32,176,70,70,1300000,63,69,74,70,59,66,,,,,,,,,,,,,,,,,,,,,69,74,70,59,66
C. Gülselam,31,192,70,70,1300000,48,59,57,59,73,79,,,,,,,,,,,,,,,,,,,,,59,57,59,73,79
A. Cissokho,31,181,70,70,1300000,72,59,61,63,71,75,,,,,,,,,,,,,,,,,,,,,59,61,63,71,75
A. Power,31,178,70,70,1300000,46,50,64,66,63,75,,,,,,,,,,,,,,,,,,,,,50,64,66,63,75
R. Espinoza,32,180,70,70,1300000,58,67,67,70,70,79,,,,,,,,,,,,,,,,,,,,,67,67,70,70,79
J. Flum,31,190,70,70,1300000,42,63,68,64,68,70,,,,,,,,,,,,,,,,,,,,,63,68,64,68,70
A. Elmohamady,31,183,70,70,1300000,69,64,70,69,66,72,,,,,,,,,,,,,,,,,,,,,64,70,69,66,72
A. Uchida,31,176,70,70,1300000,63,46,69,70,70,62,,,,,,,,,,,,,,,,,,,,,46,69,70,70,62
G. Kagelmacher,31,183,70,70,1300000,64,44,66,62,71,70,,,,,,,,,,,,,,,,,,,,,44,66,62,71,70
P. Klingmann,31,180,70,70,1300000,66,58,64,63,69,72,,,,,,,,,,,,,,,,,,,,,58,64,63,69,72
A. Salvi,31,183,70,70,1300000,80,59,64,68,66,74,,,,,,,,,,,,,,,,,,,,,59,64,68,66,74
Kim Eun Sun,31,182,70,70,1300000,71,59,64,64,68,74,,,,,,,,,,,,,,,,,,,,,59,64,64,68,74
José Mari,31,180,70,70,1300000,68,60,66,66,66,73,,,,,,,,,,,,,,,,,,,,,60,66,66,66,73
T. Schütz,31,181,70,70,1300000,63,52,68,61,68,73,,,,,,,,,,,,,,,,,,,,,52,68,61,68,73
M. Hartmann,31,193,70,70,1300000,44,56,55,53,73,80,,,,,,,,,,,,,,,,,,,,,56,55,53,73,80
Gabriel,31,176,70,70,1300000,79,42,60,70,66,74,,,,,,,,,,,,,,,,,,,,,42,60,70,66,74
J. Sánchez,31,177,70,70,1300000,69,63,69,69,65,73,,,,,,,,,,,,,,,,,,,,,63,69,69,65,73
Barbosaldinho,31,186,70,70,1300000,53,29,47,39,70,72,,,,,,,,,,,,,,,,,,,,,29,47,39,70,72
Lourival Dinisco,31,188,70,70,1300000,62,52,53,48,71,69,,,,,,,,,,,,,,,,,,,,,52,53,48,71,69
Ansel Barnisco,31,184,70,70,1300000,63,54,65,62,70,72,,,,,,,,,,,,,,,,,,,,,54,65,62,70,72
N. Romat,31,182,70,70,1300000,62,49,56,63,70,75,,,,,,,,,,,,,,,,,,,,,49,56,63,70,75
R. Nagaki,31,173,70,70,1300000,45,57,70,69,72,73,,,,,,,,,,,,,,,,,,,,,57,70,69,72,73
J. Vanlerberghe,23,190,69,76,1300000,67,59,67,65,67,73,,,,,,,,,,,,,,,,,,,,,59,67,65,67,73
L. Lindsay,23,190,69,76,1300000,55,34,49,49,68,77,,,,,,,,,,,,,,,,,,,,,34,49,49,68,77
S. Marreh,23,186,69,76,1300000,39,31,55,54,68,77,,,,,,,,,,,,,,,,,,,,,31,55,54,68,77
B. Whiteman,23,185,69,76,1300000,71,60,65,67,63,74,,,,,,,,,,,,,,,,,,,,,60,65,67,63,74
D. Wouters,22,191,69,76,1300000,51,35,58,58,67,75,,,,,,,,,,,,,,,,,,,,,35,58,58,67,75
B. Van Durmen,22,185,69,76,1300000,54,45,62,63,66,72,,,,,,,,,,,,,,,,,,,,,45,62,63,66,72
Undabarrena,24,182,69,76,1300000,53,55,70,67,66,68,,,,,,,,,,,,,,,,,,,,,55,70,67,66,68
G. Aburjania,24,186,69,76,1300000,62,60,68,67,66,67,,,,,,,,,,,,,,,,,,,,,60,68,67,66,67
C. Kipré,22,193,69,76,1300000,67,32,41,42,67,80,,,,,,,,,,,,,,,,,,,,,32,41,42,67,80
I. Sackey,25,190,69,76,1300000,48,59,56,60,73,82,,,,,,,,,,,,,,,,,,,,,59,56,60,73,82
J. Pius,23,193,69,76,1300000,56,46,49,53,68,74,,,,,,,,,,,,,,,,,,,,,46,49,53,68,74
I. Cristea,24,184,69,76,1300000,58,36,41,53,69,73,,,,,,,,,,,,,,,,,,,,,36,41,53,69,73
P. Dawidowicz,24,189,69,75,1300000,65,46,61,60,67,75,,,,,,,,,,,,,,,,,,,,,46,61,60,67,75
Varela,24,174,69,75,1300000,76,54,65,70,64,63,,,,,,,,,,,,,,,,,,,,,54,65,70,64,63
J. Gyamerah,24,184,69,75,1300000,74,45,61,70,67,65,,,,,,,,,,,,,,,,,,,,,45,61,70,67,65
A. Pérez,25,182,69,75,1300000,69,33,53,57,67,73,,,,,,,,,,,,,,,,,,,,,33,53,57,67,73
M. Clark,23,180,69,75,1300000,70,52,62,67,68,69,,,,,,,,,,,,,,,,,,,,,52,62,67,68,69
M. Curado,24,187,69,75,1300000,57,36,41,39,67,74,,,,,,,,,,,,,,,,,,,,,36,41,39,67,74
J. Gorenc Stanković,23,190,69,75,1300000,49,48,60,63,69,66,,,,,,,,,,,,,,,,,,,,,48,60,63,69,66
J. Dehm,23,181,69,75,1300000,84,48,63,67,61,66,,,,,,,,,,,,,,,,,,,,,48,63,67,61,66
J. Hromada,23,180,69,75,1300000,75,54,64,69,67,69,,,,,,,,,,,,,,,,,,,,,54,64,69,67,69
L. Godoy,24,180,69,75,1300000,72,38,61,68,67,76,,,,,,,,,,,,,,,,,,,,,38,61,68,67,76
L. Caicedo,23,172,69,75,1300000,66,49,57,69,63,80,,,,,,,,,,,,,,,,,,,,,49,57,69,63,80
S. Nakatani,23,184,69,75,1300000,74,24,39,45,68,73,,,,,,,,,,,,,,,,,,,,,24,39,45,68,73
T. Kida,24,169,69,75,1300000,71,43,60,60,61,80,,,,,,,,,,,,,,,,,,,,,43,60,60,61,80
Thiago Martins,24,185,69,75,1300000,73,39,50,54,70,70,,,,,,,,,,,,,,,,,,,,,39,50,54,70,70
D. Bates,22,190,69,75,1300000,59,24,41,42,69,71,,,,,,,,,,,,,,,,,,,,,24,41,42,69,71
Cris Salvador,24,183,69,75,1300000,63,51,62,69,64,75,,,,,,,,,,,,,,,,,,,,,51,62,69,64,75
H. Morita,24,177,69,75,1300000,68,46,61,65,66,69,,,,,,,,,,,,,,,,,,,,,46,61,65,66,69
Óscar Valentín,24,177,69,75,1300000,65,45,61,62,68,69,,,,,,,,,,,,,,,,,,,,,45,61,62,68,69
D. Valdez,25,181,69,75,1300000,67,49,64,60,66,71,,,,,,,,,,,,,,,,,,,,,49,64,60,66,71
H. Hermannsson,24,190,69,74,1300000,50,24,50,55,67,75,,,,,,,,,,,,,,,,,,,,,24,50,55,67,75
J. Radošević,25,180,69,74,1300000,60,59,61,57,69,73,,,,,,,,,,,,,,,,,,,,,59,61,57,69,73
P. Bijen,24,189,69,74,1300000,53,39,48,59,68,75,,,,,,,,,,,,,,,,,,,,,39,48,59,68,75
P. Seguin,24,186,69,74,1300000,65,50,63,64,68,72,,,,,,,,,,,,,,,,,,,,,50,63,64,68,72
N. Ueda,24,186,69,74,1300000,55,30,44,44,70,70,,,,,,,,,,,,,,,,,,,,,30,44,44,70,70
J. Verlaat,23,192,69,74,1300000,49,26,43,46,68,73,,,,,,,,,,,,,,,,,,,,,26,43,46,68,73
A. Vukotić,23,201,69,74,1300000,31,40,49,44,69,76,,,,,,,,,,,,,,,,,,,,,40,49,44,69,76
J. Van den Bergh,24,189,69,74,1300000,67,35,60,57,68,72,,,,,,,,,,,,,,,,,,,,,35,60,57,68,72
M. Valoti,25,187,69,73,1300000,67,61,73,74,47,44,,,,,,,,,,,,,,,,,,,,,61,73,74,47,44
M. Ricci,25,179,69,73,1300000,72,56,67,68,52,62,,,,,,,,,,,,,,,,,,,,,56,67,68,52,62
B. Halimi,24,170,69,73,1300000,72,66,66,77,54,55,,,,,,,,,,,,,,,,,,,,,66,66,77,54,55
R. Klingenburg,25,190,69,73,1300000,59,64,63,69,59,77,,,,,,,,,,,,,,,,,,,,,64,63,69,59,77
R. González,25,175,69,73,1300000,63,47,65,67,68,65,,,,,,,,,,,,,,,,,,,,,47,65,67,68,65
S. Gustafson,24,186,69,73,1300000,57,59,68,72,59,64,,,,,,,,,,,,,,,,,,,,,59,68,72,59,64
Park Yong Woo,25,186,69,73,1300000,54,60,63,61,62,81,,,,,,,,,,,,,,,,,,,,,60,63,61,62,81
E. Hussain,26,176,69,72,1300000,68,63,67,70,62,64,,,,,,,,,,,,,,,,,,,,,63,67,70,62,64
C. Fierro,24,175,69,72,1300000,87,62,61,71,33,62,,,,,,,,,,,,,,,,,,,,,62,61,71,33,62
E. Torres,26,183,69,72,1300000,69,69,66,66,34,68,,,,,,,,,,,,,,,,,,,,,69,66,66,34,68
A. O'Brien,25,183,69,72,1300000,74,64,64,68,33,70,,,,,,,,,,,,,,,,,,,,,64,64,68,33,70
R. Wolski,26,180,69,72,1300000,70,62,69,69,34,59,,,,,,,,,,,,,,,,,,,,,62,69,69,34,59
S. Berahino,25,180,69,72,1300000,71,70,56,68,27,59,,,,,,,,,,,,,,,,,,,,,70,56,68,27,59
Gus Ledes,26,173,69,72,1300000,68,62,71,70,65,69,,,,,,,,,,,,,,,,,,,,,62,71,70,65,69
D. Rubio,26,179,69,72,1300000,66,70,57,69,36,65,,,,,,,,,,,,,,,,,,,,,70,57,69,36,65
B. Omrani,25,187,69,72,1300000,62,65,70,69,33,79,,,,,,,,,,,,,,,,,,,,,65,70,69,33,79
Guillermo,26,181,69,72,1300000,76,66,59,69,31,73,,,,,,,,,,,,,,,,,,,,,66,59,69,31,73
L. Nangis,25,172,69,72,1300000,79,62,63,71,21,55,,,,,,,,,,,,,,,,,,,,,62,63,71,21,55
B. Tashchy,25,192,69,72,1300000,69,65,61,67,36,76,,,,,,,,,,,,,,,,,,,,,65,61,67,36,76
J. Walker,26,175,69,72,1300000,80,65,65,70,40,65,,,,,,,,,,,,,,,,,,,,,65,65,70,40,65
M. Yattara,25,185,69,72,1300000,75,70,56,67,25,67,,,,,,,,,,,,,,,,,,,,,70,56,67,25,67
T. Eisfeld,26,177,69,72,1300000,68,63,69,69,37,59,,,,,,,,,,,,,,,,,,,,,63,69,69,37,59
M. Duffy,24,179,69,72,1300000,78,62,64,69,44,67,,,,,,,,,,,,,,,,,,,,,62,64,69,44,67
K. Kodro,25,190,69,72,1300000,57,67,59,66,40,69,,,,,,,,,,,,,,,,,,,,,67,59,66,40,69
J. Lowe,24,183,69,72,1300000,91,62,60,73,32,59,,,,,,,,,,,,,,,,,,,,,62,60,73,32,59
M. Konczkowski,25,181,69,72,1300000,78,40,68,67,61,70,,,,,,,,,,,,,,,,,,,,,40,68,67,61,70
N. Storm,24,178,69,72,1300000,78,63,63,71,31,57,,,,,,,,,,,,,,,,,,,,,63,63,71,31,57
J. Maclaren,25,179,69,72,1300000,81,66,59,69,37,73,,,,,,,,,,,,,,,,,,,,,66,59,69,37,73
H. Manzala,25,177,69,72,1300000,81,67,62,71,36,60,,,,,,,,,,,,,,,,,,,,,67,62,71,36,60
J. Cavallaro,25,172,69,72,1300000,78,67,65,73,34,61,,,,,,,,,,,,,,,,,,,,,67,65,73,34,61
M. Gómez,25,186,69,72,1300000,70,62,65,70,60,71,,,,,,,,,,,,,,,,,,,,,62,65,70,60,71
Y. Moreno,24,177,69,72,1300000,78,61,64,72,28,63,,,,,,,,,,,,,,,,,,,,,61,64,72,28,63
D. Kolovos,26,184,69,72,1300000,70,67,66,70,26,60,,,,,,,,,,,,,,,,,,,,,67,66,70,26,60
D. Agazzi,26,173,69,72,1300000,64,46,64,69,64,68,,,,,,,,,,,,,,,,,,,,,46,64,69,64,68
T. Mauricio,25,169,69,72,1300000,78,68,64,73,30,53,,,,,,,,,,,,,,,,,,,,,68,64,73,30,53
Q. Cornette,25,172,69,72,1300000,83,65,63,73,45,57,,,,,,,,,,,,,,,,,,,,,65,63,73,45,57
F. Álvarez,26,184,69,72,1300000,73,64,67,72,31,65,,,,,,,,,,,,,,,,,,,,,64,67,72,31,65
Kim Jong Woo,25,181,69,72,1300000,72,63,66,68,59,50,,,,,,,,,,,,,,,,,,,,,63,66,68,59,50
U. Nayir,26,191,69,72,1300000,67,66,45,65,22,70,,,,,,,,,,,,,,,,,,,,,66,45,65,22,70
M. Suzuki,25,185,69,72,1300000,77,68,51,65,18,58,,,,,,,,,,,,,,,,,,,,,68,51,65,18,58
G. Notsuda,25,177,69,72,1300000,73,62,66,69,53,68,,,,,,,,,,,,,,,,,,,,,62,66,69,53,68
J. Kouffaty,26,169,69,72,1300000,70,55,67,73,37,60,,,,,,,,,,,,,,,,,,,,,55,67,73,37,60
D. Flores,26,171,69,72,1300000,70,63,68,70,44,55,,,,,,,,,,,,,,,,,,,,,63,68,70,44,55
I. Atiemwen,23,180,69,72,1300000,81,67,63,70,44,68,,,,,,,,,,,,,,,,,,,,,67,63,70,44,68
G. Chaalali,25,179,69,72,1300000,63,69,67,73,39,60,,,,,,,,,,,,,,,,,,,,,69,67,73,39,60
G. Robail,25,182,69,72,1300000,71,64,71,71,46,57,,,,,,,,,,,,,,,,,,,,,64,71,71,46,57
Jesús Jiménez,25,182,69,72,1300000,76,58,64,69,35,65,,,,,,,,,,,,,,,,,,,,,58,64,69,35,65
A. Paločević,25,180,69,72,1300000,68,56,68,73,52,66,,,,,,,,,,,,,,,,,,,,,56,68,73,52,66
K. Przybyłko,26,192,69,71,1300000,64,69,51,63,28,75,,,,,,,,,,,,,,,,,,,,,69,51,63,28,75
A. Ngando,25,179,69,71,1300000,67,67,68,73,37,37,,,,,,,,,,,,,,,,,,,,,67,68,73,37,37
D. Diamantakos,26,182,69,71,1300000,75,69,58,68,29,74,,,,,,,,,,,,,,,,,,,,,69,58,68,29,74
E. Flores,25,170,69,71,1300000,76,63,65,74,37,57,,,,,,,,,,,,,,,,,,,,,63,65,74,37,57
Douglas Tanque,25,188,69,71,1300000,36,71,46,58,31,75,,,,,,,,,,,,,,,,,,,,,71,46,58,31,75
B. Bahn,26,180,69,71,1300000,79,65,70,71,35,62,,,,,,,,,,,,,,,,,,,,,65,70,71,35,62
J. Bolingi,25,188,69,71,1300000,76,65,60,70,40,65,,,,,,,,,,,,,,,,,,,,,65,60,70,40,65
Aylton Boa Morte,25,182,69,71,1300000,78,64,61,72,28,66,,,,,,,,,,,,,,,,,,,,,64,61,72,28,66
D. Frieser,25,176,69,71,1300000,75,65,64,70,44,67,,,,,,,,,,,,,,,,,,,,,65,64,70,44,67
J. Agudelo,26,185,69,70,1300000,76,65,61,71,39,69,,,,,,,,,,,,,,,,,,,,,65,61,71,39,69
T. Bradshaw,26,178,69,70,1300000,78,66,48,67,26,68,,,,,,,,,,,,,,,,,,,,,66,48,67,26,68
S. Johnson,26,178,69,70,1300000,89,65,53,67,23,74,,,,,,,,,,,,,,,,,,,,,65,53,67,23,74
M. Campos,25,178,69,70,1300000,73,69,46,67,31,67,,,,,,,,,,,,,,,,,,,,,69,46,67,31,67
N. Stojiljković,26,181,69,70,1300000,66,68,58,65,36,70,,,,,,,,,,,,,,,,,,,,,68,58,65,36,70
R. Pirrello,23,190,68,78,1300000,67,47,54,54,67,74,,,,,,,,,,,,,,,,,,,,,47,54,54,67,74
J. Dunne,21,183,68,78,1300000,52,37,50,54,68,63,,,,,,,,,,,,,,,,,,,,,37,50,54,68,63
A. Trusty,20,191,68,78,1300000,78,40,47,47,66,76,,,,,,,,,,,,,,,,,,,,,40,47,47,66,76
G. Arteaga,20,174,68,78,1300000,81,48,62,66,64,64,,,,,,,,,,,,,,,,,,,,,48,62,66,64,64
Junio,22,182,68,78,1300000,72,33,56,65,64,65,,,,,,,,,,,,,,,,,,,,,33,56,65,64,65
G. Nyamsi,22,194,68,78,1300000,59,29,46,48,65,75,,,,,,,,,,,,,,,,,,,,,29,46,48,65,75
K. Hause,23,191,68,77,1300000,63,45,56,55,67,72,,,,,,,,,,,,,,,,,,,,,45,56,55,67,72
E. Capradossi,23,185,68,77,1300000,64,21,31,38,70,68,,,,,,,,,,,,,,,,,,,,,21,31,38,70,68
Pleguezuelo,22,180,68,77,1300000,68,35,55,66,68,64,,,,,,,,,,,,,,,,,,,,,35,55,66,68,64
P. Dziczek,21,179,68,77,1300000,63,47,60,65,63,73,,,,,,,,,,,,,,,,,,,,,47,60,65,63,73
B. Gimber,22,188,68,77,1300000,56,41,53,53,67,71,,,,,,,,,,,,,,,,,,,,,41,53,53,67,71
J. Rodon,21,193,68,77,1300000,54,29,46,54,67,68,,,,,,,,,,,,,,,,,,,,,29,46,54,67,68
J. Duverne,21,184,68,77,1300000,63,31,55,59,68,67,,,,,,,,,,,,,,,,,,,,,31,55,59,68,67
Jaílson,23,187,68,77,1300000,70,54,59,61,68,74,,,,,,,,,,,,,,,,,,,,,54,59,61,68,74
C. Paredes,21,183,68,77,1300000,69,62,66,64,64,67,,,,,,,,,,,,,,,,,,,,,62,66,64,64,67
G. Mensah,20,177,68,77,1300000,78,56,61,71,61,65,,,,,,,,,,,,,,,,,,,,,56,61,71,61,65
L. Krejčí,20,187,68,77,1300000,64,56,62,64,66,72,,,,,,,,,,,,,,,,,,,,,56,62,64,66,72
S. Gallagher,23,193,68,76,1300000,63,68,53,64,44,70,,,,,,,,,,,,,,,,,,,,,68,53,64,44,70
V. Černý,21,182,68,76,1300000,84,62,59,74,27,46,,,,,,,,,,,,,,,,,,,,,62,59,74,27,46
R. Brown,23,175,68,76,1300000,80,63,65,70,56,66,,,,,,,,,,,,,,,,,,,,,63,65,70,56,66
C. Cadden,22,183,68,76,1300000,76,60,65,69,50,73,,,,,,,,,,,,,,,,,,,,,60,65,69,50,73
F. Bonazzoli,22,182,68,76,1300000,72,64,51,65,28,62,,,,,,,,,,,,,,,,,,,,,64,51,65,28,62
Raúl Guti,22,177,68,76,1300000,68,61,61,65,64,76,,,,,,,,,,,,,,,,,,,,,61,61,65,64,76
R. Manning,23,172,68,76,1300000,66,60,65,68,62,66,,,,,,,,,,,,,,,,,,,,,60,65,68,62,66
A. La Gumina,23,182,68,76,1300000,77,66,57,68,38,68,,,,,,,,,,,,,,,,,,,,,66,57,68,38,68
A. Engin,22,180,68,76,1300000,80,56,61,71,40,56,,,,,,,,,,,,,,,,,,,,,56,61,71,40,56
Y. Yeboah,22,175,68,76,1300000,90,59,56,73,25,43,,,,,,,,,,,,,,,,,,,,,59,56,73,25,43
K. Salazar,23,170,68,76,1300000,72,53,66,72,42,49,,,,,,,,,,,,,,,,,,,,,53,66,72,42,49
K. Endo,21,175,68,76,1300000,79,48,65,68,47,68,,,,,,,,,,,,,,,,,,,,,48,65,68,47,68
Toni Martínez,22,187,68,76,1300000,63,68,49,62,24,65,,,,,,,,,,,,,,,,,,,,,68,49,62,24,65
N. Seufert,22,182,68,76,1300000,67,51,66,70,60,60,,,,,,,,,,,,,,,,,,,,,51,66,70,60,60
N. Shipnoski,21,184,68,76,1300000,87,57,58,72,25,48,,,,,,,,,,,,,,,,,,,,,57,58,72,25,48
V. Marcel,22,180,68,76,1300000,71,62,67,71,49,56,,,,,,,,,,,,,,,,,,,,,62,67,71,49,56
M. Domínguez,19,159,68,76,1300000,76,58,65,70,38,55,,,,,,,,,,,,,,,,,,,,,58,65,70,38,55
A. Badji,21,189,68,76,1300000,85,66,41,66,26,80,,,,,,,,,,,,,,,,,,,,,66,41,66,26,80
U. Antuna,21,174,68,76,1300000,87,55,60,72,31,48,,,,,,,,,,,,,,,,,,,,,55,60,72,31,48
W. Kanga,21,183,68,76,1300000,75,63,60,68,24,65,,,,,,,,,,,,,,,,,,,,,63,60,68,24,65
K. Zohi,22,177,68,76,1300000,78,66,58,72,24,55,,,,,,,,,,,,,,,,,,,,,66,58,72,24,55
L. Heredia,22,185,68,76,1300000,72,64,64,70,34,67,,,,,,,,,,,,,,,,,,,,,64,64,70,34,67
Pep Biel,22,167,68,76,1300000,67,65,67,67,56,68,,,,,,,,,,,,,,,,,,,,,65,67,67,56,68
F. Druijf,21,190,68,76,1300000,54,70,49,60,33,70,,,,,,,,,,,,,,,,,,,,,70,49,60,33,70
Pejiño,22,174,68,76,1300000,69,60,64,71,36,45,,,,,,,,,,,,,,,,,,,,,60,64,71,36,45
M. Salas,21,173,68,76,1300000,71,67,61,72,29,69,,,,,,,,,,,,,,,,,,,,,67,61,72,29,69
Pipa,21,175,68,76,1300000,76,54,64,70,62,64,,,,,,,,,,,,,,,,,,,,,54,64,70,62,64
F. El Melali,22,168,68,76,1300000,72,60,62,76,29,38,,,,,,,,,,,,,,,,,,,,,60,62,76,29,38
E. Zidane,24,184,68,75,1300000,66,62,66,71,32,52,,,,,,,,,,,,,,,,,,,,,62,66,71,32,52
J. Green,24,173,68,75,1300000,77,66,62,74,27,52,,,,,,,,,,,,,,,,,,,,,66,62,74,27,52
J. Harrop,23,175,68,75,1300000,66,61,69,70,39,46,,,,,,,,,,,,,,,,,,,,,61,69,70,39,46
Rúben Oliveira,24,170,68,75,1300000,74,59,65,71,49,50,,,,,,,,,,,,,,,,,,,,,59,65,71,49,50
C. Arango,24,178,68,75,1300000,70,66,53,70,32,69,,,,,,,,,,,,,,,,,,,,,66,53,70,32,69
V. Parigini,23,180,68,75,1300000,72,66,55,73,25,55,,,,,,,,,,,,,,,,,,,,,66,55,73,25,55
I. Ledezma,23,170,68,75,1300000,63,67,61,72,32,53,,,,,,,,,,,,,,,,,,,,,67,61,72,32,53
Dani Romera,23,173,68,75,1300000,84,67,54,70,28,62,,,,,,,,,,,,,,,,,,,,,67,54,70,28,62
L. Gooch,23,173,68,75,1300000,79,59,64,70,51,71,,,,,,,,,,,,,,,,,,,,,59,64,70,51,71
J. Cardona,24,169,68,75,1300000,75,61,61,72,45,59,,,,,,,,,,,,,,,,,,,,,61,61,72,45,59
G. Kyei,23,188,68,75,1300000,64,65,50,65,26,76,,,,,,,,,,,,,,,,,,,,,65,50,65,26,76
David Concha,22,178,68,75,1300000,63,64,64,73,33,52,,,,,,,,,,,,,,,,,,,,,64,64,73,33,52
V. Dávila,21,173,68,75,1300000,71,66,63,75,30,54,,,,,,,,,,,,,,,,,,,,,66,63,75,30,54
C. Ibargüen,23,180,68,75,1300000,73,68,50,65,28,80,,,,,,,,,,,,,,,,,,,,,68,50,65,28,80
E. Pavlidis,20,180,68,75,1300000,67,69,58,65,41,75,,,,,,,,,,,,,,,,,,,,,69,58,65,41,75
M. Koné,22,174,68,75,1300000,89,63,50,68,30,56,,,,,,,,,,,,,,,,,,,,,63,50,68,30,56
K. Edwards,21,172,68,75,1300000,79,55,63,75,37,56,,,,,,,,,,,,,,,,,,,,,55,63,75,37,56
D. Prokop,22,171,68,75,1300000,79,57,59,77,40,58,,,,,,,,,,,,,,,,,,,,,57,59,77,40,58
K. Miyoshi,22,167,68,75,1300000,92,61,63,70,35,59,,,,,,,,,,,,,,,,,,,,,61,63,70,35,59
A. Balić,21,180,68,75,1300000,55,57,71,72,52,55,,,,,,,,,,,,,,,,,,,,,57,71,72,52,55
D. Johnsen,21,185,68,75,1300000,81,57,65,74,26,59,,,,,,,,,,,,,,,,,,,,,57,65,74,26,59
G. Papunashvili,23,179,68,75,1300000,71,66,66,71,34,59,,,,,,,,,,,,,,,,,,,,,66,66,71,34,59
D. de Wit,21,183,68,75,1300000,67,68,65,65,62,78,,,,,,,,,,,,,,,,,,,,,68,65,65,62,78
Barrenetxea,17,178,67,80,1300000,72,66,59,70,24,37,,,,,,,,,,,,,,,,,,,,,66,59,70,24,37
R. Oxford,20,191,67,79,1300000,69,33,52,55,66,69,,,,,,,,,,,,,,,,,,,,,33,52,55,66,69
J. Ruiz,21,188,67,79,1300000,69,42,58,60,65,71,,,,,,,,,,,,,,,,,,,,,42,58,60,65,71
J. Masson,21,182,67,79,1300000,64,37,58,57,65,74,,,,,,,,,,,,,,,,,,,,,37,58,57,65,74
M. Carraro,21,187,67,79,1300000,57,55,65,66,64,66,,,,,,,,,,,,,,,,,,,,,55,65,66,64,66
A. Danzi,20,175,67,79,1300000,61,42,66,66,60,58,,,,,,,,,,,,,,,,,,,,,42,66,66,60,58
S. Agouzoul,21,191,67,79,1300000,58,38,53,51,67,68,,,,,,,,,,,,,,,,,,,,,38,53,51,67,68
B. Carvallo,22,164,67,78,1300000,75,59,60,72,27,48,,,,,,,,,,,,,,,,,,,,,59,60,72,27,48
S. Ojo,22,179,67,78,1300000,78,60,61,70,31,56,,,,,,,,,,,,,,,,,,,,,60,61,70,31,56
G. Docherty,22,177,67,78,1300000,66,56,65,68,59,73,,,,,,,,,,,,,,,,,,,,,56,65,68,59,73
J. Drolè,21,185,67,78,1300000,92,59,56,68,32,66,,,,,,,,,,,,,,,,,,,,,59,56,68,32,66
D. Vergara,22,172,67,78,1300000,74,63,54,69,31,66,,,,,,,,,,,,,,,,,,,,,63,54,69,31,66
S. Clare,22,190,67,78,1300000,72,63,65,65,44,62,,,,,,,,,,,,,,,,,,,,,63,65,65,44,62
Yago,22,173,67,78,1300000,88,62,59,71,32,44,,,,,,,,,,,,,,,,,,,,,62,59,71,32,44
M. Wilks,20,183,67,78,1300000,83,63,54,70,21,67,,,,,,,,,,,,,,,,,,,,,63,54,70,21,67
M. Andersen,20,176,67,78,1300000,71,53,64,69,52,61,,,,,,,,,,,,,,,,,,,,,53,64,69,52,61
Y. Guzmán,21,172,67,78,1300000,75,55,61,73,30,43,,,,,,,,,,,,,,,,,,,,,55,61,73,30,43
A. Ouahim,21,175,67,78,1300000,77,56,61,72,36,52,,,,,,,,,,,,,,,,,,,,,56,61,72,36,52
C. Munder,19,166,67,78,1300000,82,62,60,69,31,55,,,,,,,,,,,,,,,,,,,,,62,60,69,31,55
L. Necul,19,171,67,78,1300000,77,57,66,72,45,51,,,,,,,,,,,,,,,,,,,,,57,66,72,45,51
J. Keita,20,168,67,78,1300000,89,62,53,73,32,44,,,,,,,,,,,,,,,,,,,,,62,53,73,32,44
L. Suárez,21,185,67,78,1300000,83,66,60,67,33,70,,,,,,,,,,,,,,,,,,,,,66,60,67,33,70
I. Abass,20,173,67,78,1300000,86,66,50,70,27,67,,,,,,,,,,,,,,,,,,,,,66,50,70,27,67
Victor Campuzano,22,174,67,78,1300000,76,67,57,66,19,60,,,,,,,,,,,,,,,,,,,,,67,57,66,19,60
D. Janošek,21,183,67,78,1300000,72,62,63,65,61,67,,,,,,,,,,,,,,,,,,,,,62,63,65,61,67
Escriche,21,182,67,77,1300000,68,66,51,65,35,54,,,,,,,,,,,,,,,,,,,,,66,51,65,35,54
D. Jovanović,20,185,67,77,1300000,67,68,56,64,22,61,,,,,,,,,,,,,,,,,,,,,68,56,64,22,61
A. Loba,21,180,67,77,1300000,80,65,54,69,21,67,,,,,,,,,,,,,,,,,,,,,65,54,69,21,67
Anderson Oliveira,21,186,67,77,1300000,59,66,57,64,26,63,,,,,,,,,,,,,,,,,,,,,66,57,64,26,63
J. Doku,17,171,66,86,1300000,88,51,56,74,26,44,,,,,,,,,,,,,,,,,,,,,51,56,74,26,44
R. Matondo,18,175,66,85,1300000,88,56,61,68,31,49,,,,,,,,,,,,,,,,,,,,,56,61,68,31,49
Y. Adli,18,186,66,85,1300000,61,53,65,71,57,60,,,,,,,,,,,,,,,,,,,,,53,65,71,57,60
A. Marin,18,182,66,85,1300000,79,58,61,72,32,55,,,,,,,,,,,,,,,,,,,,,58,61,72,32,55
O. Solet,19,192,66,84,1300000,69,35,53,60,62,71,,,,,,,,,,,,,,,,,,,,,35,53,60,62,71
G. Tsitaishvili,18,171,66,84,1300000,80,55,59,74,33,39,,,,,,,,,,,,,,,,,,,,,55,59,74,33,39
Tiago Djaló,19,190,66,84,1300000,64,40,56,60,65,70,,,,,,,,,,,,,,,,,,,,,40,56,60,65,70
J. Ferreira,18,173,66,83,1300000,84,64,44,62,24,61,,,,,,,,,,,,,,,,,,,,,64,44,62,24,61
I. Diveev,19,193,66,83,1300000,61,34,47,42,67,68,,,,,,,,,,,,,,,,,,,,,34,47,42,67,68
L. Traoré,18,183,66,83,1300000,79,64,50,69,28,67,,,,,,,,,,,,,,,,,,,,,64,50,69,28,67
F. Medina,20,180,66,82,1300000,78,33,52,63,64,67,,,,,,,,,,,,,,,,,,,,,33,52,63,64,67
Sergio López,20,179,66,82,1300000,80,55,62,67,62,58,,,,,,,,,,,,,,,,,,,,,55,62,67,62,58
Robert,18,178,66,81,1300000,72,59,67,69,26,40,,,,,,,,,,,,,,,,,,,,,59,67,69,26,40
M. Camara,21,193,66,80,1300000,70,35,45,45,65,72,,,,,,,,,,,,,,,,,,,,,35,45,45,65,72
D. Hancko,21,188,66,80,1300000,57,41,58,58,67,65,,,,,,,,,,,,,,,,,,,,,41,58,58,67,65
G. Rodríguez,35,182,73,73,1200000,54,48,58,61,72,75,,,,,,,,,,,,,,,,,,,,,48,58,61,72,75
F. Peluso,35,188,73,73,1200000,52,49,58,59,75,69,,,,,,,,,,,,,,,,,,,,,49,58,59,75,69
Aitor Sanz,34,181,72,72,1200000,59,61,72,67,66,72,,,,,,,,,,,,,,,,,,,,,61,72,67,66,72
J. Bottinelli,34,180,72,72,1200000,33,36,51,47,73,66,,,,,,,,,,,,,,,,,,,,,36,51,47,73,66
J. Barroso,34,175,72,72,1200000,63,47,58,54,72,74,,,,,,,,,,,,,,,,,,,,,47,58,54,72,74
N. Lombaerts,34,187,72,72,1200000,32,44,62,52,76,69,,,,,,,,,,,,,,,,,,,,,44,62,52,76,69
Y. Cahuzac,34,178,72,72,1200000,42,46,64,60,70,77,,,,,,,,,,,,,,,,,,,,,46,64,60,70,77
David Fernández,34,186,72,72,1200000,56,44,58,51,75,71,,,,,,,,,,,,,,,,,,,,,44,58,51,75,71
H. Özmert,34,183,72,72,1200000,41,66,72,67,70,71,,,,,,,,,,,,,,,,,,,,,66,72,67,70,71
A. Wilkinson,34,187,72,72,1200000,40,46,54,50,71,79,,,,,,,,,,,,,,,,,,,,,46,54,50,71,79
S. Gentiletti,34,186,72,72,1200000,53,38,57,61,71,71,,,,,,,,,,,,,,,,,,,,,38,57,61,71,71
Susaeta,34,178,71,71,1200000,63,70,74,71,53,63,,,,,,,,,,,,,,,,,,,,,70,74,71,53,63
J. Perbet,34,184,71,71,1200000,47,74,50,59,24,63,,,,,,,,,,,,,,,,,,,,,74,50,59,24,63
A. Tettey,33,180,71,71,1200000,64,64,64,62,71,76,,,,,,,,,,,,,,,,,,,,,64,64,62,71,76
P. Gallagher,34,185,71,71,1200000,53,68,74,67,61,62,,,,,,,,,,,,,,,,,,,,,68,74,67,61,62
H. Goitom,34,189,71,71,1200000,55,68,65,67,45,76,,,,,,,,,,,,,,,,,,,,,68,65,67,45,76
A. Matri,34,183,71,71,1200000,60,68,58,67,37,65,,,,,,,,,,,,,,,,,,,,,68,58,67,37,65
G. Cameron,33,191,71,71,1200000,58,55,66,66,71,76,,,,,,,,,,,,,,,,,,,,,55,66,66,71,76
A. Costa,34,176,71,71,1200000,57,70,73,71,68,63,,,,,,,,,,,,,,,,,,,,,70,73,71,68,63
J. Gol,33,182,71,71,1200000,62,63,68,70,68,76,,,,,,,,,,,,,,,,,,,,,63,68,70,68,76
D. Lekić,34,193,71,71,1200000,45,71,58,64,32,71,,,,,,,,,,,,,,,,,,,,,71,58,64,32,71
M. Cabrera,33,177,71,71,1200000,70,61,74,76,64,63,,,,,,,,,,,,,,,,,,,,,61,74,76,64,63
B. Johnson,32,178,70,70,1200000,52,73,65,66,69,80,,,,,,,,,,,,,,,,,,,,,73,65,66,69,80
W. Brama,32,176,70,70,1200000,49,53,66,66,67,69,,,,,,,,,,,,,,,,,,,,,53,66,66,67,69
R. Tesche,32,180,70,70,1200000,57,67,70,69,66,71,,,,,,,,,,,,,,,,,,,,,67,70,69,66,71
Shin Hyung Min,32,182,70,70,1200000,66,63,71,64,63,74,,,,,,,,,,,,,,,,,,,,,63,71,64,63,74
J. Domínguez,32,175,70,70,1200000,68,49,68,67,66,70,,,,,,,,,,,,,,,,,,,,,49,68,67,66,70
J. Grimm,32,181,70,70,1200000,49,58,56,60,73,69,,,,,,,,,,,,,,,,,,,,,58,56,60,73,69
C. Guzmán,25,176,69,74,1200000,73,47,57,68,66,71,,,,,,,,,,,,,,,,,,,,,47,57,68,66,71
J. Obita,25,180,69,74,1200000,76,63,69,69,67,63,,,,,,,,,,,,,,,,,,,,,63,69,69,67,63
S. Walsh,24,180,69,74,1200000,67,31,61,65,68,73,,,,,,,,,,,,,,,,,,,,,31,61,65,68,73
D. John,24,178,69,74,1200000,87,56,63,74,61,64,,,,,,,,,,,,,,,,,,,,,56,63,74,61,64
D. Rosero Valencia,25,183,69,74,1200000,64,38,48,51,69,77,,,,,,,,,,,,,,,,,,,,,38,48,51,69,77
A. Ferrari,25,191,69,74,1200000,68,32,51,63,72,69,,,,,,,,,,,,,,,,,,,,,32,51,63,72,69
L. Venuti,24,176,69,74,1200000,74,26,51,64,66,60,,,,,,,,,,,,,,,,,,,,,26,51,64,66,60
T. Pachonik,24,185,69,74,1200000,73,49,59,65,66,78,,,,,,,,,,,,,,,,,,,,,49,59,65,66,78
J. Tverskov,26,185,69,74,1200000,57,43,52,56,68,72,,,,,,,,,,,,,,,,,,,,,43,52,56,68,72
David García,25,185,69,74,1200000,52,36,57,61,67,72,,,,,,,,,,,,,,,,,,,,,36,57,61,67,72
B. Ampuero,25,182,69,74,1200000,52,24,53,43,69,73,,,,,,,,,,,,,,,,,,,,,24,53,43,69,73
B. Nieuwkoop,23,181,69,74,1200000,76,43,65,66,67,72,,,,,,,,,,,,,,,,,,,,,43,65,66,67,72
C. Verdonk,22,174,69,74,1200000,67,59,69,67,68,69,,,,,,,,,,,,,,,,,,,,,59,69,67,68,69
M. Vojvoda,24,186,69,74,1200000,67,45,66,65,67,69,,,,,,,,,,,,,,,,,,,,,45,66,65,67,69
Johannesson,25,176,69,74,1200000,82,44,61,63,63,70,,,,,,,,,,,,,,,,,,,,,44,61,63,63,70
J. Müller,25,183,69,74,1200000,67,36,49,49,69,71,,,,,,,,,,,,,,,,,,,,,36,49,49,69,71
Martínez,26,188,69,74,1200000,48,36,51,53,68,70,,,,,,,,,,,,,,,,,,,,,36,51,53,68,70
N. Lima,24,175,69,74,1200000,82,63,62,70,64,72,,,,,,,,,,,,,,,,,,,,,63,62,70,64,72
G. Soto,25,175,69,74,1200000,74,24,55,65,66,61,,,,,,,,,,,,,,,,,,,,,24,55,65,66,61
J. Rodríguez,25,188,69,74,1200000,56,34,49,52,69,71,,,,,,,,,,,,,,,,,,,,,34,49,52,69,71
D. Henry,26,188,69,73,1200000,56,44,50,49,66,75,,,,,,,,,,,,,,,,,,,,,44,50,49,66,75
G. Valsvik,26,196,69,73,1200000,52,47,46,39,69,81,,,,,,,,,,,,,,,,,,,,,47,46,39,69,81
L. Azouni,25,175,69,73,1200000,72,56,67,70,64,72,,,,,,,,,,,,,,,,,,,,,56,67,70,64,72
A. Bell,25,180,69,73,1200000,83,49,57,70,65,68,,,,,,,,,,,,,,,,,,,,,49,57,70,65,68
D. Bain,25,181,69,73,1200000,66,25,43,44,67,75,,,,,,,,,,,,,,,,,,,,,25,43,44,67,75
L. Gülen,25,185,69,73,1200000,78,30,50,62,67,75,,,,,,,,,,,,,,,,,,,,,30,50,62,67,75
P. Polomat,25,183,69,73,1200000,78,48,63,63,65,75,,,,,,,,,,,,,,,,,,,,,48,63,63,65,75
Buatu,25,187,69,73,1200000,59,41,53,53,67,74,,,,,,,,,,,,,,,,,,,,,41,53,53,67,74
M. Sarr,25,196,69,73,1200000,44,32,54,48,67,80,,,,,,,,,,,,,,,,,,,,,32,54,48,67,80
L. Evans,24,186,69,73,1200000,53,62,71,65,62,71,,,,,,,,,,,,,,,,,,,,,62,71,65,62,71
O. Bosso,25,167,69,73,1200000,80,38,60,56,66,62,,,,,,,,,,,,,,,,,,,,,38,60,56,66,62
M. Nalepa,26,189,69,73,1200000,48,44,49,59,65,82,,,,,,,,,,,,,,,,,,,,,44,49,59,65,82
Alberto,26,186,69,73,1200000,63,56,59,64,65,83,,,,,,,,,,,,,,,,,,,,,56,59,64,65,83
H. Kamara,25,168,69,73,1200000,77,58,65,71,65,62,,,,,,,,,,,,,,,,,,,,,58,65,71,65,62
Auro,23,168,69,73,1200000,74,51,65,73,64,62,,,,,,,,,,,,,,,,,,,,,51,65,73,64,62
Philipe Sampaio,24,191,69,73,1200000,34,36,45,44,68,80,,,,,,,,,,,,,,,,,,,,,36,45,44,68,80
J. Laporte,25,185,69,73,1200000,59,27,43,49,68,79,,,,,,,,,,,,,,,,,,,,,27,43,49,68,79
Matheus Reis,24,184,69,73,1200000,66,43,56,64,68,72,,,,,,,,,,,,,,,,,,,,,43,56,64,68,72
R. Krauße,25,179,69,73,1200000,69,36,53,60,67,80,,,,,,,,,,,,,,,,,,,,,36,53,60,67,80
T. Iwanami,25,186,69,73,1200000,69,24,53,46,66,72,,,,,,,,,,,,,,,,,,,,,24,53,46,66,72
T. Nara,25,180,69,73,1200000,72,38,45,52,67,75,,,,,,,,,,,,,,,,,,,,,38,45,52,67,75
T. Augello,24,180,69,73,1200000,78,39,60,67,66,61,,,,,,,,,,,,,,,,,,,,,39,60,67,66,61
A. Radovanović,25,189,69,73,1200000,45,29,47,46,68,75,,,,,,,,,,,,,,,,,,,,,29,47,46,68,75
M. Havel,24,183,69,73,1200000,67,32,58,65,67,65,,,,,,,,,,,,,,,,,,,,,32,58,65,67,65
C. Belu-Iordache,25,185,69,73,1200000,82,30,60,60,65,67,,,,,,,,,,,,,,,,,,,,,30,60,60,65,67
G. Thorne,26,188,69,72,1200000,49,61,66,63,67,67,,,,,,,,,,,,,,,,,,,,,61,66,63,67,67
J. Scowen,26,178,69,72,1200000,60,54,63,66,67,71,,,,,,,,,,,,,,,,,,,,,54,63,66,67,71
W. Zahibo,25,191,69,72,1200000,56,48,57,61,67,83,,,,,,,,,,,,,,,,,,,,,48,57,61,67,83
M. Pearson,25,190,69,72,1200000,65,48,51,55,69,73,,,,,,,,,,,,,,,,,,,,,48,51,55,69,73
T. Lam,25,188,69,72,1200000,63,54,60,61,67,73,,,,,,,,,,,,,,,,,,,,,54,60,61,67,73
M. Wallace,26,188,69,72,1200000,55,27,45,52,68,77,,,,,,,,,,,,,,,,,,,,,27,45,52,68,77
P. Ziereis,26,189,69,72,1200000,72,24,52,56,68,68,,,,,,,,,,,,,,,,,,,,,24,52,56,68,68
B. Touré,27,183,69,72,1200000,43,52,63,64,68,72,,,,,,,,,,,,,,,,,,,,,52,63,64,68,72
V. Alvarado,26,181,69,72,1200000,60,41,57,50,69,72,,,,,,,,,,,,,,,,,,,,,41,57,50,69,72
J. Une Larsson,25,180,69,72,1200000,67,44,52,48,68,74,,,,,,,,,,,,,,,,,,,,,44,52,48,68,74
H. Urrego,26,187,69,72,1200000,54,33,47,48,68,77,,,,,,,,,,,,,,,,,,,,,33,47,48,68,77
S. Martínez,25,175,69,72,1200000,67,54,63,66,65,67,,,,,,,,,,,,,,,,,,,,,54,63,66,65,67
M. Laba,27,175,69,72,1200000,67,56,62,64,65,73,,,,,,,,,,,,,,,,,,,,,56,62,64,65,73
J. Murillo,25,183,69,72,1200000,78,38,53,60,68,76,,,,,,,,,,,,,,,,,,,,,38,53,60,68,76
T. Pellenard,25,182,69,72,1200000,63,36,61,66,68,69,,,,,,,,,,,,,,,,,,,,,36,61,66,68,69
Shi Ke,26,184,69,72,1200000,62,26,39,41,70,73,,,,,,,,,,,,,,,,,,,,,26,39,41,70,73
J. Moya,26,185,69,72,1200000,50,33,42,42,71,69,,,,,,,,,,,,,,,,,,,,,33,42,42,71,69
N. Falasco,25,182,69,72,1200000,70,50,64,68,68,72,,,,,,,,,,,,,,,,,,,,,50,64,68,68,72
S. Muroya,25,176,69,72,1200000,86,58,58,60,62,72,,,,,,,,,,,,,,,,,,,,,58,58,60,62,72
J. Glesnes,25,188,69,72,1200000,63,47,54,58,66,77,,,,,,,,,,,,,,,,,,,,,47,54,58,66,77
A. Artean,25,186,69,72,1200000,73,61,64,66,63,72,,,,,,,,,,,,,,,,,,,,,61,64,66,63,72
M. Ritzmaier,26,180,69,71,1200000,71,64,70,70,55,66,,,,,,,,,,,,,,,,,,,,,64,70,70,55,66
Ewerton,26,179,69,71,1200000,57,60,65,69,70,71,,,,,,,,,,,,,,,,,,,,,60,65,69,70,71
J. Marquis,27,185,69,70,1200000,70,66,51,62,38,87,,,,,,,,,,,,,,,,,,,,,66,51,62,38,87
Renato Neto,27,185,69,70,1200000,36,64,71,66,71,67,,,,,,,,,,,,,,,,,,,,,64,71,66,71,67
A. Merkel,27,177,69,70,1200000,69,61,72,70,57,61,,,,,,,,,,,,,,,,,,,,,61,72,70,57,61
T. Bruns,27,177,69,70,1200000,71,62,68,68,61,68,,,,,,,,,,,,,,,,,,,,,62,68,68,61,68
R. Boateng,26,178,69,70,1200000,70,66,62,68,66,73,,,,,,,,,,,,,,,,,,,,,66,62,68,66,73
M. Koné,27,176,69,70,1200000,80,66,55,72,30,70,,,,,,,,,,,,,,,,,,,,,66,55,72,30,70
M. van Duinen,27,185,69,70,1200000,76,65,61,65,48,75,,,,,,,,,,,,,,,,,,,,,65,61,65,48,75
N. Thomsen,26,180,69,70,1200000,65,60,68,69,49,63,,,,,,,,,,,,,,,,,,,,,60,68,69,49,63
M. Barrow,26,176,69,70,1200000,93,62,59,72,37,49,,,,,,,,,,,,,,,,,,,,,62,59,72,37,49
J. Gyau,26,175,69,70,1200000,92,59,58,73,37,66,,,,,,,,,,,,,,,,,,,,,59,58,73,37,66
L. Veldwijk,27,196,69,70,1200000,56,68,51,60,31,74,,,,,,,,,,,,,,,,,,,,,68,51,60,31,74
J. Wurtz,27,182,69,70,1200000,69,69,60,65,60,73,,,,,,,,,,,,,,,,,,,,,69,60,65,60,73
J. Böðvarsson,27,190,69,70,1200000,72,66,61,68,37,73,,,,,,,,,,,,,,,,,,,,,66,61,68,37,73
C. Valenzuela,27,163,69,70,1200000,69,55,71,71,23,35,,,,,,,,,,,,,,,,,,,,,55,71,71,23,35
J. Villota,27,170,69,70,1200000,66,62,67,71,56,63,,,,,,,,,,,,,,,,,,,,,62,67,71,56,63
T. Figueroa,27,191,69,70,1200000,32,71,49,61,31,76,,,,,,,,,,,,,,,,,,,,,71,49,61,31,76
Álvaro Peña,27,178,69,70,1200000,67,59,72,66,55,61,,,,,,,,,,,,,,,,,,,,,59,72,66,55,61
J. Mendoza,26,171,69,70,1200000,80,60,62,72,32,56,,,,,,,,,,,,,,,,,,,,,60,62,72,32,56
F. Zampano,25,177,69,70,1200000,77,45,65,71,66,69,,,,,,,,,,,,,,,,,,,,,45,65,71,66,69
M. Montini,27,179,69,70,1200000,63,66,55,63,24,66,,,,,,,,,,,,,,,,,,,,,66,55,63,24,66
I. Bel Hassani,26,175,69,70,1200000,65,64,72,71,38,57,,,,,,,,,,,,,,,,,,,,,64,72,71,38,57
J. Bègue,25,168,69,70,1200000,81,71,65,72,29,50,,,,,,,,,,,,,,,,,,,,,71,65,72,29,50
P. Twumasi,25,176,69,70,1200000,76,68,63,71,31,56,,,,,,,,,,,,,,,,,,,,,68,63,71,31,56
Wu Xinghan,26,183,69,70,1200000,84,60,62,67,52,72,,,,,,,,,,,,,,,,,,,,,60,62,67,52,72
Eguaras,27,181,69,70,1200000,60,58,70,63,67,75,,,,,,,,,,,,,,,,,,,,,58,70,63,67,75
S. Mugoša,27,188,69,70,1200000,68,67,47,67,24,66,,,,,,,,,,,,,,,,,,,,,67,47,67,24,66
Crislan,27,192,69,70,1200000,76,68,56,64,29,70,,,,,,,,,,,,,,,,,,,,,68,56,64,29,70
L. Paganini,26,182,69,70,1200000,75,54,66,72,25,58,,,,,,,,,,,,,,,,,,,,,54,66,72,25,58
S. Bolbat,26,175,69,70,1200000,75,59,65,71,34,58,,,,,,,,,,,,,,,,,,,,,59,65,71,34,58
Señé,27,183,69,70,1200000,66,61,67,67,48,51,,,,,,,,,,,,,,,,,,,,,61,67,67,48,51
H. Faik,27,190,69,70,1200000,50,67,73,68,55,63,,,,,,,,,,,,,,,,,,,,,67,73,68,55,63
T. Lorch,25,170,69,70,1200000,77,63,65,68,45,54,,,,,,,,,,,,,,,,,,,,,63,65,68,45,54
K. Bua,25,180,69,70,1200000,83,61,62,71,38,61,,,,,,,,,,,,,,,,,,,,,61,62,71,38,61
D. Cataño,27,174,69,70,1200000,72,58,64,72,45,58,,,,,,,,,,,,,,,,,,,,,58,64,72,45,58
Borja Galán,26,182,69,70,1200000,62,67,64,68,33,62,,,,,,,,,,,,,,,,,,,,,67,64,68,33,62
I. Jebali,27,186,69,70,1200000,72,69,62,72,46,69,,,,,,,,,,,,,,,,,,,,,69,62,72,46,69
B. Fernández,27,183,69,70,1200000,69,71,45,65,28,70,,,,,,,,,,,,,,,,,,,,,71,45,65,28,70
R. Shirasaki,26,181,69,70,1200000,70,64,66,69,51,70,,,,,,,,,,,,,,,,,,,,,64,66,69,51,70
F. Matei,26,175,69,70,1200000,74,58,65,75,38,56,,,,,,,,,,,,,,,,,,,,,58,65,75,38,56
A. Layouni,26,191,69,70,1200000,80,63,62,69,35,65,,,,,,,,,,,,,,,,,,,,,63,62,69,35,65
E. Aguilar,27,174,69,70,1200000,66,63,72,69,44,66,,,,,,,,,,,,,,,,,,,,,63,72,69,44,66
M. Bülter,26,188,69,70,1200000,76,65,63,72,44,63,,,,,,,,,,,,,,,,,,,,,65,63,72,44,63
D. Zúñiga,22,170,68,77,1200000,75,45,60,63,64,67,,,,,,,,,,,,,,,,,,,,,45,60,63,64,67
L. Dickmann,22,177,68,77,1200000,68,39,58,67,68,60,,,,,,,,,,,,,,,,,,,,,39,58,67,68,60
M. Pedersen,22,178,68,77,1200000,85,46,62,71,62,66,,,,,,,,,,,,,,,,,,,,,46,62,71,62,66
M. Pennington,24,185,68,76,1200000,64,33,52,52,69,68,,,,,,,,,,,,,,,,,,,,,33,52,52,69,68
A. Sørensen,23,191,68,76,1200000,58,35,54,55,68,68,,,,,,,,,,,,,,,,,,,,,35,54,55,68,68
J. Ángulo,23,182,68,76,1200000,73,34,56,67,65,74,,,,,,,,,,,,,,,,,,,,,34,56,67,65,74
H. ter Avest,22,182,68,76,1200000,71,41,55,66,66,70,,,,,,,,,,,,,,,,,,,,,41,55,66,66,70
M. Guanini,23,191,68,76,1200000,30,28,44,39,69,79,,,,,,,,,,,,,,,,,,,,,28,44,39,69,79
Jaquité,23,172,68,76,1200000,67,44,55,65,69,64,,,,,,,,,,,,,,,,,,,,,44,55,65,69,64
B. Rivero,23,170,68,76,1200000,64,42,61,64,63,69,,,,,,,,,,,,,,,,,,,,,42,61,64,63,69
M. Bareiro,24,182,68,76,1200000,69,55,63,68,66,68,,,,,,,,,,,,,,,,,,,,,55,63,68,66,68
Andoni López,23,187,68,76,1200000,74,34,57,58,65,63,,,,,,,,,,,,,,,,,,,,,34,57,58,65,63
M. Butean,22,181,68,76,1200000,80,55,60,65,65,63,,,,,,,,,,,,,,,,,,,,,55,60,65,65,63
D. Nikolaou,20,190,68,76,1200000,58,37,45,41,68,72,,,,,,,,,,,,,,,,,,,,,37,45,41,68,72
M. Robinson,22,188,68,76,1200000,75,33,45,42,66,73,,,,,,,,,,,,,,,,,,,,,33,45,42,66,73
A. Matusiwa,21,173,68,76,1200000,66,45,55,70,67,78,,,,,,,,,,,,,,,,,,,,,45,55,70,67,78
D. Ljubicic,21,186,68,76,1200000,69,60,63,67,66,68,,,,,,,,,,,,,,,,,,,,,60,63,67,66,68
Jorge Fernandes,22,193,68,76,1200000,41,34,42,49,68,75,,,,,,,,,,,,,,,,,,,,,34,42,49,68,75
Patrick William,22,186,68,76,1200000,56,51,47,51,66,72,,,,,,,,,,,,,,,,,,,,,51,47,51,66,72
E. Rakip,23,179,68,75,1200000,68,57,65,71,53,72,,,,,,,,,,,,,,,,,,,,,57,65,71,53,72
B. Thompson,23,171,68,75,1200000,69,56,64,70,66,75,,,,,,,,,,,,,,,,,,,,,56,64,70,66,75
S. Mallan,23,178,68,75,1200000,67,65,67,70,57,64,,,,,,,,,,,,,,,,,,,,,65,67,70,57,64
D. Poha,22,173,68,75,1200000,74,61,67,69,65,71,,,,,,,,,,,,,,,,,,,,,61,67,69,65,71
K. Qaka,24,170,68,74,1200000,74,56,66,74,52,62,,,,,,,,,,,,,,,,,,,,,56,66,74,52,62
C. Woodrow,24,184,68,74,1200000,69,68,54,65,31,68,,,,,,,,,,,,,,,,,,,,,68,54,65,31,68
E. Berko,24,181,68,74,1200000,84,64,61,69,43,66,,,,,,,,,,,,,,,,,,,,,64,61,69,43,66
K. Manneh,24,175,68,74,1200000,94,66,60,71,37,58,,,,,,,,,,,,,,,,,,,,,66,60,71,37,58
J. Grant,24,178,68,74,1200000,73,63,67,70,50,69,,,,,,,,,,,,,,,,,,,,,63,67,70,50,69
J. Fernández,24,177,68,74,1200000,74,54,60,68,65,75,,,,,,,,,,,,,,,,,,,,,54,60,68,65,75
D. Quiñónes,23,172,68,74,1200000,89,55,60,69,47,60,,,,,,,,,,,,,,,,,,,,,55,60,69,47,60
V. Hoff,23,181,68,74,1200000,69,56,65,69,66,66,,,,,,,,,,,,,,,,,,,,,56,65,69,66,66
L. Kelly,23,168,68,74,1200000,66,64,70,68,56,42,,,,,,,,,,,,,,,,,,,,,64,70,68,56,42
A. Novakovich,22,191,68,74,1200000,70,69,42,66,26,65,,,,,,,,,,,,,,,,,,,,,69,42,66,26,65
J. Kubicki,23,180,68,74,1200000,75,55,62,66,63,77,,,,,,,,,,,,,,,,,,,,,55,62,66,63,77
L. Zarandia,23,176,68,74,1200000,84,61,57,74,39,62,,,,,,,,,,,,,,,,,,,,,61,57,74,39,62
A. Buksa,22,192,68,74,1200000,69,66,56,65,30,68,,,,,,,,,,,,,,,,,,,,,66,56,65,30,68
U. Rivas,23,179,68,74,1200000,68,56,68,66,64,66,,,,,,,,,,,,,,,,,,,,,56,68,66,64,66
J. Petriccione,24,186,68,74,1200000,58,50,68,67,55,62,,,,,,,,,,,,,,,,,,,,,50,68,67,55,62
K. Redondo,24,180,68,74,1200000,90,62,60,70,44,56,,,,,,,,,,,,,,,,,,,,,62,60,70,44,56
Rivaldinho,24,186,68,74,1200000,75,67,44,60,24,70,,,,,,,,,,,,,,,,,,,,,67,44,60,24,70
F. Aursnes,23,179,68,74,1200000,74,64,67,67,64,71,,,,,,,,,,,,,,,,,,,,,64,67,67,64,71
W. González,24,185,68,74,1200000,63,68,50,67,30,65,,,,,,,,,,,,,,,,,,,,,68,50,67,30,65
M. Honsak,22,188,68,74,1200000,82,63,61,66,50,70,,,,,,,,,,,,,,,,,,,,,63,61,66,50,70
D. Lemos,24,175,68,74,1200000,77,71,59,67,28,63,,,,,,,,,,,,,,,,,,,,,71,59,67,28,63
S. Colombatto,22,179,68,74,1200000,65,54,69,69,56,58,,,,,,,,,,,,,,,,,,,,,54,69,69,56,58
P. Clement,23,177,68,74,1200000,69,60,68,69,57,56,,,,,,,,,,,,,,,,,,,,,60,68,69,57,56
M. Niemeyer,23,178,68,74,1200000,78,57,60,71,40,58,,,,,,,,,,,,,,,,,,,,,57,60,71,40,58
A. Grbic,22,188,68,74,1200000,73,70,53,64,23,68,,,,,,,,,,,,,,,,,,,,,70,53,64,23,68
J. Shonga,22,179,68,74,1200000,73,66,60,69,31,52,,,,,,,,,,,,,,,,,,,,,66,60,69,31,52
E. Castillo,24,175,68,74,1200000,79,65,59,72,33,65,,,,,,,,,,,,,,,,,,,,,65,59,72,33,65
E. Gallardo,22,173,68,74,1200000,84,61,62,71,29,54,,,,,,,,,,,,,,,,,,,,,61,62,71,29,54
Jon Toral,24,184,68,73,1200000,70,60,69,68,50,50,,,,,,,,,,,,,,,,,,,,,60,69,68,50,50
S. Maier,25,179,68,73,1200000,72,62,65,71,34,55,,,,,,,,,,,,,,,,,,,,,62,65,71,34,55
E. Huws,25,177,68,73,1200000,66,65,68,66,56,65,,,,,,,,,,,,,,,,,,,,,65,68,66,56,65
C. McGeehan,24,180,68,73,1200000,66,61,63,67,62,69,,,,,,,,,,,,,,,,,,,,,61,63,67,62,69
Jordi Quintillà,25,178,68,73,1200000,68,51,69,68,57,61,,,,,,,,,,,,,,,,,,,,,51,69,68,57,61
E. Marcondes,24,183,68,73,1200000,70,66,65,71,35,59,,,,,,,,,,,,,,,,,,,,,66,65,71,35,59
D. Efremov,24,180,68,73,1200000,77,58,62,71,44,51,,,,,,,,,,,,,,,,,,,,,58,62,71,44,51
P. Parra,25,175,68,73,1200000,74,61,65,69,36,50,,,,,,,,,,,,,,,,,,,,,61,65,69,36,50
M. Stefaniak,24,178,68,73,1200000,82,62,65,71,29,58,,,,,,,,,,,,,,,,,,,,,62,65,71,29,58
J. Payne,24,165,68,73,1200000,77,61,62,71,26,46,,,,,,,,,,,,,,,,,,,,,61,62,71,26,46
N. Orsini,24,186,68,73,1200000,75,63,50,64,27,65,,,,,,,,,,,,,,,,,,,,,63,50,64,27,65
Lee Gwang Hyeok,23,169,68,73,1200000,91,56,62,70,38,52,,,,,,,,,,,,,,,,,,,,,56,62,70,38,52
C. Dessers,24,185,68,73,1200000,71,70,52,63,28,70,,,,,,,,,,,,,,,,,,,,,70,52,63,28,70
E. Ohemeng,23,175,68,73,1200000,91,58,54,76,24,47,,,,,,,,,,,,,,,,,,,,,58,54,76,24,47
M. Ritter,24,173,68,73,1200000,71,63,63,73,22,53,,,,,,,,,,,,,,,,,,,,,63,63,73,22,53
C. Leemans,23,189,68,73,1200000,61,71,71,65,58,71,,,,,,,,,,,,,,,,,,,,,71,71,65,58,71
V. Jacob,25,171,68,73,1200000,73,60,64,69,44,46,,,,,,,,,,,,,,,,,,,,,60,64,69,44,46
P. van Amersfoort,23,193,68,73,1200000,64,66,60,66,51,72,,,,,,,,,,,,,,,,,,,,,66,60,66,51,72
B. Gueye,24,192,68,73,1200000,64,66,42,62,21,67,,,,,,,,,,,,,,,,,,,,,66,42,62,21,67
C. Keita,23,182,68,73,1200000,78,38,62,73,64,56,,,,,,,,,,,,,,,,,,,,,38,62,73,64,56
C. Bedia,23,190,68,73,1200000,76,64,50,66,33,70,,,,,,,,,,,,,,,,,,,,,64,50,66,33,70
Merquelanz,24,176,68,73,1200000,69,60,64,71,37,56,,,,,,,,,,,,,,,,,,,,,60,64,71,37,56
Hildeberto Pereira,23,177,68,73,1200000,84,64,59,72,53,78,,,,,,,,,,,,,,,,,,,,,64,59,72,53,78
L. Comas,24,172,68,73,1200000,85,60,58,69,25,43,,,,,,,,,,,,,,,,,,,,,60,58,69,25,43
P. Brlek,25,180,68,73,1200000,69,64,66,67,53,66,,,,,,,,,,,,,,,,,,,,,64,66,67,53,66
B. Merlini,23,165,68,73,1200000,80,55,65,74,41,55,,,,,,,,,,,,,,,,,,,,,55,65,74,41,55
S. Kaba,24,191,68,73,1200000,73,66,51,62,38,72,,,,,,,,,,,,,,,,,,,,,66,51,62,38,72
K. Kitagawa,22,180,68,73,1200000,78,64,49,64,36,63,,,,,,,,,,,,,,,,,,,,,64,49,64,36,63
Hélder Ferreira,22,179,68,73,1200000,74,64,65,71,29,53,,,,,,,,,,,,,,,,,,,,,64,65,71,29,53
C. Ekuban,25,180,68,73,1200000,79,64,59,68,26,77,,,,,,,,,,,,,,,,,,,,,64,59,68,26,77
A. Blondell,25,185,68,73,1200000,71,68,52,63,33,72,,,,,,,,,,,,,,,,,,,,,68,52,63,33,72
C. Baird,23,178,68,73,1200000,79,65,54,65,33,66,,,,,,,,,,,,,,,,,,,,,65,54,65,33,66
C. Bărbuț,24,166,68,73,1200000,94,62,58,69,22,42,,,,,,,,,,,,,,,,,,,,,62,58,69,22,42
E. Acolatse,23,180,68,72,1200000,81,66,63,69,26,62,,,,,,,,,,,,,,,,,,,,,66,63,69,26,62
G. Koomson,24,180,68,72,1200000,87,60,64,69,39,62,,,,,,,,,,,,,,,,,,,,,60,64,69,39,62
K. Friesenbichler,25,188,68,72,1200000,69,66,41,63,22,66,,,,,,,,,,,,,,,,,,,,,66,41,63,22,66
A. Gruber,24,174,68,72,1200000,74,63,65,69,27,63,,,,,,,,,,,,,,,,,,,,,63,65,69,27,63
K. Andrić,24,189,68,72,1200000,66,66,51,66,22,68,,,,,,,,,,,,,,,,,,,,,66,51,66,22,68
Y. Merdji,25,174,68,72,1200000,75,69,60,71,18,70,,,,,,,,,,,,,,,,,,,,,69,60,71,18,70
V. van Crooij,23,177,68,72,1200000,78,70,62,69,37,67,,,,,,,,,,,,,,,,,,,,,70,62,69,37,67
D. Srbeny,25,190,68,72,1200000,68,63,54,64,32,71,,,,,,,,,,,,,,,,,,,,,63,54,64,32,71
U. Ekpai,23,176,68,72,1200000,80,63,60,72,25,59,,,,,,,,,,,,,,,,,,,,,63,60,72,25,59
K. Furuhashi,24,170,68,72,1200000,77,62,65,68,26,57,,,,,,,,,,,,,,,,,,,,,62,65,68,26,57
Gonçalo Gregório,24,184,68,72,1200000,62,67,49,65,20,59,,,,,,,,,,,,,,,,,,,,,67,49,65,20,59
L. Kambole,25,170,68,72,1200000,74,71,49,66,24,55,,,,,,,,,,,,,,,,,,,,,71,49,66,24,55
R. Nyambe,21,182,67,79,1200000,77,32,54,64,65,72,,,,,,,,,,,,,,,,,,,,,32,54,64,65,72
Aitor Buñuel,21,173,67,79,1200000,77,37,58,65,62,67,,,,,,,,,,,,,,,,,,,,,37,58,65,62,67
T. Edwards,20,175,67,79,1200000,76,42,62,63,62,72,,,,,,,,,,,,,,,,,,,,,42,62,63,62,72
Gonçalo Cardoso,18,189,67,79,1200000,52,29,38,48,65,73,,,,,,,,,,,,,,,,,,,,,29,38,48,65,73
Abdu Conté,21,183,67,79,1200000,76,46,52,65,65,74,,,,,,,,,,,,,,,,,,,,,46,52,65,65,74
A. Dijksteel,22,183,67,78,1200000,73,34,57,65,64,75,,,,,,,,,,,,,,,,,,,,,34,57,65,64,75
S. Field,21,185,67,78,1200000,60,54,65,64,62,66,,,,,,,,,,,,,,,,,,,,,54,65,64,62,66
V. Mantovani,23,180,67,78,1200000,57,25,40,49,68,72,,,,,,,,,,,,,,,,,,,,,25,40,49,68,72
T. Galdames,20,178,67,78,1200000,62,50,59,51,66,70,,,,,,,,,,,,,,,,,,,,,50,59,51,66,70
A. Obispo,20,185,67,78,1200000,76,37,54,52,64,73,,,,,,,,,,,,,,,,,,,,,37,54,52,64,73
J. Ortíz,20,184,67,78,1200000,71,25,41,45,67,67,,,,,,,,,,,,,,,,,,,,,25,41,45,67,67
David Carmo,19,196,67,78,1200000,33,28,40,34,67,68,,,,,,,,,,,,,,,,,,,,,28,40,34,67,68
D. Etienne Jr.,22,178,67,77,1200000,83,60,58,73,36,61,,,,,,,,,,,,,,,,,,,,,60,58,73,36,61
J. Sims,22,168,67,77,1200000,80,60,61,72,31,47,,,,,,,,,,,,,,,,,,,,,60,61,72,31,47
T. Ambrose,22,178,67,77,1200000,81,65,58,66,29,68,,,,,,,,,,,,,,,,,,,,,65,58,66,29,68
Paolo Fernandes,20,171,67,77,1200000,77,64,60,74,35,46,,,,,,,,,,,,,,,,,,,,,64,60,74,35,46
K. Świderski,22,184,67,77,1200000,66,69,54,65,30,68,,,,,,,,,,,,,,,,,,,,,69,54,65,30,68
F. Del Sole,21,179,67,77,1200000,72,59,64,71,37,37,,,,,,,,,,,,,,,,,,,,,59,64,71,37,37
Q. Boisgard,22,174,67,77,1200000,63,58,69,67,44,60,,,,,,,,,,,,,,,,,,,,,58,69,67,44,60
R. McGree,20,178,67,77,1200000,79,62,65,71,56,67,,,,,,,,,,,,,,,,,,,,,62,65,71,56,67
L. Lappalainen,20,183,67,77,1200000,82,60,58,69,41,61,,,,,,,,,,,,,,,,,,,,,60,58,69,41,61
Y. Wissa,22,176,67,77,1200000,84,67,58,68,22,63,,,,,,,,,,,,,,,,,,,,,67,58,68,22,63
N. Schmidt,21,184,67,77,1200000,57,65,67,67,48,67,,,,,,,,,,,,,,,,,,,,,65,67,67,48,67
L. Thomas,20,168,67,77,1200000,82,52,58,71,35,59,,,,,,,,,,,,,,,,,,,,,52,58,71,35,59
H. Kane,20,177,67,77,1200000,71,59,63,65,55,60,,,,,,,,,,,,,,,,,,,,,59,63,65,55,60
Jang Gyeol Hee,21,170,67,77,1200000,71,55,63,68,57,57,,,,,,,,,,,,,,,,,,,,,55,63,68,57,57
K. Kuchaev,21,182,67,77,1200000,78,58,64,70,51,60,,,,,,,,,,,,,,,,,,,,,58,64,70,51,60
A. Koita,20,173,67,77,1200000,84,57,61,73,36,53,,,,,,,,,,,,,,,,,,,,,57,61,73,36,53
R. D'Haese,20,180,67,77,1200000,78,57,64,70,35,49,,,,,,,,,,,,,,,,,,,,,57,64,70,35,49
S. Dembele,22,173,67,77,1200000,83,54,61,69,30,44,,,,,,,,,,,,,,,,,,,,,54,61,69,30,44
Jimmy,22,170,67,77,1200000,67,43,64,66,62,56,,,,,,,,,,,,,,,,,,,,,43,64,66,62,56
S. Svendsen,21,172,67,76,1200000,82,65,62,68,37,62,,,,,,,,,,,,,,,,,,,,,65,62,68,37,62
C. Brannagan,23,180,67,76,1200000,63,62,69,64,61,67,,,,,,,,,,,,,,,,,,,,,62,69,64,61,67
L. Morgan,22,178,67,76,1200000,83,64,61,70,32,55,,,,,,,,,,,,,,,,,,,,,64,61,70,32,55
J. Hesketh,23,168,67,76,1200000,65,53,69,72,40,45,,,,,,,,,,,,,,,,,,,,,53,69,72,40,45
B. Close,22,175,67,76,1200000,72,60,65,66,62,62,,,,,,,,,,,,,,,,,,,,,60,65,66,62,62
M. Rasmussen,21,180,67,76,1200000,75,56,67,70,54,58,,,,,,,,,,,,,,,,,,,,,56,67,70,54,58
H. Tijanovich,23,173,67,76,1200000,78,66,59,68,35,61,,,,,,,,,,,,,,,,,,,,,66,59,68,35,61
L. Clemenza,21,175,67,76,1200000,65,57,68,74,33,41,,,,,,,,,,,,,,,,,,,,,57,68,74,33,41
J. Stage,22,185,67,76,1200000,75,60,65,67,60,68,,,,,,,,,,,,,,,,,,,,,60,65,67,60,68
T. Kunimoto,21,174,67,76,1200000,79,60,67,70,42,69,,,,,,,,,,,,,,,,,,,,,60,67,70,42,69
R. Miérez,22,184,67,76,1200000,69,66,51,60,34,75,,,,,,,,,,,,,,,,,,,,,66,51,60,34,75
J. Sørensen,21,184,67,76,1200000,66,55,61,67,63,70,,,,,,,,,,,,,,,,,,,,,55,61,67,63,70
S. Edera,22,174,67,76,1200000,64,66,63,72,39,38,,,,,,,,,,,,,,,,,,,,,66,63,72,39,38
Carbonell,21,182,67,76,1200000,65,63,64,70,61,57,,,,,,,,,,,,,,,,,,,,,63,64,70,61,57
G. Tormin,21,174,67,76,1200000,79,61,60,71,31,58,,,,,,,,,,,,,,,,,,,,,61,60,71,31,58
M. Berisha,21,186,67,76,1200000,71,64,54,66,30,70,,,,,,,,,,,,,,,,,,,,,64,54,66,30,70
A. Fuchs,22,184,67,76,1200000,59,50,63,69,56,66,,,,,,,,,,,,,,,,,,,,,50,63,69,56,66
B. Manu,22,170,67,76,1200000,93,58,54,72,35,63,,,,,,,,,,,,,,,,,,,,,58,54,72,35,63
C. Holse,20,175,67,76,1200000,82,59,61,70,31,56,,,,,,,,,,,,,,,,,,,,,59,61,70,31,56
Borja Sánchez,23,186,67,76,1200000,70,59,65,69,37,61,,,,,,,,,,,,,,,,,,,,,59,65,69,37,61
Bruno Costa,22,174,67,76,1200000,67,63,68,72,49,60,,,,,,,,,,,,,,,,,,,,,63,68,72,49,60
Bernardo Martins,21,176,67,76,1200000,70,60,66,70,31,57,,,,,,,,,,,,,,,,,,,,,60,66,70,31,57
M. Graiciar,20,183,67,76,1200000,74,62,52,65,25,64,,,,,,,,,,,,,,,,,,,,,62,52,65,25,64
J. Sands,18,180,66,86,1200000,57,49,58,64,64,63,,,,,,,,,,,,,,,,,,,,,49,58,64,64,63
S. van den Berg,17,194,66,84,1200000,68,30,55,63,65,66,,,,,,,,,,,,,,,,,,,,,30,55,63,65,66
N. Armini,18,185,66,84,1200000,64,38,49,53,67,63,,,,,,,,,,,,,,,,,,,,,38,49,53,67,63
Eric García,18,182,66,83,1200000,58,34,53,59,65,64,,,,,,,,,,,,,,,,,,,,,34,53,59,65,64
C. Gomes,18,180,66,81,1200000,67,56,61,63,65,62,,,,,,,,,,,,,,,,,,,,,56,61,63,65,62
L. Geertruida,18,180,66,80,1200000,76,42,53,64,63,69,,,,,,,,,,,,,,,,,,,,,42,53,64,63,69
M. Dimun,22,186,66,79,1200000,63,38,55,58,64,74,,,,,,,,,,,,,,,,,,,,,38,55,58,64,74
A. Bongiovanni,19,170,66,79,1200000,63,60,66,71,44,40,,,,,,,,,,,,,,,,,,,,,60,66,71,44,40
F. Götze,21,185,66,79,1200000,59,31,51,59,66,64,,,,,,,,,,,,,,,,,,,,,31,51,59,66,64
M. Tavernier,20,177,66,79,1200000,77,61,59,70,37,55,,,,,,,,,,,,,,,,,,,,,61,59,70,37,55
D. Mihailovic,20,178,66,79,1200000,67,59,66,65,56,63,,,,,,,,,,,,,,,,,,,,,59,66,65,56,63
Pedro Gonçalves,21,173,66,79,1200000,66,60,63,68,44,42,,,,,,,,,,,,,,,,,,,,,60,63,68,44,42
J. Cacciabue,21,173,66,79,1200000,56,46,62,63,63,61,,,,,,,,,,,,,,,,,,,,,46,62,63,63,61
J. Ekkelenkamp,19,183,66,79,1200000,65,61,61,66,58,63,,,,,,,,,,,,,,,,,,,,,61,61,66,58,63
Javi Fernández,21,195,66,79,1200000,60,36,46,47,66,68,,,,,,,,,,,,,,,,,,,,,36,46,47,66,68
Cristo González,21,178,66,78,1200000,69,66,61,68,39,54,,,,,,,,,,,,,,,,,,,,,66,61,68,39,54
N. Venema,20,181,66,78,1200000,75,67,46,59,22,55,,,,,,,,,,,,,,,,,,,,,67,46,59,22,55
N. Guerra,20,174,66,78,1200000,73,63,53,70,22,61,,,,,,,,,,,,,,,,,,,,,63,53,70,22,61
Adrián Carrasco,21,178,66,78,1200000,72,68,60,67,26,57,,,,,,,,,,,,,,,,,,,,,68,60,67,26,57
B. Saka,17,178,65,86,1200000,83,60,58,67,37,59,,,,,,,,,,,,,,,,,,,,,60,58,67,37,59
T. Chong,19,185,65,83,1200000,78,62,63,64,44,62,,,,,,,,,,,,,,,,,,,,,62,63,64,44,62
J. Carbonero,19,170,65,83,1200000,84,61,51,68,19,59,,,,,,,,,,,,,,,,,,,,,61,51,68,19,59
Marquinhos Cipriano,20,171,65,83,1200000,82,54,55,70,24,40,,,,,,,,,,,,,,,,,,,,,54,55,70,24,40
Borja Garcés,19,175,65,82,1200000,64,67,46,63,31,50,,,,,,,,,,,,,,,,,,,,,67,46,63,31,50
P. Mićin,20,189,65,82,1200000,63,65,61,69,34,53,,,,,,,,,,,,,,,,,,,,,65,61,69,34,53
A. Dozzell,20,178,65,81,1200000,74,60,66,69,43,52,,,,,,,,,,,,,,,,,,,,,60,66,69,43,52
M. Antonucci,20,181,65,81,1200000,68,55,64,68,32,47,,,,,,,,,,,,,,,,,,,,,55,64,68,32,47
F. Downes,20,172,65,81,1200000,68,49,63,66,66,70,,,,,,,,,,,,,,,,,,,,,49,63,66,66,70
Z. Celar,20,186,65,81,1200000,71,62,44,64,26,68,,,,,,,,,,,,,,,,,,,,,62,44,64,26,68
M. Güçlü,20,182,65,81,1200000,72,64,54,65,23,51,,,,,,,,,,,,,,,,,,,,,64,54,65,23,51
N. Delgadillo,21,177,65,80,1200000,77,57,60,69,31,62,,,,,,,,,,,,,,,,,,,,,57,60,69,31,62
F. Lobos,20,181,65,80,1200000,72,57,59,67,19,64,,,,,,,,,,,,,,,,,,,,,57,59,67,19,64
V. Thill,19,172,65,80,1200000,74,52,62,69,27,42,,,,,,,,,,,,,,,,,,,,,52,62,69,27,42
I. Faraj,20,177,65,80,1200000,68,58,61,70,28,43,,,,,,,,,,,,,,,,,,,,,58,61,70,28,43
T. Campbell,19,183,65,80,1200000,78,64,53,62,33,67,,,,,,,,,,,,,,,,,,,,,64,53,62,33,67
I. Louza,20,178,65,80,1200000,67,56,65,67,52,51,,,,,,,,,,,,,,,,,,,,,56,65,67,52,51
Álex Collado,20,177,65,80,1200000,67,61,64,68,53,40,,,,,,,,,,,,,,,,,,,,,61,64,68,53,40
W. Pérez,20,175,65,80,1200000,72,56,58,68,46,68,,,,,,,,,,,,,,,,,,,,,56,58,68,46,68
B. Castrillon,20,169,65,80,1200000,77,56,59,68,41,58,,,,,,,,,,,,,,,,,,,,,56,59,68,41,58
J. Piroe,19,181,65,80,1200000,66,65,52,64,28,63,,,,,,,,,,,,,,,,,,,,,65,52,64,28,63
M. Chouiar,20,177,65,79,1200000,75,58,63,67,29,50,,,,,,,,,,,,,,,,,,,,,58,63,67,29,50
N. Schiappacasse,20,182,65,79,1200000,70,63,59,70,30,53,,,,,,,,,,,,,,,,,,,,,63,59,70,30,53
R. Hack,20,176,65,79,1200000,80,60,53,73,32,45,,,,,,,,,,,,,,,,,,,,,60,53,73,32,45
R. Schmid,19,174,65,79,1200000,74,59,58,72,27,58,,,,,,,,,,,,,,,,,,,,,59,58,72,27,58
Javi Alonso,20,183,65,79,1200000,57,51,65,62,60,70,,,,,,,,,,,,,,,,,,,,,51,65,62,60,70
Moreto Cassamá,21,167,65,79,1200000,69,59,62,71,56,49,,,,,,,,,,,,,,,,,,,,,59,62,71,56,49
S. Sosa,19,178,65,79,1200000,70,57,60,69,41,53,,,,,,,,,,,,,,,,,,,,,57,60,69,41,53
L. Orellano,19,177,65,79,1200000,86,60,53,71,32,51,,,,,,,,,,,,,,,,,,,,,60,53,71,32,51
Hugo Vallejo,19,181,65,79,1200000,61,61,62,69,36,53,,,,,,,,,,,,,,,,,,,,,61,62,69,36,53
N. Boujellab,20,181,65,79,1200000,70,56,58,72,41,52,,,,,,,,,,,,,,,,,,,,,56,58,72,41,52
Ricardo Costa,38,184,74,74,1100000,41,37,47,52,74,73,,,,,,,,,,,,,,,,,,,,,37,47,52,74,73
P. Verhaegh,35,178,73,73,1100000,66,51,68,71,75,69,,,,,,,,,,,,,,,,,,,,,51,68,71,75,69
A. Eschenko,35,176,73,73,1100000,76,57,68,69,71,69,,,,,,,,,,,,,,,,,,,,,57,68,69,71,69
Oswaldito Cuba,35,170,73,73,1100000,88,68,68,77,67,57,,,,,,,,,,,,,,,,,,,,,68,68,77,67,57
Mauro Cildinho,35,172,73,73,1100000,74,46,68,75,69,58,,,,,,,,,,,,,,,,,,,,,46,68,75,69,58
Benjamin Meseira,35,180,73,73,1100000,79,45,61,69,69,73,,,,,,,,,,,,,,,,,,,,,45,61,69,69,73
M. Rosenberg,36,184,72,72,1100000,64,72,69,68,38,79,,,,,,,,,,,,,,,,,,,,,72,69,68,38,79
P. Bardsley,34,180,72,72,1100000,51,58,66,68,75,72,,,,,,,,,,,,,,,,,,,,,58,66,68,75,72
S. Floccari,37,180,72,72,1100000,59,73,61,71,27,58,,,,,,,,,,,,,,,,,,,,,73,61,71,27,58
R. Gutiérrez,36,177,72,72,1100000,64,72,53,67,31,73,,,,,,,,,,,,,,,,,,,,,72,53,67,31,73
Laure,34,171,72,72,1100000,70,46,64,67,68,65,,,,,,,,,,,,,,,,,,,,,46,64,67,68,65
Tito,33,175,71,71,1100000,69,45,65,68,70,68,,,,,,,,,,,,,,,,,,,,,45,65,68,70,68
A. Mureșan,33,189,71,71,1100000,51,45,52,43,69,82,,,,,,,,,,,,,,,,,,,,,45,52,43,69,82
U. Hünemeier,33,189,71,71,1100000,51,47,60,55,71,66,,,,,,,,,,,,,,,,,,,,,47,60,55,71,66
Feng Xiaoting,33,187,71,71,1100000,58,41,64,54,72,70,,,,,,,,,,,,,,,,,,,,,41,64,54,72,70
L. Baal,33,176,71,71,1100000,66,50,66,65,70,72,,,,,,,,,,,,,,,,,,,,,50,66,65,70,72
A. Costa,33,182,71,71,1100000,65,37,49,61,71,71,,,,,,,,,,,,,,,,,,,,,37,49,61,71,71
C. Mulgrew,33,191,71,71,1100000,51,63,70,65,71,74,,,,,,,,,,,,,,,,,,,,,63,70,65,71,74
M. Mavraj,33,189,71,71,1100000,32,27,51,41,72,70,,,,,,,,,,,,,,,,,,,,,27,51,41,72,70
H. Afful,33,168,71,71,1100000,78,58,68,70,67,68,,,,,,,,,,,,,,,,,,,,,58,68,70,67,68
G. Jara,33,178,71,71,1100000,58,47,61,62,69,76,,,,,,,,,,,,,,,,,,,,,47,61,62,69,76
Eltildo Bessa,35,165,71,71,1100000,85,68,56,77,31,45,,,,,,,,,,,,,,,,,,,,,68,56,77,31,45
Túlio Sandoiro,35,186,71,71,1100000,64,71,62,73,33,71,,,,,,,,,,,,,,,,,,,,,71,62,73,33,71
Gao Lin,33,185,70,70,1100000,74,69,67,66,53,72,,,,,,,,,,,,,,,,,,,,,69,67,66,53,72
N. Onuoha,32,188,70,70,1100000,72,33,54,53,67,78,,,,,,,,,,,,,,,,,,,,,33,54,53,67,78
Danilo Silva,32,185,70,70,1100000,71,44,62,61,68,70,,,,,,,,,,,,,,,,,,,,,44,62,61,68,70
S. Allagui,33,184,70,70,1100000,69,69,64,72,30,63,,,,,,,,,,,,,,,,,,,,,69,64,72,30,63
M. Lustig,32,189,70,70,1100000,49,53,66,64,74,74,,,,,,,,,,,,,,,,,,,,,53,66,64,74,74
Chico Flores,32,187,70,70,1100000,61,34,49,60,70,76,,,,,,,,,,,,,,,,,,,,,34,49,60,70,76
S. Iacoponi,32,180,70,70,1100000,78,32,44,53,69,68,,,,,,,,,,,,,,,,,,,,,32,44,53,69,68
B. Urribarri,32,176,70,70,1100000,83,47,67,66,62,65,,,,,,,,,,,,,,,,,,,,,47,67,66,62,65
S. Napoleoni,33,178,70,70,1100000,59,63,68,71,30,59,,,,,,,,,,,,,,,,,,,,,63,68,71,30,59
S. Rieks,32,185,70,70,1100000,78,67,66,72,62,72,,,,,,,,,,,,,,,,,,,,,67,66,72,62,72
Nuno Pinto,32,173,70,70,1100000,73,55,69,73,71,55,,,,,,,,,,,,,,,,,,,,,55,69,73,71,55
M. Drudi,32,182,70,70,1100000,64,52,60,59,70,69,,,,,,,,,,,,,,,,,,,,,52,60,59,70,69
N. Theuerkauf,32,183,70,70,1100000,57,55,65,62,71,77,,,,,,,,,,,,,,,,,,,,,55,65,62,71,77
M. Volta,32,184,70,70,1100000,55,31,43,49,69,75,,,,,,,,,,,,,,,,,,,,,31,43,49,69,75
F. Sammaritano,33,162,70,70,1100000,63,63,71,72,26,49,,,,,,,,,,,,,,,,,,,,,63,71,72,26,49
M. Yatabaré,33,186,70,70,1100000,64,70,62,66,30,74,,,,,,,,,,,,,,,,,,,,,70,62,66,30,74
G. Zusi,32,178,70,70,1100000,64,70,74,69,66,72,,,,,,,,,,,,,,,,,,,,,70,74,69,66,72
M. Rondón,33,182,70,70,1100000,69,67,65,70,26,74,,,,,,,,,,,,,,,,,,,,,67,65,70,26,74
T. Makino,32,182,70,70,1100000,67,44,61,64,67,76,,,,,,,,,,,,,,,,,,,,,44,61,64,67,76
Lee Yong,32,180,70,70,1100000,75,54,65,63,67,68,,,,,,,,,,,,,,,,,,,,,54,65,63,67,68
T. Kister,32,193,70,70,1100000,53,29,44,39,69,78,,,,,,,,,,,,,,,,,,,,,29,44,39,69,78
D. Riascos,33,180,70,70,1100000,78,66,57,68,39,76,,,,,,,,,,,,,,,,,,,,,66,57,68,39,76
W. Camacho,33,177,70,70,1100000,72,70,66,72,57,69,,,,,,,,,,,,,,,,,,,,,70,66,72,57,69
L. Lollo,32,184,70,70,1100000,32,31,41,46,70,67,,,,,,,,,,,,,,,,,,,,,31,41,46,70,67
Eric,33,176,70,70,1100000,73,70,69,69,40,68,,,,,,,,,,,,,,,,,,,,,70,69,69,40,68
E. Loeschbor,32,180,70,70,1100000,53,39,43,46,70,70,,,,,,,,,,,,,,,,,,,,,39,43,46,70,70
E. Seka,32,185,70,70,1100000,56,31,48,53,68,80,,,,,,,,,,,,,,,,,,,,,31,48,53,68,80
S. Caulker,27,191,69,72,1100000,67,30,53,51,68,71,,,,,,,,,,,,,,,,,,,,,30,53,51,68,71
J. Bidwell,26,183,69,72,1100000,68,42,65,63,67,69,,,,,,,,,,,,,,,,,,,,,42,65,63,67,69
A. Nsiala,27,193,69,72,1100000,78,38,43,44,66,86,,,,,,,,,,,,,,,,,,,,,38,43,44,66,86
F. Lewis,26,180,69,72,1100000,87,47,59,68,65,73,,,,,,,,,,,,,,,,,,,,,47,59,68,65,73
Rober Correa,26,180,69,72,1100000,71,43,60,60,68,69,,,,,,,,,,,,,,,,,,,,,43,60,60,68,69
B. Saller,26,178,69,72,1100000,72,53,67,67,64,66,,,,,,,,,,,,,,,,,,,,,53,67,67,64,66
S. Fortès,27,192,69,72,1100000,42,41,54,43,69,77,,,,,,,,,,,,,,,,,,,,,41,54,43,69,77
G. Varela,26,173,69,72,1100000,77,34,56,68,67,71,,,,,,,,,,,,,,,,,,,,,34,56,68,67,71
L. Acevedo,27,197,69,72,1100000,44,38,43,37,67,82,,,,,,,,,,,,,,,,,,,,,38,43,37,67,82
Pomares,26,182,69,72,1100000,74,40,60,60,66,73,,,,,,,,,,,,,,,,,,,,,40,60,60,66,73
P. Farkas,26,179,69,71,1100000,83,60,63,65,63,77,,,,,,,,,,,,,,,,,,,,,60,63,65,63,77
G. Baldock,26,175,69,71,1100000,78,43,59,67,64,74,,,,,,,,,,,,,,,,,,,,,43,59,67,64,74
A. Wisdom,26,186,69,71,1100000,70,30,58,60,71,78,,,,,,,,,,,,,,,,,,,,,30,58,60,71,78
M. Odubajo,25,177,69,71,1100000,81,59,63,69,68,68,,,,,,,,,,,,,,,,,,,,,59,63,69,68,68
Muralha,26,176,69,71,1100000,70,67,66,72,66,74,,,,,,,,,,,,,,,,,,,,,67,66,72,66,74
Aníbal Capela,28,188,69,71,1100000,40,26,45,44,67,75,,,,,,,,,,,,,,,,,,,,,26,45,44,67,75
D. Williams,26,180,69,71,1100000,70,43,57,63,69,74,,,,,,,,,,,,,,,,,,,,,43,57,63,69,74
C. Townsend,26,183,69,71,1100000,70,45,63,65,68,68,,,,,,,,,,,,,,,,,,,,,45,63,65,68,68
J. Mattheij,26,191,69,71,1100000,35,38,46,45,69,77,,,,,,,,,,,,,,,,,,,,,38,46,45,69,77
Oriol Rosell,26,182,69,71,1100000,45,56,66,66,66,67,,,,,,,,,,,,,,,,,,,,,56,66,66,66,67
N. Röseler,27,190,69,71,1100000,58,35,54,58,68,71,,,,,,,,,,,,,,,,,,,,,35,54,58,68,71
B. Thoelke,27,191,69,71,1100000,41,34,46,55,68,73,,,,,,,,,,,,,,,,,,,,,34,46,55,68,73
Tiago Ilori,26,190,69,71,1100000,72,38,51,60,69,66,,,,,,,,,,,,,,,,,,,,,38,51,60,69,66
C. Labrín,28,181,69,71,1100000,52,32,38,44,69,76,,,,,,,,,,,,,,,,,,,,,32,38,44,69,76
D. Furman,26,181,69,71,1100000,67,58,70,63,66,70,,,,,,,,,,,,,,,,,,,,,58,70,63,66,70
R. Fiamozzi,26,178,69,71,1100000,83,49,62,65,63,78,,,,,,,,,,,,,,,,,,,,,49,62,65,63,78
Pinillos,26,183,69,71,1100000,74,48,64,67,67,66,,,,,,,,,,,,,,,,,,,,,48,64,67,67,66
T. Knipping,26,189,69,71,1100000,54,31,43,50,69,76,,,,,,,,,,,,,,,,,,,,,31,43,50,69,76
P. Franco,28,183,69,71,1100000,55,52,63,65,67,71,,,,,,,,,,,,,,,,,,,,,52,63,65,67,71
P. Banggaard,25,196,69,71,1100000,59,38,50,44,69,75,,,,,,,,,,,,,,,,,,,,,38,50,44,69,75
A. Ndour,25,186,69,71,1100000,75,32,64,66,68,62,,,,,,,,,,,,,,,,,,,,,32,64,66,68,62
S. Mockenhaupt,27,187,69,71,1100000,73,28,43,49,68,76,,,,,,,,,,,,,,,,,,,,,28,43,49,68,76
G. Campi,28,193,69,71,1100000,49,46,59,60,68,78,,,,,,,,,,,,,,,,,,,,,46,59,60,68,78
Alemão,28,186,69,71,1100000,64,45,48,55,68,77,,,,,,,,,,,,,,,,,,,,,45,48,55,68,77
K. Mets,26,191,69,71,1100000,50,51,58,58,67,78,,,,,,,,,,,,,,,,,,,,,51,58,58,67,78
Bruno Santos,26,183,69,71,1100000,72,31,54,63,67,74,,,,,,,,,,,,,,,,,,,,,31,54,63,67,74
S. Yohou,27,190,69,71,1100000,63,34,47,58,69,78,,,,,,,,,,,,,,,,,,,,,34,47,58,69,78
K. Dermaku,27,195,69,71,1100000,54,38,47,45,70,68,,,,,,,,,,,,,,,,,,,,,38,47,45,70,68
A. Santamaría,27,183,69,71,1100000,65,61,64,64,70,69,,,,,,,,,,,,,,,,,,,,,61,64,64,70,69
S. Çiftpınar,26,181,69,71,1100000,60,25,43,45,71,69,,,,,,,,,,,,,,,,,,,,,25,43,45,71,69
Matheus,27,192,69,71,1100000,47,44,57,49,69,74,,,,,,,,,,,,,,,,,,,,,44,57,49,69,74
L. Bacuna,27,180,69,70,1100000,78,66,69,68,64,76,,,,,,,,,,,,,,,,,,,,,66,69,68,64,76
M. Trapp,27,191,69,70,1100000,57,53,59,56,68,76,,,,,,,,,,,,,,,,,,,,,53,59,56,68,76
F. Hartherz,26,187,69,70,1100000,78,52,66,65,63,82,,,,,,,,,,,,,,,,,,,,,52,66,65,63,82
A. Almici,26,179,69,70,1100000,81,42,64,64,61,75,,,,,,,,,,,,,,,,,,,,,42,64,64,61,75
L. Jans,26,178,69,70,1100000,70,49,66,68,66,68,,,,,,,,,,,,,,,,,,,,,49,66,68,66,68
T. Schröck,26,188,69,70,1100000,67,63,60,60,66,78,,,,,,,,,,,,,,,,,,,,,63,60,60,66,78
C. Sepúlveda,27,175,69,70,1100000,69,50,59,61,68,75,,,,,,,,,,,,,,,,,,,,,50,59,61,68,75
Carlos Gutiérrez,27,192,69,70,1100000,46,38,48,44,69,75,,,,,,,,,,,,,,,,,,,,,38,48,44,69,75
L. Bittante,25,184,69,70,1100000,78,45,64,67,64,66,,,,,,,,,,,,,,,,,,,,,45,64,67,64,66
H. Cummings,27,183,69,70,1100000,52,29,52,54,67,79,,,,,,,,,,,,,,,,,,,,,29,52,54,67,79
S. Dursun,27,188,69,70,1100000,65,39,54,56,68,77,,,,,,,,,,,,,,,,,,,,,39,54,56,68,77
V. Cabrera,26,182,69,70,1100000,67,38,52,62,69,70,,,,,,,,,,,,,,,,,,,,,38,52,62,69,70
S. Karamoko,26,170,69,70,1100000,82,38,58,70,65,70,,,,,,,,,,,,,,,,,,,,,38,58,70,65,70
T. Necid,29,191,69,69,1100000,50,71,53,58,35,71,,,,,,,,,,,,,,,,,,,,,71,53,58,35,71
J. Berget,28,186,69,69,1100000,76,68,65,65,50,74,,,,,,,,,,,,,,,,,,,,,68,65,65,50,74
G. Madine,28,191,69,69,1100000,51,68,51,61,32,79,,,,,,,,,,,,,,,,,,,,,68,51,61,32,79
S. Bigalke,29,167,69,69,1100000,83,60,67,75,31,44,,,,,,,,,,,,,,,,,,,,,60,67,75,31,44
A. Sobiech,29,184,69,69,1100000,69,67,56,64,31,71,,,,,,,,,,,,,,,,,,,,,67,56,64,31,71
D. Čop,29,184,69,69,1100000,48,69,64,69,33,67,,,,,,,,,,,,,,,,,,,,,69,64,69,33,67
M. D'Alessandro,28,173,69,69,1100000,88,62,61,73,37,49,,,,,,,,,,,,,,,,,,,,,62,61,73,37,49
M. Rojas,27,168,69,69,1100000,88,65,64,73,45,45,,,,,,,,,,,,,,,,,,,,,65,64,73,45,45
J. Collins,28,188,69,69,1100000,67,67,52,63,41,80,,,,,,,,,,,,,,,,,,,,,67,52,63,41,80
F. Ulvestad,27,183,69,69,1100000,64,57,64,68,68,78,,,,,,,,,,,,,,,,,,,,,57,64,68,68,78
N. Giannetti,28,181,69,69,1100000,80,65,58,68,34,63,,,,,,,,,,,,,,,,,,,,,65,58,68,34,63
S. Bertram,28,185,69,69,1100000,77,68,64,70,40,60,,,,,,,,,,,,,,,,,,,,,68,64,70,40,60
D. Alibec,28,187,69,69,1100000,74,70,61,71,38,80,,,,,,,,,,,,,,,,,,,,,70,61,71,38,80
Alex,27,174,69,69,1100000,73,64,67,73,28,44,,,,,,,,,,,,,,,,,,,,,64,67,73,28,44
I. Cofie,27,184,69,69,1100000,67,58,66,67,70,76,,,,,,,,,,,,,,,,,,,,,58,66,67,70,76
R. Hassan,28,172,69,69,1100000,80,63,64,73,53,64,,,,,,,,,,,,,,,,,,,,,63,64,73,53,64
B. Bodin,27,180,69,69,1100000,78,66,63,73,47,59,,,,,,,,,,,,,,,,,,,,,66,63,73,47,59
P. Hoban,27,180,69,69,1100000,68,67,56,61,39,76,,,,,,,,,,,,,,,,,,,,,67,56,61,39,76
J. Ankersen,28,182,69,69,1100000,87,62,62,69,42,67,,,,,,,,,,,,,,,,,,,,,62,62,69,42,67
W. Bruin,29,188,69,69,1100000,60,67,55,62,35,79,,,,,,,,,,,,,,,,,,,,,67,55,62,35,79
V. Klonaridis,26,180,69,69,1100000,83,67,63,68,47,65,,,,,,,,,,,,,,,,,,,,,67,63,68,47,65
D. Petratos,26,176,69,69,1100000,81,67,63,70,47,74,,,,,,,,,,,,,,,,,,,,,67,63,70,47,74
R. Towell,27,173,69,69,1100000,67,64,66,67,62,69,,,,,,,,,,,,,,,,,,,,,64,66,67,62,69
Héber,27,180,69,69,1100000,67,67,55,65,32,64,,,,,,,,,,,,,,,,,,,,,67,55,65,32,64
S. Ameobi,27,194,69,69,1100000,79,64,61,72,33,65,,,,,,,,,,,,,,,,,,,,,64,61,72,33,65
Q. Martinus,28,183,69,69,1100000,88,63,66,67,42,68,,,,,,,,,,,,,,,,,,,,,63,66,67,42,68
C. Galano,28,170,69,69,1100000,92,67,66,73,18,68,,,,,,,,,,,,,,,,,,,,,67,66,73,18,68
G. Mackay-Steven,28,173,69,69,1100000,83,62,62,75,34,55,,,,,,,,,,,,,,,,,,,,,62,62,75,34,55
C. Insaurralde,27,182,69,69,1100000,75,71,58,70,39,65,,,,,,,,,,,,,,,,,,,,,71,58,70,39,65
Dieguinho,27,178,69,69,1100000,76,62,59,75,34,51,,,,,,,,,,,,,,,,,,,,,62,59,75,34,51
D. Mattocks,28,179,69,69,1100000,91,67,55,67,25,68,,,,,,,,,,,,,,,,,,,,,67,55,67,25,68
B. Carrasco,28,172,69,69,1100000,90,63,64,70,42,64,,,,,,,,,,,,,,,,,,,,,63,64,70,42,64
E. Finlay,28,175,69,69,1100000,82,63,63,66,42,62,,,,,,,,,,,,,,,,,,,,,63,63,66,42,62
S. Branca,27,181,69,69,1100000,71,57,66,68,63,72,,,,,,,,,,,,,,,,,,,,,57,66,68,63,72
Nono,28,170,69,69,1100000,76,65,67,69,32,54,,,,,,,,,,,,,,,,,,,,,65,67,69,32,54
R. Leipertz,26,183,69,69,1100000,82,67,62,69,35,65,,,,,,,,,,,,,,,,,,,,,67,62,69,35,65
P. Forsell,28,168,69,69,1100000,54,72,70,68,44,67,,,,,,,,,,,,,,,,,,,,,72,70,68,44,67
F. Burbano,27,170,69,69,1100000,87,64,58,73,33,61,,,,,,,,,,,,,,,,,,,,,64,58,73,33,61
W. Guisao,27,179,69,69,1100000,77,69,64,69,47,67,,,,,,,,,,,,,,,,,,,,,69,64,69,47,67
M. Mier,28,181,69,69,1100000,53,68,69,70,52,70,,,,,,,,,,,,,,,,,,,,,68,69,70,52,70
A. Ramos,27,167,69,69,1100000,91,64,55,72,31,67,,,,,,,,,,,,,,,,,,,,,64,55,72,31,67
M. Urruti,28,184,69,69,1100000,76,67,62,73,57,71,,,,,,,,,,,,,,,,,,,,,67,62,73,57,71
Y. Mejía,28,184,69,69,1100000,74,65,68,70,39,70,,,,,,,,,,,,,,,,,,,,,65,68,70,39,70
C. Auzqui,28,180,69,69,1100000,81,67,67,67,47,74,,,,,,,,,,,,,,,,,,,,,67,67,67,47,74
Maikel Mesa,28,188,69,69,1100000,71,66,66,69,63,71,,,,,,,,,,,,,,,,,,,,,66,66,69,63,71
A. Sadiku,28,185,69,69,1100000,70,67,49,67,38,68,,,,,,,,,,,,,,,,,,,,,67,49,67,38,68
R. Carrera,27,182,69,69,1100000,81,63,62,70,42,68,,,,,,,,,,,,,,,,,,,,,63,62,70,42,68
L. Manyama,28,181,69,69,1100000,73,73,55,67,38,55,,,,,,,,,,,,,,,,,,,,,73,55,67,38,55
D. Hernández,28,176,69,69,1100000,73,60,68,71,30,59,,,,,,,,,,,,,,,,,,,,,60,68,71,30,59
Fernando Karanga,28,189,69,69,1100000,63,67,52,62,28,72,,,,,,,,,,,,,,,,,,,,,67,52,62,28,72
E. Oztumer,28,160,69,69,1100000,78,66,66,71,30,53,,,,,,,,,,,,,,,,,,,,,66,66,71,30,53
E. Tozlu,28,178,69,69,1100000,65,65,62,71,47,59,,,,,,,,,,,,,,,,,,,,,65,62,71,47,59
A. Vilches,27,180,69,69,1100000,68,65,54,68,21,67,,,,,,,,,,,,,,,,,,,,,65,54,68,21,67
D. Bohar,27,172,69,69,1100000,80,60,63,69,33,61,,,,,,,,,,,,,,,,,,,,,60,63,69,33,61
Rodrigo Pinho,28,185,69,69,1100000,62,71,58,70,25,61,,,,,,,,,,,,,,,,,,,,,71,58,70,25,61
Antonaldo Laforte,27,178,69,69,1100000,64,65,68,60,26,67,,,,,,,,,,,,,,,,,,,,,65,68,60,26,67
Rômulão Selva,27,178,69,69,1100000,81,61,60,74,23,63,,,,,,,,,,,,,,,,,,,,,61,60,74,23,63
Sandro Maceira,27,178,69,69,1100000,72,63,71,68,46,56,,,,,,,,,,,,,,,,,,,,,63,71,68,46,56
F. Schleusener,27,186,69,69,1100000,80,67,58,66,28,69,,,,,,,,,,,,,,,,,,,,,67,58,66,28,69
José Kanté,28,184,69,69,1100000,72,67,61,73,33,67,,,,,,,,,,,,,,,,,,,,,67,61,73,33,67
Waguininho,29,178,69,69,1100000,75,64,65,69,52,74,,,,,,,,,,,,,,,,,,,,,64,65,69,52,74
K. Kawamata,29,184,69,69,1100000,56,69,47,67,34,77,,,,,,,,,,,,,,,,,,,,,69,47,67,34,77
M. Fall,27,184,69,69,1100000,86,64,61,69,36,68,,,,,,,,,,,,,,,,,,,,,64,61,69,36,68
Renato Rochela,27,188,69,69,1100000,61,63,68,68,33,65,,,,,,,,,,,,,,,,,,,,,63,68,68,33,65
L. González,28,170,69,69,1100000,76,64,68,73,37,58,,,,,,,,,,,,,,,,,,,,,64,68,73,37,58
S. Hanca,27,182,69,69,1100000,77,60,64,71,55,67,,,,,,,,,,,,,,,,,,,,,60,64,71,55,67
P. Türpitz,27,178,69,69,1100000,81,69,62,72,34,67,,,,,,,,,,,,,,,,,,,,,69,62,72,34,67
H. Al Ghaddioui,28,190,69,69,1100000,54,69,50,61,29,74,,,,,,,,,,,,,,,,,,,,,69,50,61,29,74
A. Settembrini,27,176,69,69,1100000,71,58,67,68,63,63,,,,,,,,,,,,,,,,,,,,,58,67,68,63,63
C. Burke,27,191,69,69,1100000,76,67,40,63,25,74,,,,,,,,,,,,,,,,,,,,,67,40,63,25,74
V. Pule,27,169,69,69,1100000,82,74,58,72,39,51,,,,,,,,,,,,,,,,,,,,,74,58,72,39,51
K. Pröger,27,177,69,69,1100000,89,65,59,70,38,65,,,,,,,,,,,,,,,,,,,,,65,59,70,38,65
Z. Hadraf,28,173,69,69,1100000,88,63,63,68,27,60,,,,,,,,,,,,,,,,,,,,,63,63,68,27,60
M. Balda,27,173,69,69,1100000,80,73,54,75,28,42,,,,,,,,,,,,,,,,,,,,,73,54,75,28,42
Salva Ruíz,24,176,68,75,1100000,72,30,62,61,66,68,,,,,,,,,,,,,,,,,,,,,30,62,61,66,68
G. Evans,24,184,68,75,1100000,65,65,64,62,66,67,,,,,,,,,,,,,,,,,,,,,65,64,62,66,67
J. Laursen,24,181,68,75,1100000,75,47,61,67,63,71,,,,,,,,,,,,,,,,,,,,,47,61,67,63,71
F. Escobar,24,175,68,75,1100000,70,47,57,66,69,68,,,,,,,,,,,,,,,,,,,,,47,57,66,69,68
U. Garcia,23,183,68,75,1100000,74,37,55,67,64,74,,,,,,,,,,,,,,,,,,,,,37,55,67,64,74
E. Moore,22,197,68,75,1100000,48,31,45,45,67,77,,,,,,,,,,,,,,,,,,,,,31,45,45,67,77
F. Boya,23,190,68,75,1100000,64,52,63,62,64,79,,,,,,,,,,,,,,,,,,,,,52,63,62,64,79
R. Shindo,23,183,68,75,1100000,66,52,48,45,67,74,,,,,,,,,,,,,,,,,,,,,52,48,45,67,74
A. Karazor,22,190,68,75,1100000,50,36,56,61,68,72,,,,,,,,,,,,,,,,,,,,,36,56,61,68,72
P. Mazzocchi,23,180,68,75,1100000,76,56,62,68,66,70,,,,,,,,,,,,,,,,,,,,,56,62,68,66,70
N. Lozano,25,185,68,75,1100000,70,42,47,55,64,79,,,,,,,,,,,,,,,,,,,,,42,47,55,64,79
S. Mosquera,25,185,68,74,1100000,39,45,41,48,68,73,,,,,,,,,,,,,,,,,,,,,45,41,48,68,73
R. Osorio,24,180,68,74,1100000,69,29,40,57,67,74,,,,,,,,,,,,,,,,,,,,,29,40,57,67,74
J. Silva,24,190,68,74,1100000,44,33,39,39,70,72,,,,,,,,,,,,,,,,,,,,,33,39,39,70,72
D. Furlong,23,180,68,74,1100000,74,35,57,66,66,66,,,,,,,,,,,,,,,,,,,,,35,57,66,66,66
L. Fröde,24,192,68,74,1100000,53,48,58,57,67,81,,,,,,,,,,,,,,,,,,,,,48,58,57,67,81
J. Föhrenbach,23,184,68,74,1100000,67,33,56,61,68,69,,,,,,,,,,,,,,,,,,,,,33,56,61,68,69
K. Miyahara,23,172,68,74,1100000,78,44,58,61,62,70,,,,,,,,,,,,,,,,,,,,,44,58,61,62,70
O. Kakabadze,24,186,68,74,1100000,85,46,64,71,62,71,,,,,,,,,,,,,,,,,,,,,46,64,71,62,71
Y. Coulibaly,24,175,68,74,1100000,81,42,52,68,63,70,,,,,,,,,,,,,,,,,,,,,42,52,68,63,70
M. Lysov,21,182,68,74,1100000,74,44,60,66,65,64,,,,,,,,,,,,,,,,,,,,,44,60,66,65,64
F. Wadja,24,185,68,74,1100000,71,40,61,59,66,81,,,,,,,,,,,,,,,,,,,,,40,61,59,66,81
M. Hosseini,23,183,68,74,1100000,65,27,44,49,70,66,,,,,,,,,,,,,,,,,,,,,27,44,49,70,66
J. Escobar,23,177,68,74,1100000,59,25,46,45,70,72,,,,,,,,,,,,,,,,,,,,,25,46,45,70,72
M. Power,25,181,68,73,1100000,60,65,68,64,63,73,,,,,,,,,,,,,,,,,,,,,65,68,64,63,73
H. Kryeziu,26,181,68,73,1100000,74,57,64,66,63,70,,,,,,,,,,,,,,,,,,,,,57,64,66,63,70
I. Cissé,25,181,68,73,1100000,72,47,59,63,68,73,,,,,,,,,,,,,,,,,,,,,47,59,63,68,73
K. Triantafyllopoulos,26,186,68,73,1100000,64,27,50,49,65,75,,,,,,,,,,,,,,,,,,,,,27,50,49,65,75
T. Lockyer,24,180,68,73,1100000,68,36,53,59,65,80,,,,,,,,,,,,,,,,,,,,,36,53,59,65,80
C. Lenz,24,180,68,73,1100000,67,39,61,68,64,64,,,,,,,,,,,,,,,,,,,,,39,61,68,64,64
L. Abergel,26,172,68,73,1100000,72,37,60,67,65,72,,,,,,,,,,,,,,,,,,,,,37,60,67,65,72
J. Malagón,26,189,68,73,1100000,58,22,39,48,67,79,,,,,,,,,,,,,,,,,,,,,22,39,48,67,79
A. Contreras,26,184,68,73,1100000,45,43,54,50,66,77,,,,,,,,,,,,,,,,,,,,,43,54,50,66,77
D. Oyarzún,26,185,68,73,1100000,62,46,54,55,68,73,,,,,,,,,,,,,,,,,,,,,46,54,55,68,73
L. Gordinho,25,184,68,73,1100000,69,29,50,52,68,68,,,,,,,,,,,,,,,,,,,,,29,50,52,68,68
Aguza,26,176,68,73,1100000,59,63,69,64,63,66,,,,,,,,,,,,,,,,,,,,,63,69,64,63,66
M. Cacutalua,24,188,68,73,1100000,73,41,47,48,69,69,,,,,,,,,,,,,,,,,,,,,41,47,48,69,69
R. Dekker,24,173,68,73,1100000,66,51,60,67,64,67,,,,,,,,,,,,,,,,,,,,,51,60,67,64,67
D. Louiserre,24,172,68,73,1100000,56,63,70,67,63,62,,,,,,,,,,,,,,,,,,,,,63,70,67,63,62
G. Bijl,23,180,68,73,1100000,69,54,63,64,63,77,,,,,,,,,,,,,,,,,,,,,54,63,64,63,77
M. Martínez,26,174,68,73,1100000,64,51,62,66,67,72,,,,,,,,,,,,,,,,,,,,,51,62,66,67,72
M. James,25,191,68,73,1100000,68,39,50,54,65,79,,,,,,,,,,,,,,,,,,,,,39,50,54,65,79
P. Hatzidiakos,22,181,68,73,1100000,65,43,62,61,66,70,,,,,,,,,,,,,,,,,,,,,43,62,61,66,70
C. Schoissengeyr,24,195,68,73,1100000,35,20,41,32,67,80,,,,,,,,,,,,,,,,,,,,,20,41,32,67,80
E. Taffertshofer,24,174,68,73,1100000,70,43,57,65,66,71,,,,,,,,,,,,,,,,,,,,,43,57,65,66,71
B. Hines-Ike,24,185,68,73,1100000,64,53,53,56,67,71,,,,,,,,,,,,,,,,,,,,,53,53,56,67,71
E. Palomeque,26,193,68,73,1100000,42,28,36,36,68,79,,,,,,,,,,,,,,,,,,,,,28,36,36,68,79
E. Kouassi,21,185,68,73,1100000,69,46,58,62,65,73,,,,,,,,,,,,,,,,,,,,,46,58,62,65,73
A. Barman,25,175,68,73,1100000,63,48,58,62,65,74,,,,,,,,,,,,,,,,,,,,,48,58,62,65,74
E. Banguera,22,185,68,73,1100000,65,37,53,59,66,73,,,,,,,,,,,,,,,,,,,,,37,53,59,66,73
T. Serbest,25,185,68,72,1100000,62,51,65,65,68,70,,,,,,,,,,,,,,,,,,,,,51,65,65,68,70
I. Alibaev,25,173,68,72,1100000,67,64,67,63,55,61,,,,,,,,,,,,,,,,,,,,,64,67,63,55,61
V. Berisha,25,175,68,71,1100000,82,66,59,68,34,79,,,,,,,,,,,,,,,,,,,,,66,59,68,34,79
J. Vela,25,185,68,71,1100000,67,56,67,68,62,74,,,,,,,,,,,,,,,,,,,,,56,67,68,62,74
R. Tunnicliffe,26,183,68,71,1100000,65,58,67,65,65,71,,,,,,,,,,,,,,,,,,,,,58,67,65,65,71
M. Kobylański,25,178,68,71,1100000,72,67,64,69,33,58,,,,,,,,,,,,,,,,,,,,,67,64,69,33,58
S. Khelifi,25,173,68,71,1100000,87,59,59,75,30,46,,,,,,,,,,,,,,,,,,,,,59,59,75,30,46
Bruno Andrade,25,175,68,71,1100000,84,63,63,71,46,54,,,,,,,,,,,,,,,,,,,,,63,63,71,46,54
B. Potts,24,188,68,71,1100000,68,60,65,65,55,70,,,,,,,,,,,,,,,,,,,,,60,65,65,55,70
I. Ezekiel,25,178,68,71,1100000,82,66,61,70,31,59,,,,,,,,,,,,,,,,,,,,,66,61,70,31,59
A. Said,26,180,68,71,1100000,71,66,49,66,23,64,,,,,,,,,,,,,,,,,,,,,66,49,66,23,64
T. Ondaan,25,171,68,71,1100000,89,62,57,72,38,65,,,,,,,,,,,,,,,,,,,,,62,57,72,38,65
L. MacLeod,25,175,68,71,1100000,61,60,68,66,61,63,,,,,,,,,,,,,,,,,,,,,60,68,66,61,63
M. Bakić,25,185,68,71,1100000,47,62,70,70,51,64,,,,,,,,,,,,,,,,,,,,,62,70,70,51,64
J. Gómez,25,176,68,71,1100000,77,64,63,72,64,67,,,,,,,,,,,,,,,,,,,,,64,63,72,64,67
A. Rentería,26,179,68,71,1100000,79,65,58,73,25,67,,,,,,,,,,,,,,,,,,,,,65,58,73,25,67
E. Isnaldo,25,180,68,71,1100000,77,64,65,69,31,60,,,,,,,,,,,,,,,,,,,,,64,65,69,31,60
F. Raičević,25,188,68,71,1100000,63,66,51,65,26,68,,,,,,,,,,,,,,,,,,,,,66,51,65,26,68
Mario Barco,26,183,68,71,1100000,65,69,56,63,36,57,,,,,,,,,,,,,,,,,,,,,69,56,63,36,57
Alain Oyarzun,25,178,68,71,1100000,72,64,67,70,48,56,,,,,,,,,,,,,,,,,,,,,64,67,70,48,56
M. Araz,25,173,68,71,1100000,77,60,61,69,38,52,,,,,,,,,,,,,,,,,,,,,60,61,69,38,52
Han Eui Kwon,25,181,68,71,1100000,85,65,63,70,42,60,,,,,,,,,,,,,,,,,,,,,65,63,70,42,60
Juan Cámara,25,180,68,71,1100000,73,66,67,69,53,50,,,,,,,,,,,,,,,,,,,,,66,67,69,53,50
Jairo,25,165,68,71,1100000,89,62,61,72,27,45,,,,,,,,,,,,,,,,,,,,,62,61,72,27,45
Nando,25,178,68,71,1100000,75,64,64,70,39,52,,,,,,,,,,,,,,,,,,,,,64,64,70,39,52
F. Gino,26,176,68,71,1100000,60,49,67,67,66,67,,,,,,,,,,,,,,,,,,,,,49,67,67,66,67
K. Londoño,25,180,68,71,1100000,76,57,63,66,56,64,,,,,,,,,,,,,,,,,,,,,57,63,66,56,64
C. Soukou,26,186,68,71,1100000,79,65,63,70,34,71,,,,,,,,,,,,,,,,,,,,,65,63,70,34,71
S. Bguir,25,178,68,71,1100000,69,63,65,70,33,58,,,,,,,,,,,,,,,,,,,,,63,65,70,33,58
O. Darfalou,25,184,68,71,1100000,74,68,45,64,37,73,,,,,,,,,,,,,,,,,,,,,68,45,64,37,73
M. Comba,25,170,68,71,1100000,61,68,65,68,33,55,,,,,,,,,,,,,,,,,,,,,68,65,68,33,55
H. Vučkić,26,186,68,70,1100000,68,68,65,68,61,78,,,,,,,,,,,,,,,,,,,,,68,65,68,61,78
K. Holmberg,26,185,68,70,1100000,71,65,53,66,44,75,,,,,,,,,,,,,,,,,,,,,65,53,66,44,75
Tiago Alves,26,182,68,70,1100000,76,69,70,68,43,61,,,,,,,,,,,,,,,,,,,,,69,70,68,43,61
F. Andrada,25,180,68,70,1100000,75,70,63,65,27,65,,,,,,,,,,,,,,,,,,,,,70,63,65,27,65
M. Delgado,24,175,68,70,1100000,69,55,62,67,64,69,,,,,,,,,,,,,,,,,,,,,55,62,67,64,69
P. Cibicki,25,182,68,70,1100000,78,65,64,69,30,63,,,,,,,,,,,,,,,,,,,,,65,64,69,30,63
Y. Ono,26,170,68,70,1100000,73,60,63,72,40,64,,,,,,,,,,,,,,,,,,,,,60,63,72,40,64
A. Ajagun,26,168,68,70,1100000,81,69,58,70,20,65,,,,,,,,,,,,,,,,,,,,,69,58,70,20,65
A. Jeremejeff,25,192,68,70,1100000,70,63,53,62,28,71,,,,,,,,,,,,,,,,,,,,,63,53,62,28,71
T. Touré,25,175,68,70,1100000,75,64,68,68,43,64,,,,,,,,,,,,,,,,,,,,,64,68,68,43,64
M. McNulty,26,178,68,70,1100000,74,69,53,64,32,69,,,,,,,,,,,,,,,,,,,,,69,53,64,32,69
M. Moscati,26,180,68,70,1100000,74,61,66,66,63,74,,,,,,,,,,,,,,,,,,,,,61,66,66,63,74
M. Sprocati,25,173,68,70,1100000,72,65,63,71,22,53,,,,,,,,,,,,,,,,,,,,,65,63,71,22,53
D. Badji,26,183,68,70,1100000,77,63,47,66,38,74,,,,,,,,,,,,,,,,,,,,,63,47,66,38,74
S. Ntshangase,26,172,68,70,1100000,62,63,62,71,34,53,,,,,,,,,,,,,,,,,,,,,63,62,71,34,53
M. George,25,190,68,70,1100000,91,61,49,63,29,78,,,,,,,,,,,,,,,,,,,,,61,49,63,29,78
C. Monschein,26,178,68,70,1100000,82,66,43,68,22,65,,,,,,,,,,,,,,,,,,,,,66,43,68,22,65
C. Gebauer,25,187,68,70,1100000,90,58,59,68,50,60,,,,,,,,,,,,,,,,,,,,,58,59,68,50,60
N. Roșu,25,175,68,70,1100000,65,65,60,75,42,58,,,,,,,,,,,,,,,,,,,,,65,60,75,42,58
K. Harris,26,175,68,69,1100000,83,56,59,74,27,58,,,,,,,,,,,,,,,,,,,,,56,59,74,27,58
E. Rashani,26,181,68,69,1100000,83,61,61,70,39,64,,,,,,,,,,,,,,,,,,,,,61,61,70,39,64
G. Massey,26,179,68,69,1100000,82,60,62,68,45,67,,,,,,,,,,,,,,,,,,,,,60,62,68,45,67
M. Żyro,26,189,68,69,1100000,71,67,63,70,41,62,,,,,,,,,,,,,,,,,,,,,67,63,70,41,62
D. Thomalla,26,186,68,69,1100000,70,66,57,67,31,64,,,,,,,,,,,,,,,,,,,,,66,57,67,31,64
E. Manu,25,173,68,69,1100000,92,65,54,73,30,74,,,,,,,,,,,,,,,,,,,,,65,54,73,30,74
U. Bech,26,169,68,69,1100000,77,65,61,73,24,54,,,,,,,,,,,,,,,,,,,,,65,61,73,24,54
R. Miyaichi,26,183,68,69,1100000,91,56,58,74,26,47,,,,,,,,,,,,,,,,,,,,,56,58,74,26,47
J. Newell,26,185,68,69,1100000,76,60,66,66,59,62,,,,,,,,,,,,,,,,,,,,,60,66,66,59,62
A. Masika,26,170,68,69,1100000,86,60,59,74,30,46,,,,,,,,,,,,,,,,,,,,,60,59,74,30,46
S. Beltrame,26,183,68,69,1100000,79,63,66,73,26,63,,,,,,,,,,,,,,,,,,,,,63,66,73,26,63
M. Marras,25,168,68,69,1100000,78,59,63,73,21,44,,,,,,,,,,,,,,,,,,,,,59,63,73,21,44
P. Möschl,26,174,68,69,1100000,84,56,62,70,40,57,,,,,,,,,,,,,,,,,,,,,56,62,70,40,57
A. Nabbout,26,178,68,69,1100000,78,66,62,68,32,72,,,,,,,,,,,,,,,,,,,,,66,62,68,32,72
G. Bueno,25,176,68,69,1100000,78,68,64,69,22,55,,,,,,,,,,,,,,,,,,,,,68,64,69,22,55
J. Delgado,26,177,68,69,1100000,77,63,60,70,41,64,,,,,,,,,,,,,,,,,,,,,63,60,70,41,64
B. Vătăjelu,26,171,68,69,1100000,84,56,65,71,60,62,,,,,,,,,,,,,,,,,,,,,56,65,71,60,62
J. George,26,176,68,69,1100000,82,66,57,73,29,70,,,,,,,,,,,,,,,,,,,,,66,57,73,29,70
Fábio Abreu,26,182,68,69,1100000,77,68,52,68,24,62,,,,,,,,,,,,,,,,,,,,,68,52,68,24,62
C. Martinez,26,170,68,69,1100000,86,66,58,69,25,65,,,,,,,,,,,,,,,,,,,,,66,58,69,25,65
F. Müller,26,178,68,69,1100000,79,55,64,70,60,67,,,,,,,,,,,,,,,,,,,,,55,64,70,60,67
F. N'Goma,26,175,68,69,1100000,78,66,62,70,51,67,,,,,,,,,,,,,,,,,,,,,66,62,70,51,67
G. Tello,26,169,68,69,1100000,88,63,63,72,23,52,,,,,,,,,,,,,,,,,,,,,63,63,72,23,52
U. Segura,26,183,68,69,1100000,66,64,66,68,55,64,,,,,,,,,,,,,,,,,,,,,64,66,68,55,64
S. Dest,18,170,67,79,1100000,85,48,61,74,61,61,,,,,,,,,,,,,,,,,,,,,48,61,74,61,61
J. Whatmough,23,190,67,77,1100000,67,26,47,50,66,74,,,,,,,,,,,,,,,,,,,,,26,47,50,66,74
C. Gutiérrez,22,181,67,77,1100000,79,47,62,64,62,68,,,,,,,,,,,,,,,,,,,,,47,62,64,62,68
M. Kenlock,22,185,67,77,1100000,76,32,54,68,67,71,,,,,,,,,,,,,,,,,,,,,32,54,68,67,71
Verdasca,22,185,67,77,1100000,67,36,49,55,64,77,,,,,,,,,,,,,,,,,,,,,36,49,55,64,77
A. Lucoqui,21,180,67,77,1100000,77,44,62,67,61,72,,,,,,,,,,,,,,,,,,,,,44,62,67,61,72
Marlon,22,173,67,77,1100000,79,50,59,71,62,66,,,,,,,,,,,,,,,,,,,,,50,59,71,62,66
D. O'Shea,20,185,67,77,1100000,65,33,49,50,67,71,,,,,,,,,,,,,,,,,,,,,33,49,50,67,71
B. Lennon,21,177,67,77,1100000,72,61,65,66,61,68,,,,,,,,,,,,,,,,,,,,,61,65,66,61,68
B. Baningime,20,178,67,77,1100000,55,46,64,65,65,61,,,,,,,,,,,,,,,,,,,,,46,64,65,65,61
O. Azubuike,22,170,67,77,1100000,69,43,61,63,64,64,,,,,,,,,,,,,,,,,,,,,43,61,63,64,64
Lucas,22,186,67,77,1100000,59,33,39,47,67,69,,,,,,,,,,,,,,,,,,,,,33,39,47,67,69
S. Gómez,23,172,67,77,1100000,59,57,59,65,63,68,,,,,,,,,,,,,,,,,,,,,57,59,65,63,68
S. Guzmán,22,177,67,77,1100000,69,47,63,63,62,69,,,,,,,,,,,,,,,,,,,,,47,63,63,62,69
I. Erquiaga,21,176,67,77,1100000,78,47,61,68,63,62,,,,,,,,,,,,,,,,,,,,,47,61,68,63,62
W. Ditta,22,180,67,77,1100000,57,24,46,51,62,78,,,,,,,,,,,,,,,,,,,,,24,46,51,62,78
K. Sidibé,20,200,67,77,1100000,51,45,56,58,66,72,,,,,,,,,,,,,,,,,,,,,45,56,58,66,72
T. Asta-Buruaga,22,185,67,76,1100000,64,42,48,50,67,71,,,,,,,,,,,,,,,,,,,,,42,48,50,67,71
João Afonso,24,181,67,76,1100000,63,45,56,63,67,71,,,,,,,,,,,,,,,,,,,,,45,56,63,67,71
M. Schulz,24,186,67,76,1100000,61,62,59,64,66,72,,,,,,,,,,,,,,,,,,,,,62,59,64,66,72
J. Gómez,23,183,67,76,1100000,50,30,45,57,64,75,,,,,,,,,,,,,,,,,,,,,30,45,57,64,75
O. Albornoz,23,183,67,76,1100000,76,38,57,60,63,68,,,,,,,,,,,,,,,,,,,,,38,57,60,63,68
F. Miguel,22,179,67,76,1100000,67,49,62,64,67,71,,,,,,,,,,,,,,,,,,,,,49,62,64,67,71
R. Gelmi,24,188,67,76,1100000,74,45,54,42,63,74,,,,,,,,,,,,,,,,,,,,,45,54,42,63,74
D. Arboleda,24,190,67,76,1100000,41,24,40,38,68,72,,,,,,,,,,,,,,,,,,,,,24,40,38,68,72
K. Boto,23,180,67,76,1100000,71,48,58,62,65,68,,,,,,,,,,,,,,,,,,,,,48,58,62,65,68
J. Simpson,22,191,67,76,1100000,56,37,50,54,66,71,,,,,,,,,,,,,,,,,,,,,37,50,54,66,71
C. Calderón,22,176,67,76,1100000,86,40,54,65,63,60,,,,,,,,,,,,,,,,,,,,,40,54,65,63,60
David Carmona,22,175,67,76,1100000,78,43,57,63,61,73,,,,,,,,,,,,,,,,,,,,,43,57,63,61,73
J. Storey,21,188,67,76,1100000,67,26,41,48,68,68,,,,,,,,,,,,,,,,,,,,,26,41,48,68,68
M. Hongla,21,182,67,76,1100000,65,43,61,67,65,69,,,,,,,,,,,,,,,,,,,,,43,61,67,65,69
F. Beijmo,21,185,67,76,1100000,85,37,54,59,62,67,,,,,,,,,,,,,,,,,,,,,37,54,59,62,67
R. Frosler,21,173,67,76,1100000,73,40,60,67,66,57,,,,,,,,,,,,,,,,,,,,,40,60,67,66,57
Y. Armougom,21,173,67,76,1100000,74,44,57,65,63,59,,,,,,,,,,,,,,,,,,,,,44,57,65,63,59
Juan Ibiza,23,187,67,76,1100000,60,34,46,50,67,63,,,,,,,,,,,,,,,,,,,,,34,46,50,67,63
T. Fosu,23,170,67,75,1100000,85,61,58,71,36,49,,,,,,,,,,,,,,,,,,,,,61,58,71,36,49
A. Fontana,23,176,67,75,1100000,72,65,51,67,31,60,,,,,,,,,,,,,,,,,,,,,65,51,67,31,60
J. Vargas,21,170,67,75,1100000,78,65,62,70,35,60,,,,,,,,,,,,,,,,,,,,,65,62,70,35,60
J. Cullen,23,175,67,75,1100000,68,50,63,69,57,64,,,,,,,,,,,,,,,,,,,,,50,63,69,57,64
N. Julan,22,196,67,75,1100000,73,66,54,63,29,62,,,,,,,,,,,,,,,,,,,,,66,54,63,29,62
Iury,23,185,67,75,1100000,64,65,49,60,30,72,,,,,,,,,,,,,,,,,,,,,65,49,60,30,72
S. Palombi,23,182,67,75,1100000,69,63,56,62,35,65,,,,,,,,,,,,,,,,,,,,,63,56,62,35,65
N. Jambor,23,188,67,75,1100000,65,52,64,67,66,72,,,,,,,,,,,,,,,,,,,,,52,64,67,66,72
D. Duarte,19,177,67,75,1100000,73,60,64,71,58,70,,,,,,,,,,,,,,,,,,,,,60,64,71,58,70
R. Lundqvist,22,178,67,75,1100000,73,60,66,70,55,60,,,,,,,,,,,,,,,,,,,,,60,66,70,55,60
S. Şahintürk,23,173,67,75,1100000,80,70,57,65,37,55,,,,,,,,,,,,,,,,,,,,,70,57,65,37,55
Chris Ramos,22,193,67,75,1100000,78,64,48,61,28,61,,,,,,,,,,,,,,,,,,,,,64,48,61,28,61
D. Maeda,21,173,67,75,1100000,90,62,58,69,30,61,,,,,,,,,,,,,,,,,,,,,62,58,69,30,61
L. Ofori,21,181,67,75,1100000,70,55,63,73,58,62,,,,,,,,,,,,,,,,,,,,,55,63,73,58,62
Filipe Soares,20,180,67,75,1100000,66,60,64,68,51,63,,,,,,,,,,,,,,,,,,,,,60,64,68,51,63
H. Stengel,23,180,67,74,1100000,59,60,67,68,57,71,,,,,,,,,,,,,,,,,,,,,60,67,68,57,71
A. Gilbey,24,183,67,74,1100000,76,60,62,66,62,78,,,,,,,,,,,,,,,,,,,,,60,62,66,62,78
F. Lohkemper,24,180,67,74,1100000,83,62,54,69,29,61,,,,,,,,,,,,,,,,,,,,,62,54,69,29,61
G. Donyoh,24,179,67,74,1100000,86,65,56,69,28,56,,,,,,,,,,,,,,,,,,,,,65,56,69,28,56
H. Bjørdal,22,188,67,74,1100000,70,60,67,67,49,75,,,,,,,,,,,,,,,,,,,,,60,67,67,49,75
G. Honeyman,24,173,67,74,1100000,73,61,64,70,61,67,,,,,,,,,,,,,,,,,,,,,61,64,70,61,67
B. Barker,22,180,67,74,1100000,91,58,59,67,29,56,,,,,,,,,,,,,,,,,,,,,58,59,67,29,56
D. Rodríguez,24,174,67,74,1100000,77,66,63,69,46,59,,,,,,,,,,,,,,,,,,,,,66,63,69,46,59
L. Houri,23,166,67,74,1100000,66,56,68,70,54,44,,,,,,,,,,,,,,,,,,,,,56,68,70,54,44
S. Lovric,21,180,67,74,1100000,46,56,59,67,62,67,,,,,,,,,,,,,,,,,,,,,56,59,67,62,67
R. Gall,24,176,67,74,1100000,82,68,60,72,39,49,,,,,,,,,,,,,,,,,,,,,68,60,72,39,49
Eneko Capilla,24,167,67,74,1100000,57,56,65,70,36,39,,,,,,,,,,,,,,,,,,,,,56,65,70,36,39
B. Akintola,23,178,67,74,1100000,90,55,57,71,41,60,,,,,,,,,,,,,,,,,,,,,55,57,71,41,60
J. Martinez,22,175,67,74,1100000,76,54,68,69,47,62,,,,,,,,,,,,,,,,,,,,,54,68,69,47,62
D. Atanga,22,180,67,74,1100000,91,54,59,68,39,53,,,,,,,,,,,,,,,,,,,,,54,59,68,39,53
J. Mulraney,23,172,67,74,1100000,88,57,60,70,42,45,,,,,,,,,,,,,,,,,,,,,57,60,70,42,45
T. Skarke,22,179,67,74,1100000,79,63,59,70,25,51,,,,,,,,,,,,,,,,,,,,,63,59,70,25,51
O. Duarte,23,173,67,74,1100000,78,64,56,67,26,67,,,,,,,,,,,,,,,,,,,,,64,56,67,26,67
J. Grot,21,193,67,74,1100000,73,65,57,61,40,82,,,,,,,,,,,,,,,,,,,,,65,57,61,40,82
F. Henríquez,24,185,67,74,1100000,71,56,62,66,67,72,,,,,,,,,,,,,,,,,,,,,56,62,66,67,72
Curro Sánchez,23,176,67,74,1100000,68,58,64,69,41,44,,,,,,,,,,,,,,,,,,,,,58,64,69,41,44
A. Muyl,23,180,67,74,1100000,77,57,58,67,65,80,,,,,,,,,,,,,,,,,,,,,57,58,67,65,80
O. Mihálik,22,187,67,74,1100000,80,63,54,69,29,59,,,,,,,,,,,,,,,,,,,,,63,54,69,29,59
S. Ndlovu,22,170,67,74,1100000,80,60,61,71,40,39,,,,,,,,,,,,,,,,,,,,,60,61,71,40,39
S. van der Water,22,181,67,74,1100000,81,67,56,72,31,59,,,,,,,,,,,,,,,,,,,,,67,56,72,31,59
Allan Sousa,22,172,67,74,1100000,86,64,62,73,23,64,,,,,,,,,,,,,,,,,,,,,64,62,73,23,64
G. Beridze,22,174,67,74,1100000,77,62,61,73,28,53,,,,,,,,,,,,,,,,,,,,,62,61,73,28,53
S. Ferreira,21,180,67,74,1100000,70,65,55,67,29,57,,,,,,,,,,,,,,,,,,,,,65,55,67,29,57
Rúben Macedo,23,171,67,74,1100000,73,64,62,73,26,55,,,,,,,,,,,,,,,,,,,,,64,62,73,26,55
U. Ikpeazu,24,191,67,73,1100000,66,63,50,69,27,84,,,,,,,,,,,,,,,,,,,,,63,50,69,27,84
Ronan,24,195,67,73,1100000,32,67,46,60,26,80,,,,,,,,,,,,,,,,,,,,,67,46,60,26,80
M. Kvasina,22,194,67,73,1100000,58,67,50,64,28,71,,,,,,,,,,,,,,,,,,,,,67,50,64,28,71
Zhang Yuning,22,184,67,73,1100000,64,65,60,63,26,65,,,,,,,,,,,,,,,,,,,,,65,60,63,26,65
R. Holgado,24,179,67,73,1100000,69,71,55,68,30,61,,,,,,,,,,,,,,,,,,,,,71,55,68,30,61
A. Seydel,23,199,67,73,1100000,68,64,53,66,29,66,,,,,,,,,,,,,,,,,,,,,64,53,66,29,66
D. Kyereh,23,179,67,73,1100000,86,64,49,73,22,58,,,,,,,,,,,,,,,,,,,,,64,49,73,22,58
S. Milošević,23,190,67,73,1100000,46,71,50,55,19,63,,,,,,,,,,,,,,,,,,,,,71,50,55,19,63
D. Acosta,21,180,66,79,1100000,73,49,62,64,64,70,,,,,,,,,,,,,,,,,,,,,49,62,64,64,70
R. Bushiri,19,187,66,79,1100000,65,26,36,42,63,78,,,,,,,,,,,,,,,,,,,,,26,36,42,63,78
W. Burger,18,190,66,79,1100000,68,55,61,66,59,70,,,,,,,,,,,,,,,,,,,,,55,61,66,59,70
J. Dasilva,20,185,66,78,1100000,72,56,64,69,59,71,,,,,,,,,,,,,,,,,,,,,56,64,69,59,71
Kim Dae Won,22,171,66,78,1100000,79,61,59,66,25,62,,,,,,,,,,,,,,,,,,,,,61,59,66,25,62
C. Pickel,22,184,66,78,1100000,68,53,62,64,61,73,,,,,,,,,,,,,,,,,,,,,53,62,64,61,73
O. Richards,20,171,66,78,1100000,82,45,54,65,62,60,,,,,,,,,,,,,,,,,,,,,45,54,65,62,60
I. Lapshov,20,188,66,78,1100000,67,34,52,58,65,67,,,,,,,,,,,,,,,,,,,,,34,52,58,65,67
L. Czyborra,20,178,66,78,1100000,87,48,58,65,59,68,,,,,,,,,,,,,,,,,,,,,48,58,65,59,68
I. Saavedra,20,173,66,78,1100000,65,57,58,69,58,68,,,,,,,,,,,,,,,,,,,,,57,58,69,58,68
Víctor,22,180,66,78,1100000,74,64,61,66,50,60,,,,,,,,,,,,,,,,,,,,,64,61,66,50,60
Salva,21,184,66,78,1100000,70,35,56,61,65,70,,,,,,,,,,,,,,,,,,,,,35,56,61,65,70
Richard Rodrigues,19,176,66,78,1100000,67,66,62,71,46,51,,,,,,,,,,,,,,,,,,,,,66,62,71,46,51
Kuki Zalazar,21,176,66,77,1100000,60,62,66,71,27,37,,,,,,,,,,,,,,,,,,,,,62,66,71,27,37
F. Troyansky,22,178,66,77,1100000,71,63,53,67,22,66,,,,,,,,,,,,,,,,,,,,,63,53,67,22,66
C. Itten,22,189,66,77,1100000,66,63,57,62,35,63,,,,,,,,,,,,,,,,,,,,,63,57,62,35,63
A. Diawusie,21,179,66,77,1100000,90,58,51,69,27,64,,,,,,,,,,,,,,,,,,,,,58,51,69,27,64
R. Tarifeño,22,170,66,77,1100000,85,67,56,68,25,46,,,,,,,,,,,,,,,,,,,,,67,56,68,25,46
Viti Rozada,21,170,66,77,1100000,87,58,57,67,44,50,,,,,,,,,,,,,,,,,,,,,58,57,67,44,50
G. Crociata,21,174,66,77,1100000,72,56,64,70,32,57,,,,,,,,,,,,,,,,,,,,,56,64,70,32,57
J. Godínez,22,183,66,77,1100000,67,62,50,62,30,69,,,,,,,,,,,,,,,,,,,,,62,50,62,30,69
J. Amon,20,175,66,77,1100000,91,56,54,72,32,56,,,,,,,,,,,,,,,,,,,,,56,54,72,32,56
A. Antilef,20,170,66,77,1100000,77,58,61,70,48,58,,,,,,,,,,,,,,,,,,,,,58,61,70,48,58
V. Costache,20,176,66,77,1100000,83,64,56,65,29,67,,,,,,,,,,,,,,,,,,,,,64,56,65,29,67
Pedro Pelágio,19,181,66,77,1100000,63,60,66,68,51,62,,,,,,,,,,,,,,,,,,,,,60,66,68,51,62
K. Hachadi,21,190,66,77,1100000,53,64,49,60,34,73,,,,,,,,,,,,,,,,,,,,,64,49,60,34,73
L. Díaz,20,180,66,77,1100000,77,60,62,69,29,54,,,,,,,,,,,,,,,,,,,,,60,62,69,29,54
Douglas Aurélio,20,183,66,77,1100000,78,60,58,70,28,59,,,,,,,,,,,,,,,,,,,,,60,58,70,28,59
Mollejo,18,176,65,85,1100000,71,60,59,67,26,39,,,,,,,,,,,,,,,,,,,,,60,59,67,26,39
Marcos Antonio,19,168,65,85,1100000,72,51,65,67,41,55,,,,,,,,,,,,,,,,,,,,,51,65,67,41,55
E. Smith Rowe,18,182,65,83,1100000,79,63,59,68,32,47,,,,,,,,,,,,,,,,,,,,,63,59,68,32,47
L. Foster,18,185,65,83,1100000,73,65,51,64,34,61,,,,,,,,,,,,,,,,,,,,,65,51,64,34,61
Sergio Camello,18,177,65,83,1100000,64,64,51,65,24,46,,,,,,,,,,,,,,,,,,,,,64,51,65,24,46
Chumi,20,186,65,82,1100000,56,36,49,53,65,65,,,,,,,,,,,,,,,,,,,,,36,49,53,65,65
D. Popov,20,185,65,82,1100000,61,28,36,46,66,69,,,,,,,,,,,,,,,,,,,,,28,36,46,66,69
D. Sterling,19,180,65,81,1100000,78,48,56,64,62,69,,,,,,,,,,,,,,,,,,,,,48,56,64,62,69
E. Vignato,18,175,65,81,1100000,63,57,64,70,29,38,,,,,,,,,,,,,,,,,,,,,57,64,70,29,38
N. Thaller,20,185,65,81,1100000,50,31,49,47,64,68,,,,,,,,,,,,,,,,,,,,,31,49,47,64,68
C. Cásseres Jr,19,175,65,81,1100000,73,45,63,69,60,61,,,,,,,,,,,,,,,,,,,,,45,63,69,60,61
L. Mai,19,190,65,81,1100000,54,30,40,41,65,73,,,,,,,,,,,,,,,,,,,,,30,40,41,65,73
De la Fuente,20,179,65,81,1100000,57,39,50,55,64,66,,,,,,,,,,,,,,,,,,,,,39,50,55,64,66
Bryan Gil,18,175,65,81,1100000,71,60,58,71,26,34,,,,,,,,,,,,,,,,,,,,,60,58,71,26,34
T. Alarcón,19,174,65,80,1100000,61,44,54,58,64,68,,,,,,,,,,,,,,,,,,,,,44,54,58,64,68
J. Tanganga,20,184,65,80,1100000,63,22,43,51,64,66,,,,,,,,,,,,,,,,,,,,,22,43,51,64,66
Álex Martín,21,182,65,80,1100000,55,40,50,41,64,64,,,,,,,,,,,,,,,,,,,,,40,50,41,64,64
T. Basila,20,187,65,80,1100000,60,32,48,46,63,66,,,,,,,,,,,,,,,,,,,,,32,48,46,63,66
E. Pereyra,20,172,65,80,1100000,72,32,54,64,63,58,,,,,,,,,,,,,,,,,,,,,32,54,64,63,58
Jordi Escobar,17,186,65,80,1100000,60,66,48,61,18,47,,,,,,,,,,,,,,,,,,,,,66,48,61,18,47
J. Shackleton,19,168,65,80,1100000,82,41,64,70,58,63,,,,,,,,,,,,,,,,,,,,,41,64,70,58,63
Y. Delfi,18,184,65,80,1100000,77,64,59,71,33,64,,,,,,,,,,,,,,,,,,,,,64,59,71,33,64
E. Cömert,21,183,65,79,1100000,67,38,43,45,62,71,,,,,,,,,,,,,,,,,,,,,38,43,45,62,71
R. Marchizza,21,187,65,79,1100000,58,29,51,56,65,61,,,,,,,,,,,,,,,,,,,,,29,51,56,65,61
D. Yearwood,19,175,65,79,1100000,82,54,60,67,61,75,,,,,,,,,,,,,,,,,,,,,54,60,67,61,75
Berrocal,19,184,65,79,1100000,60,35,48,49,64,65,,,,,,,,,,,,,,,,,,,,,35,48,49,64,65
C. Rocchia,21,172,65,79,1100000,75,41,55,58,61,59,,,,,,,,,,,,,,,,,,,,,41,55,58,61,59
O. Lebedenko,20,174,65,79,1100000,73,44,57,57,62,54,,,,,,,,,,,,,,,,,,,,,44,57,57,62,54
Y. Tunç,18,186,65,79,1100000,69,64,51,59,19,57,,,,,,,,,,,,,,,,,,,,,64,51,59,19,57
W. Ponce,21,180,65,78,1100000,67,63,44,66,28,63,,,,,,,,,,,,,,,,,,,,,63,44,66,28,63
J. Asoro,20,175,65,78,1100000,88,61,53,70,21,53,,,,,,,,,,,,,,,,,,,,,61,53,70,21,53
H. Wright,21,193,65,78,1100000,72,63,48,60,23,68,,,,,,,,,,,,,,,,,,,,,63,48,60,23,68
Raul Asencio,21,187,65,78,1100000,70,61,51,61,24,61,,,,,,,,,,,,,,,,,,,,,61,51,61,24,61
M. Wintzheimer,20,180,65,78,1100000,67,65,41,62,26,66,,,,,,,,,,,,,,,,,,,,,65,41,62,26,66
C. Maggio,37,184,74,74,1000000,70,69,69,72,72,77,,,,,,,,,,,,,,,,,,,,,69,69,72,72,77
C. Théréau,36,189,72,72,1000000,56,76,71,73,37,65,,,,,,,,,,,,,,,,,,,,,76,71,73,37,65
K. Nakamura,38,175,72,72,1000000,39,71,78,72,63,62,,,,,,,,,,,,,,,,,,,,,71,78,72,63,62
J. Poulsen,35,181,71,71,1000000,48,70,72,67,61,70,,,,,,,,,,,,,,,,,,,,,70,72,67,61,70
E. Hallfreðsson,35,186,71,71,1000000,54,62,73,72,70,67,,,,,,,,,,,,,,,,,,,,,62,73,72,70,67
J. Gutiérrez,35,184,71,71,1000000,62,61,71,69,66,73,,,,,,,,,,,,,,,,,,,,,61,71,69,66,73
E. Culio,35,176,71,71,1000000,44,68,71,69,61,78,,,,,,,,,,,,,,,,,,,,,68,71,69,61,78
Heltinho Melo,35,174,71,71,1000000,81,54,71,74,48,55,,,,,,,,,,,,,,,,,,,,,54,71,74,48,55
Paulolettinho,35,181,71,71,1000000,81,59,70,73,32,61,,,,,,,,,,,,,,,,,,,,,59,70,73,32,61
Martin Cordeia,35,181,71,71,1000000,52,70,74,69,36,67,,,,,,,,,,,,,,,,,,,,,70,74,69,36,67
M. Bruccini,33,183,70,70,1000000,67,72,69,69,67,71,,,,,,,,,,,,,,,,,,,,,72,69,69,67,71
Kwon Soon Hyung,33,176,70,70,1000000,57,67,71,67,61,63,,,,,,,,,,,,,,,,,,,,,67,71,67,61,63
F. Daprelà,28,183,69,70,1000000,76,58,61,68,67,79,,,,,,,,,,,,,,,,,,,,,58,61,68,67,79
A. El Kaoutari,29,181,69,70,1000000,64,32,55,55,67,71,,,,,,,,,,,,,,,,,,,,,32,55,55,67,71
A. Tuia,29,184,69,70,1000000,62,34,48,44,68,74,,,,,,,,,,,,,,,,,,,,,34,48,44,68,74
M. Sollbauer,29,187,69,70,1000000,41,28,45,48,68,77,,,,,,,,,,,,,,,,,,,,,28,45,48,68,77
S. Salger,29,183,69,70,1000000,71,39,60,61,68,72,,,,,,,,,,,,,,,,,,,,,39,60,61,68,72
M. Kirkeskov,27,185,69,70,1000000,74,49,65,66,64,76,,,,,,,,,,,,,,,,,,,,,49,65,66,64,76
L. Owona,28,189,69,70,1000000,49,47,54,42,68,74,,,,,,,,,,,,,,,,,,,,,47,54,42,68,74
Pichu Atienza,29,190,69,70,1000000,33,30,44,42,69,77,,,,,,,,,,,,,,,,,,,,,30,44,42,69,77
R. Magyar,28,192,69,70,1000000,49,38,52,47,68,74,,,,,,,,,,,,,,,,,,,,,38,52,47,68,74
S. Neumann,28,188,69,70,1000000,51,27,45,49,68,72,,,,,,,,,,,,,,,,,,,,,27,45,49,68,72
J. Kappelhof,28,180,69,70,1000000,64,38,58,62,69,67,,,,,,,,,,,,,,,,,,,,,38,58,62,69,67
A. Crescenzi,27,178,69,70,1000000,77,37,54,66,64,76,,,,,,,,,,,,,,,,,,,,,37,54,66,64,76
N. Byrne,27,172,69,70,1000000,87,52,61,69,63,66,,,,,,,,,,,,,,,,,,,,,52,61,69,63,66
P. Filipović,28,188,69,70,1000000,69,52,59,60,68,72,,,,,,,,,,,,,,,,,,,,,52,59,60,68,72
C. Dibon,28,182,69,70,1000000,68,33,51,51,68,73,,,,,,,,,,,,,,,,,,,,,33,51,51,68,73
C. Alhadhur,27,172,69,70,1000000,67,50,58,64,66,60,,,,,,,,,,,,,,,,,,,,,50,58,64,66,60
Luís Martins,27,175,69,70,1000000,70,61,68,68,67,61,,,,,,,,,,,,,,,,,,,,,61,68,68,67,61
E. Mathoho,29,190,69,70,1000000,62,40,45,51,68,72,,,,,,,,,,,,,,,,,,,,,40,45,51,68,72
C. Çavlan,27,174,69,70,1000000,77,59,69,69,62,63,,,,,,,,,,,,,,,,,,,,,59,69,69,62,63
M. El-Munir,27,177,69,70,1000000,85,29,58,68,66,66,,,,,,,,,,,,,,,,,,,,,29,58,68,66,66
E. Velasco,27,179,69,70,1000000,78,36,55,63,64,79,,,,,,,,,,,,,,,,,,,,,36,55,63,64,79
Jo Sung Jin,28,188,69,70,1000000,69,25,50,53,69,73,,,,,,,,,,,,,,,,,,,,,25,50,53,69,73
U. Çiftçi,27,180,69,70,1000000,75,47,67,70,64,68,,,,,,,,,,,,,,,,,,,,,47,67,70,64,68
V. Fındıklı,28,191,69,70,1000000,33,42,60,66,67,75,,,,,,,,,,,,,,,,,,,,,42,60,66,67,75
Lucas Tagliapietra,28,194,69,70,1000000,46,27,43,44,66,80,,,,,,,,,,,,,,,,,,,,,27,43,44,66,80
C. Rizzuto,27,170,69,70,1000000,73,46,62,66,61,75,,,,,,,,,,,,,,,,,,,,,46,62,66,61,75
L. Tomlin,30,180,69,69,1000000,52,69,67,71,37,60,,,,,,,,,,,,,,,,,,,,,69,67,71,37,60
Zhang Chengdong,30,188,69,69,1000000,64,67,65,71,56,78,,,,,,,,,,,,,,,,,,,,,67,65,71,56,78
M. Kramer,30,195,69,69,1000000,54,67,56,56,36,62,,,,,,,,,,,,,,,,,,,,,67,56,56,36,62
G. Molins,30,186,69,69,1000000,57,68,65,69,43,75,,,,,,,,,,,,,,,,,,,,,68,65,69,43,75
R. Gestede,30,193,69,69,1000000,57,67,49,63,37,75,,,,,,,,,,,,,,,,,,,,,67,49,63,37,75
F. Ayité,30,175,69,69,1000000,77,68,65,72,35,66,,,,,,,,,,,,,,,,,,,,,68,65,72,35,66
A. Shinnie,29,180,69,69,1000000,68,62,69,71,56,63,,,,,,,,,,,,,,,,,,,,,62,69,71,56,63
K. Smith,28,175,69,69,1000000,69,55,66,69,68,74,,,,,,,,,,,,,,,,,,,,,55,66,69,68,74
Jael,30,186,69,69,1000000,66,65,56,62,24,77,,,,,,,,,,,,,,,,,,,,,65,56,62,24,77
J. Chibuike,30,180,69,69,1000000,70,66,66,72,32,63,,,,,,,,,,,,,,,,,,,,,66,66,72,32,63
Juan Dominguez,29,181,69,69,1000000,54,58,66,69,62,72,,,,,,,,,,,,,,,,,,,,,58,66,69,62,72
D. Blacha,28,174,69,69,1000000,69,60,67,72,60,62,,,,,,,,,,,,,,,,,,,,,60,67,72,60,62
J. Greguš,28,189,69,69,1000000,66,67,70,68,65,70,,,,,,,,,,,,,,,,,,,,,67,70,68,65,70
Javi Ros,29,173,69,69,1000000,69,65,68,66,62,71,,,,,,,,,,,,,,,,,,,,,65,68,66,62,71
D. Davis,28,177,69,69,1000000,74,65,66,68,68,81,,,,,,,,,,,,,,,,,,,,,65,66,68,68,81
C. Fandrich,28,177,69,69,1000000,75,56,66,73,51,53,,,,,,,,,,,,,,,,,,,,,56,66,73,51,53
F. Bertoglio,29,173,69,69,1000000,81,61,63,74,40,56,,,,,,,,,,,,,,,,,,,,,61,63,74,40,56
M. Cañete,29,179,69,69,1000000,53,63,69,69,32,53,,,,,,,,,,,,,,,,,,,,,63,69,69,32,53
C. Sapong,30,185,69,69,1000000,75,65,57,66,40,81,,,,,,,,,,,,,,,,,,,,,65,57,66,40,81
J. Meram,30,185,69,69,1000000,67,68,65,71,59,66,,,,,,,,,,,,,,,,,,,,,68,65,71,59,66
Kim Ho Nam,30,178,69,69,1000000,83,65,61,69,42,73,,,,,,,,,,,,,,,,,,,,,65,61,69,42,73
Ko Kwang Min,30,172,69,69,1000000,88,58,62,68,61,56,,,,,,,,,,,,,,,,,,,,,58,62,68,61,56
P. Rodríguez,29,170,69,69,1000000,77,64,69,72,29,42,,,,,,,,,,,,,,,,,,,,,64,69,72,29,42
M. Eriksson,29,180,69,69,1000000,51,70,70,66,49,80,,,,,,,,,,,,,,,,,,,,,70,70,66,49,80
K. Nagai,30,178,69,69,1000000,95,64,60,67,41,74,,,,,,,,,,,,,,,,,,,,,64,60,67,41,74
L. Benegas,30,180,69,69,1000000,74,71,48,60,34,78,,,,,,,,,,,,,,,,,,,,,71,48,60,34,78
D. Miloc,28,177,69,69,1000000,61,49,62,66,69,78,,,,,,,,,,,,,,,,,,,,,49,62,66,69,78
E. Triverio,30,183,69,69,1000000,53,71,52,65,31,65,,,,,,,,,,,,,,,,,,,,,71,52,65,31,65
K. Vandendriessche,29,183,69,69,1000000,60,68,66,61,70,84,,,,,,,,,,,,,,,,,,,,,68,66,61,70,84
M. Benítez,28,178,69,69,1000000,71,53,72,65,62,80,,,,,,,,,,,,,,,,,,,,,53,72,65,62,80
M. Çelik,29,177,69,69,1000000,79,68,62,71,25,59,,,,,,,,,,,,,,,,,,,,,68,62,71,25,59
L. Gregory,30,188,69,69,1000000,70,67,54,65,28,75,,,,,,,,,,,,,,,,,,,,,67,54,65,28,75
Querol,30,183,69,69,1000000,85,65,63,67,53,67,,,,,,,,,,,,,,,,,,,,,65,63,67,53,67
H. Yamada,30,173,69,69,1000000,70,64,66,70,51,67,,,,,,,,,,,,,,,,,,,,,64,66,70,51,67
D. Popovič,29,187,69,69,1000000,69,57,66,67,59,68,,,,,,,,,,,,,,,,,,,,,57,66,67,59,68
Ramón Folch,29,182,69,69,1000000,34,55,63,66,68,70,,,,,,,,,,,,,,,,,,,,,55,63,66,68,70
F. Lisi,29,179,69,69,1000000,83,63,64,71,52,58,,,,,,,,,,,,,,,,,,,,,63,64,71,52,58
A. Mbengue,25,178,68,73,1000000,83,46,60,68,64,60,,,,,,,,,,,,,,,,,,,,,46,60,68,64,60
M. Sauer,25,177,68,73,1000000,77,38,58,67,64,64,,,,,,,,,,,,,,,,,,,,,38,58,67,64,64
Nanu,25,177,68,73,1000000,84,41,57,69,63,65,,,,,,,,,,,,,,,,,,,,,41,57,69,63,65
K. Escamilla,25,179,68,72,1000000,59,55,63,54,64,71,,,,,,,,,,,,,,,,,,,,,55,63,54,64,71
T. Kane,25,180,68,72,1000000,75,52,60,67,65,62,,,,,,,,,,,,,,,,,,,,,52,60,67,65,62
A. Corryn,25,177,68,72,1000000,67,32,60,63,67,66,,,,,,,,,,,,,,,,,,,,,32,60,63,67,66
V. Lekhal,25,187,68,72,1000000,74,40,60,58,65,72,,,,,,,,,,,,,,,,,,,,,40,60,58,65,72
A. Correa,25,175,68,72,1000000,76,40,59,59,62,74,,,,,,,,,,,,,,,,,,,,,40,59,59,62,74
Caro,26,182,68,72,1000000,67,44,54,55,66,75,,,,,,,,,,,,,,,,,,,,,44,54,55,66,75
G. Gil Romero,26,177,68,72,1000000,70,53,61,63,65,71,,,,,,,,,,,,,,,,,,,,,53,61,63,65,71
A. Powell,24,182,68,72,1000000,88,45,56,67,63,75,,,,,,,,,,,,,,,,,,,,,45,56,67,63,75
W. Dammers,24,185,68,72,1000000,67,60,49,60,68,71,,,,,,,,,,,,,,,,,,,,,60,49,60,68,71
João Vigário,23,181,68,72,1000000,69,63,62,71,61,69,,,,,,,,,,,,,,,,,,,,,63,62,71,61,69
Unai Bilbao,25,192,68,72,1000000,38,46,55,45,69,69,,,,,,,,,,,,,,,,,,,,,46,55,45,69,69
Henrique,24,180,68,72,1000000,69,47,60,64,65,68,,,,,,,,,,,,,,,,,,,,,47,60,64,65,68
E. Hackman,24,187,68,72,1000000,77,49,53,65,65,73,,,,,,,,,,,,,,,,,,,,,49,53,65,65,73
Judson,26,170,68,72,1000000,70,48,57,59,67,70,,,,,,,,,,,,,,,,,,,,,48,57,59,67,70
Elgezabal,26,185,68,72,1000000,55,33,53,49,67,69,,,,,,,,,,,,,,,,,,,,,33,53,49,67,69
Matos,24,168,68,72,1000000,79,47,58,65,60,58,,,,,,,,,,,,,,,,,,,,,47,58,65,60,58
B. Bese,25,188,68,72,1000000,81,52,53,63,61,79,,,,,,,,,,,,,,,,,,,,,52,53,63,61,79
L. Parunashvili,26,183,68,72,1000000,57,49,62,62,64,69,,,,,,,,,,,,,,,,,,,,,49,62,62,64,69
J. Nikolaou,25,183,68,72,1000000,65,30,57,48,68,76,,,,,,,,,,,,,,,,,,,,,30,57,48,68,76
N. Mitrović,26,193,68,72,1000000,59,30,42,41,64,80,,,,,,,,,,,,,,,,,,,,,30,42,41,64,80
O. Popescu,25,189,68,72,1000000,66,40,61,56,62,82,,,,,,,,,,,,,,,,,,,,,40,61,56,62,82
Maracás,25,184,68,72,1000000,68,30,44,51,68,66,,,,,,,,,,,,,,,,,,,,,30,44,51,68,66
C. Robertson,25,188,68,71,1000000,66,29,51,59,67,72,,,,,,,,,,,,,,,,,,,,,29,51,59,67,72
A. Öztürk,25,186,68,71,1000000,64,58,66,64,66,77,,,,,,,,,,,,,,,,,,,,,58,66,64,66,77
J. Brillante,26,177,68,71,1000000,66,56,63,65,65,79,,,,,,,,,,,,,,,,,,,,,56,63,65,65,79
Tiago Ferreira,25,183,68,71,1000000,57,35,50,48,67,69,,,,,,,,,,,,,,,,,,,,,35,50,48,67,69
D. Wydra,25,186,68,71,1000000,67,55,62,62,64,75,,,,,,,,,,,,,,,,,,,,,55,62,62,64,75
J. Pelupessy,26,172,68,71,1000000,66,43,62,65,66,71,,,,,,,,,,,,,,,,,,,,,43,62,65,66,71
M. Bürki,25,181,68,71,1000000,66,26,59,56,66,75,,,,,,,,,,,,,,,,,,,,,26,59,56,66,75
D. Iorfa,24,193,68,71,1000000,83,42,58,60,65,76,,,,,,,,,,,,,,,,,,,,,42,58,60,65,76
S. Kingsley,24,178,68,71,1000000,62,37,63,68,68,66,,,,,,,,,,,,,,,,,,,,,37,63,68,68,66
S. Grahovac,26,182,68,71,1000000,64,58,64,63,65,73,,,,,,,,,,,,,,,,,,,,,58,64,63,65,73
S. Väisänen,25,190,68,71,1000000,52,39,53,57,68,67,,,,,,,,,,,,,,,,,,,,,39,53,57,68,67
A. Bardakcı,24,190,68,71,1000000,52,32,47,53,66,75,,,,,,,,,,,,,,,,,,,,,32,47,53,66,75
M. Villanueva,26,192,68,71,1000000,54,39,55,49,64,78,,,,,,,,,,,,,,,,,,,,,39,55,49,64,78
M. Rossmann,24,192,68,71,1000000,45,30,40,42,67,76,,,,,,,,,,,,,,,,,,,,,30,40,42,67,76
A. Miron,25,185,68,71,1000000,57,26,40,50,67,70,,,,,,,,,,,,,,,,,,,,,26,40,50,67,70
A. Burcă,26,187,68,71,1000000,60,23,43,50,67,68,,,,,,,,,,,,,,,,,,,,,23,43,50,67,68
M. Álvarez,27,179,68,69,1000000,68,68,68,72,29,68,,,,,,,,,,,,,,,,,,,,,68,68,72,29,68
T. Eaves,27,197,68,69,1000000,56,68,40,59,36,79,,,,,,,,,,,,,,,,,,,,,68,40,59,36,79
E. Rivera,27,180,68,69,1000000,70,66,55,66,32,62,,,,,,,,,,,,,,,,,,,,,66,55,66,32,62
A. Salifu,26,182,68,69,1000000,74,59,64,66,57,79,,,,,,,,,,,,,,,,,,,,,59,64,66,57,79
N. Dicko,27,173,68,69,1000000,86,64,60,70,34,67,,,,,,,,,,,,,,,,,,,,,64,60,70,34,67
B. Addae,26,185,68,69,1000000,81,60,64,69,67,83,,,,,,,,,,,,,,,,,,,,,60,64,69,67,83
A. Oueslati,27,182,68,69,1000000,66,60,68,70,55,67,,,,,,,,,,,,,,,,,,,,,60,68,70,55,67
A. Keita,27,183,68,69,1000000,83,65,48,67,23,71,,,,,,,,,,,,,,,,,,,,,65,48,67,23,71
M. Fedele,26,185,68,69,1000000,67,65,66,65,59,82,,,,,,,,,,,,,,,,,,,,,65,66,65,59,82
O. Mudrinski,27,187,68,69,1000000,59,68,52,60,27,72,,,,,,,,,,,,,,,,,,,,,68,52,60,27,72
L. Vásquez,27,186,68,69,1000000,31,55,60,60,64,76,,,,,,,,,,,,,,,,,,,,,55,60,60,64,76
Nuno Valente,27,174,68,69,1000000,70,61,66,69,53,61,,,,,,,,,,,,,,,,,,,,,61,66,69,53,61
J. Nolan,27,180,68,69,1000000,69,62,65,70,57,64,,,,,,,,,,,,,,,,,,,,,62,65,70,57,64
M. Wanitzek,26,179,68,69,1000000,75,58,70,71,53,63,,,,,,,,,,,,,,,,,,,,,58,70,71,53,63
P. Corral,27,171,68,69,1000000,52,64,65,60,66,61,,,,,,,,,,,,,,,,,,,,,64,65,60,66,61
B. Girth,27,181,68,69,1000000,73,66,45,64,24,59,,,,,,,,,,,,,,,,,,,,,66,45,64,24,59
Z. Majer,26,179,68,69,1000000,64,58,67,70,54,67,,,,,,,,,,,,,,,,,,,,,58,67,70,54,67
E. Piovi,26,171,68,69,1000000,76,55,68,74,55,66,,,,,,,,,,,,,,,,,,,,,55,68,74,55,66
R. Framberger,23,179,67,75,1000000,67,41,56,58,66,61,,,,,,,,,,,,,,,,,,,,,41,56,58,66,61
F. Dagerstål,22,189,67,75,1000000,64,43,58,58,64,75,,,,,,,,,,,,,,,,,,,,,43,58,58,64,75
M. Bader,22,176,67,75,1000000,69,32,56,66,63,64,,,,,,,,,,,,,,,,,,,,,32,56,66,63,64
R. Raveloson,22,182,67,75,1000000,73,58,64,69,64,67,,,,,,,,,,,,,,,,,,,,,58,64,69,64,67
B. Torrealba,21,179,67,75,1000000,75,39,55,59,66,70,,,,,,,,,,,,,,,,,,,,,39,55,59,66,70
G. Troupée,21,181,67,75,1000000,76,48,60,68,63,70,,,,,,,,,,,,,,,,,,,,,48,60,68,63,70
A. Disasi,21,190,67,75,1000000,55,28,41,44,65,75,,,,,,,,,,,,,,,,,,,,,28,41,44,65,75
I. Ochoa,22,180,67,75,1000000,63,47,66,65,64,67,,,,,,,,,,,,,,,,,,,,,47,66,65,64,67
Y. Ideguchi,22,171,67,75,1000000,70,60,64,66,63,67,,,,,,,,,,,,,,,,,,,,,60,64,66,63,67
D. Doekhi,21,190,67,75,1000000,58,38,55,58,65,75,,,,,,,,,,,,,,,,,,,,,38,55,58,65,75
K. Itakura,22,186,67,75,1000000,75,30,52,60,64,74,,,,,,,,,,,,,,,,,,,,,30,52,60,64,74
L. Bogdan,23,195,67,75,1000000,59,32,44,49,67,70,,,,,,,,,,,,,,,,,,,,,32,44,49,67,70
C. González,22,185,67,75,1000000,67,35,54,55,66,67,,,,,,,,,,,,,,,,,,,,,35,54,55,66,67
P. Neumann,21,192,67,75,1000000,63,36,54,60,67,69,,,,,,,,,,,,,,,,,,,,,36,54,60,67,69
I. Conté,23,191,67,75,1000000,63,43,48,53,66,75,,,,,,,,,,,,,,,,,,,,,43,48,53,66,75
S. Doumbia,22,175,67,75,1000000,89,39,59,67,60,63,,,,,,,,,,,,,,,,,,,,,39,59,67,60,63
A. Poúngouras,23,187,67,75,1000000,62,41,46,45,69,68,,,,,,,,,,,,,,,,,,,,,41,46,45,69,68
Nouhou,22,178,67,75,1000000,84,37,57,65,62,78,,,,,,,,,,,,,,,,,,,,,37,57,65,62,78
Alex Pinto,20,187,67,75,1000000,72,46,52,65,64,77,,,,,,,,,,,,,,,,,,,,,46,52,65,64,77
M. Sipľak,23,184,67,75,1000000,73,33,56,65,65,70,,,,,,,,,,,,,,,,,,,,,33,56,65,65,70
S. Oum Gouet,21,185,67,75,1000000,66,52,60,62,65,75,,,,,,,,,,,,,,,,,,,,,52,60,62,65,75
O. Nor Afkan,22,182,67,75,1000000,62,51,69,62,66,65,,,,,,,,,,,,,,,,,,,,,51,69,62,66,65
L. Romo,24,182,67,75,1000000,67,29,37,42,67,70,,,,,,,,,,,,,,,,,,,,,29,37,42,67,70
K. Schlotterbeck,22,189,67,75,1000000,58,22,52,49,67,69,,,,,,,,,,,,,,,,,,,,,22,52,49,67,69
N. Aguerd,23,188,67,75,1000000,57,45,54,59,65,67,,,,,,,,,,,,,,,,,,,,,45,54,59,65,67
D. Henen,23,186,67,73,1000000,78,64,56,71,24,63,,,,,,,,,,,,,,,,,,,,,64,56,71,24,63
L. Wahlqvist,22,183,67,73,1000000,75,50,64,68,66,72,,,,,,,,,,,,,,,,,,,,,50,64,68,66,72
N. Orellana,23,180,67,73,1000000,72,66,65,69,29,72,,,,,,,,,,,,,,,,,,,,,66,65,69,29,72
P. Zinckernagel,24,175,67,73,1000000,85,58,62,71,41,64,,,,,,,,,,,,,,,,,,,,,58,62,71,41,64
E. Babayan,23,180,67,73,1000000,80,60,61,69,52,64,,,,,,,,,,,,,,,,,,,,,60,61,69,52,64
B. Borrello,23,177,67,73,1000000,78,66,58,71,21,64,,,,,,,,,,,,,,,,,,,,,66,58,71,21,64
F. Onyedinma,22,185,67,73,1000000,86,60,60,67,43,70,,,,,,,,,,,,,,,,,,,,,60,60,67,43,70
S. Rosales,24,180,67,73,1000000,78,60,63,70,22,55,,,,,,,,,,,,,,,,,,,,,60,63,70,22,55
M. Thiam,24,180,67,73,1000000,74,63,61,70,47,73,,,,,,,,,,,,,,,,,,,,,63,61,70,47,73
Xande Silva,22,177,67,73,1000000,75,61,58,72,27,58,,,,,,,,,,,,,,,,,,,,,61,58,72,27,58
A. Ioniță,24,172,67,73,1000000,74,60,62,70,41,68,,,,,,,,,,,,,,,,,,,,,60,62,70,41,68
F. Pick,23,176,67,73,1000000,89,54,55,71,27,50,,,,,,,,,,,,,,,,,,,,,54,55,71,27,50
A. Hrustić,22,178,67,73,1000000,69,60,67,69,57,62,,,,,,,,,,,,,,,,,,,,,60,67,69,57,62
F. Flecker,23,173,67,73,1000000,83,60,58,70,36,54,,,,,,,,,,,,,,,,,,,,,60,58,70,36,54
Tiago Castro,23,176,67,73,1000000,65,60,71,70,47,50,,,,,,,,,,,,,,,,,,,,,60,71,70,47,50
J. Levi,23,185,67,73,1000000,78,67,61,69,33,55,,,,,,,,,,,,,,,,,,,,,67,61,69,33,55
M. Biankadi,24,181,67,73,1000000,79,58,60,70,54,75,,,,,,,,,,,,,,,,,,,,,58,60,70,54,75
D. Bizimana,22,180,67,73,1000000,63,64,66,66,64,67,,,,,,,,,,,,,,,,,,,,,64,66,66,64,67
T. Mohr,23,183,67,73,1000000,78,59,61,68,57,64,,,,,,,,,,,,,,,,,,,,,59,61,68,57,64
Gerson Rodrigues,24,188,67,73,1000000,88,64,57,64,44,81,,,,,,,,,,,,,,,,,,,,,64,57,64,44,81
Luiz Henrique,22,171,67,73,1000000,70,54,63,72,39,51,,,,,,,,,,,,,,,,,,,,,54,63,72,39,51
L. Vigen,24,180,67,72,1000000,75,60,63,68,60,67,,,,,,,,,,,,,,,,,,,,,60,63,68,60,67
P. Mpanzu,25,175,67,72,1000000,79,57,63,68,66,79,,,,,,,,,,,,,,,,,,,,,57,63,68,66,79
Caye Quintana,25,180,67,72,1000000,76,64,48,66,40,58,,,,,,,,,,,,,,,,,,,,,64,48,66,40,58
R. Colclough,24,184,67,72,1000000,77,59,62,69,29,59,,,,,,,,,,,,,,,,,,,,,59,62,69,29,59
O. Osawe,25,181,67,72,1000000,85,64,49,64,28,69,,,,,,,,,,,,,,,,,,,,,64,49,64,28,69
S. Horvath,22,166,67,72,1000000,79,59,60,72,48,50,,,,,,,,,,,,,,,,,,,,,59,60,72,48,50
L. Crecco,23,183,67,72,1000000,69,54,64,67,57,71,,,,,,,,,,,,,,,,,,,,,54,64,67,57,71
G. Navarrete,24,175,67,72,1000000,69,51,67,66,42,55,,,,,,,,,,,,,,,,,,,,,51,67,66,42,55
S. Nicholson,24,175,67,72,1000000,86,60,57,71,48,62,,,,,,,,,,,,,,,,,,,,,60,57,71,48,62
L. Rosseti,24,182,67,72,1000000,69,64,57,64,29,71,,,,,,,,,,,,,,,,,,,,,64,57,64,29,71
F. Palacios Martínez,24,170,67,72,1000000,73,66,59,78,31,44,,,,,,,,,,,,,,,,,,,,,66,59,78,31,44
I. Poblete,24,173,67,72,1000000,69,61,65,70,35,64,,,,,,,,,,,,,,,,,,,,,61,65,70,35,64
J. Benet,24,186,67,72,1000000,63,55,67,64,56,70,,,,,,,,,,,,,,,,,,,,,55,67,64,56,70
M. Al Kuwaykibi,24,168,67,72,1000000,89,64,57,75,27,51,,,,,,,,,,,,,,,,,,,,,64,57,75,27,51
G. Di Noia,24,181,67,72,1000000,70,62,65,64,65,69,,,,,,,,,,,,,,,,,,,,,62,65,64,65,69
C. Depres,24,188,67,72,1000000,52,67,51,62,30,63,,,,,,,,,,,,,,,,,,,,,67,51,62,30,63
S. Spierings,23,187,67,72,1000000,58,48,65,70,48,63,,,,,,,,,,,,,,,,,,,,,48,65,70,48,63
K. Osorio,25,182,67,72,1000000,71,69,65,68,56,73,,,,,,,,,,,,,,,,,,,,,69,65,68,56,73
J. Niezgoda,24,185,67,72,1000000,75,66,48,64,34,62,,,,,,,,,,,,,,,,,,,,,66,48,64,34,62
H. Kawabe,23,178,67,72,1000000,77,60,65,69,61,68,,,,,,,,,,,,,,,,,,,,,60,65,69,61,68
D. Warmerdam,23,180,67,72,1000000,71,60,65,69,63,74,,,,,,,,,,,,,,,,,,,,,60,65,69,63,74
J. Bruijn,22,171,67,72,1000000,71,55,68,72,50,57,,,,,,,,,,,,,,,,,,,,,55,68,72,50,57
D. Bamba,24,184,67,72,1000000,85,65,52,67,24,68,,,,,,,,,,,,,,,,,,,,,65,52,67,24,68
A. Onaiwu,23,180,67,72,1000000,81,63,47,60,33,74,,,,,,,,,,,,,,,,,,,,,63,47,60,33,74
C. Colmán,25,183,67,72,1000000,71,65,45,65,26,66,,,,,,,,,,,,,,,,,,,,,65,45,65,26,66
V. Gvilia,25,182,67,72,1000000,64,62,69,68,46,65,,,,,,,,,,,,,,,,,,,,,62,69,68,46,65
Stoichkov,25,178,67,72,1000000,69,67,63,70,47,57,,,,,,,,,,,,,,,,,,,,,67,63,70,47,57
V. Savićević,25,179,67,72,1000000,66,64,66,66,54,63,,,,,,,,,,,,,,,,,,,,,64,66,66,54,63
D. Takagi,23,170,67,72,1000000,74,63,63,70,33,51,,,,,,,,,,,,,,,,,,,,,63,63,70,33,51
P. Parzyszek,25,190,67,71,1000000,61,63,53,62,39,73,,,,,,,,,,,,,,,,,,,,,63,53,62,39,73
D. Marsura,25,187,67,71,1000000,86,63,59,71,32,67,,,,,,,,,,,,,,,,,,,,,63,59,71,32,67
B. Edomwonyi,24,186,67,71,1000000,89,62,49,68,29,69,,,,,,,,,,,,,,,,,,,,,62,49,68,29,69
T. Dierckx,24,171,67,71,1000000,76,65,59,70,19,60,,,,,,,,,,,,,,,,,,,,,65,59,70,19,60
P. Ciurria,24,178,67,71,1000000,72,63,65,68,29,52,,,,,,,,,,,,,,,,,,,,,63,65,68,29,52
A. Polo,24,173,67,71,1000000,89,58,59,67,56,53,,,,,,,,,,,,,,,,,,,,,58,59,67,56,53
An Hyeon Beom,24,179,67,71,1000000,84,58,59,67,53,61,,,,,,,,,,,,,,,,,,,,,58,59,67,53,61
G. Rolando,24,182,67,71,1000000,84,49,64,68,61,64,,,,,,,,,,,,,,,,,,,,,49,64,68,61,64
F. Pierrot,24,193,67,71,1000000,64,65,50,55,28,78,,,,,,,,,,,,,,,,,,,,,65,50,55,28,78
R. Ledson,21,181,66,77,1000000,61,55,63,64,60,71,,,,,,,,,,,,,,,,,,,,,55,63,64,60,71
W. Harding,22,181,66,77,1000000,75,40,53,60,63,75,,,,,,,,,,,,,,,,,,,,,40,53,60,63,75
O. Rodríguez,22,175,66,77,1000000,69,47,60,68,64,59,,,,,,,,,,,,,,,,,,,,,47,60,68,64,59
C. Cuesta,20,178,66,77,1000000,78,26,44,49,64,68,,,,,,,,,,,,,,,,,,,,,26,44,49,64,68
L. Travis,21,176,66,77,1000000,63,41,58,65,62,66,,,,,,,,,,,,,,,,,,,,,41,58,65,62,66
D. Mitchell,22,181,66,77,1000000,82,61,66,69,59,60,,,,,,,,,,,,,,,,,,,,,61,66,69,59,60
C. Núñez,21,166,66,77,1000000,67,47,59,65,62,76,,,,,,,,,,,,,,,,,,,,,47,59,65,62,76
Y. Zahary,20,190,66,77,1000000,66,33,38,40,66,71,,,,,,,,,,,,,,,,,,,,,33,38,40,66,71
Gandoy,20,177,66,77,1000000,71,44,60,57,64,62,,,,,,,,,,,,,,,,,,,,,44,60,57,64,62
Z. Bytyqi,22,176,66,76,1000000,78,61,60,71,24,63,,,,,,,,,,,,,,,,,,,,,61,60,71,24,63
G. Vadalá,22,168,66,76,1000000,77,58,63,73,24,48,,,,,,,,,,,,,,,,,,,,,58,63,73,24,48
T. Walker,22,179,66,76,1000000,84,65,56,68,33,60,,,,,,,,,,,,,,,,,,,,,65,56,68,33,60
C. Lobos,22,173,66,76,1000000,70,59,62,65,63,69,,,,,,,,,,,,,,,,,,,,,59,62,65,63,69
B. Osayi-Samuel,21,175,66,76,1000000,89,54,56,70,35,59,,,,,,,,,,,,,,,,,,,,,54,56,70,35,59
G. Panico,22,171,66,76,1000000,80,64,58,65,40,55,,,,,,,,,,,,,,,,,,,,,64,58,65,40,55
A. Da Cruz,22,184,66,76,1000000,77,66,57,67,38,59,,,,,,,,,,,,,,,,,,,,,66,57,67,38,59
P. Ghiglione,22,187,66,76,1000000,75,52,60,68,63,56,,,,,,,,,,,,,,,,,,,,,52,60,68,63,56
S. Diarra,20,173,66,76,1000000,85,52,61,68,42,52,,,,,,,,,,,,,,,,,,,,,52,61,68,42,52
A. Gory,22,182,66,76,1000000,87,60,55,68,22,61,,,,,,,,,,,,,,,,,,,,,60,55,68,22,61
J. Brown,21,184,66,76,1000000,74,61,60,67,38,63,,,,,,,,,,,,,,,,,,,,,61,60,67,38,63
M. Wolfram,22,186,66,76,1000000,74,63,63,68,36,65,,,,,,,,,,,,,,,,,,,,,63,63,68,36,65
Z. Flemming,20,183,66,76,1000000,68,62,60,67,54,75,,,,,,,,,,,,,,,,,,,,,62,60,67,54,75
F. Onyeka,21,183,66,76,1000000,84,55,60,68,60,74,,,,,,,,,,,,,,,,,,,,,55,60,68,60,74
F. Barrientos,22,169,66,76,1000000,85,52,62,67,29,44,,,,,,,,,,,,,,,,,,,,,52,62,67,29,44
I. Boonen,20,178,66,76,1000000,73,65,61,67,31,57,,,,,,,,,,,,,,,,,,,,,65,61,67,31,57
U. Cardona,20,177,66,76,1000000,77,60,61,68,42,48,,,,,,,,,,,,,,,,,,,,,60,61,68,42,48
A. Harroui,21,182,66,76,1000000,73,52,65,67,61,68,,,,,,,,,,,,,,,,,,,,,52,65,67,61,68
J. Medina,22,178,66,76,1000000,73,65,69,63,34,48,,,,,,,,,,,,,,,,,,,,,65,69,63,34,48
E. Cetre,21,170,66,76,1000000,80,64,58,69,27,55,,,,,,,,,,,,,,,,,,,,,64,58,69,27,55
M. Ndockyt,20,178,66,76,1000000,63,55,58,62,39,56,,,,,,,,,,,,,,,,,,,,,55,58,62,39,56
A. Bah,21,183,66,76,1000000,82,53,56,65,52,71,,,,,,,,,,,,,,,,,,,,,53,56,65,52,71
Fidalgo,22,175,66,76,1000000,64,50,66,69,49,55,,,,,,,,,,,,,,,,,,,,,50,66,69,49,55
V. Mihăilă,19,173,66,76,1000000,91,59,59,68,24,50,,,,,,,,,,,,,,,,,,,,,59,59,68,24,50
S. Galani,21,174,66,76,1000000,66,51,63,59,59,67,,,,,,,,,,,,,,,,,,,,,51,63,59,59,67
M. Bennett,22,178,66,75,1000000,81,61,60,68,39,72,,,,,,,,,,,,,,,,,,,,,61,60,68,39,72
D. De Silva,22,170,66,75,1000000,75,60,59,70,31,65,,,,,,,,,,,,,,,,,,,,,60,59,70,31,65
J. Rodríguez,23,177,66,75,1000000,82,61,64,74,40,52,,,,,,,,,,,,,,,,,,,,,61,64,74,40,52
F. Okenabirhie,23,178,66,75,1000000,84,64,53,67,32,65,,,,,,,,,,,,,,,,,,,,,64,53,67,32,65
Y. Bnou-Marzouk,23,180,66,75,1000000,71,65,45,66,25,58,,,,,,,,,,,,,,,,,,,,,65,45,66,25,58
N. Vergos,23,183,66,75,1000000,71,64,47,61,32,63,,,,,,,,,,,,,,,,,,,,,64,47,61,32,63
P. Ochs,22,175,66,75,1000000,70,61,63,68,49,60,,,,,,,,,,,,,,,,,,,,,61,63,68,49,60
Óscar Pinchi,23,173,66,75,1000000,74,63,62,68,43,49,,,,,,,,,,,,,,,,,,,,,63,62,68,43,49
D. Črnigoj,23,185,66,75,1000000,74,53,63,68,37,66,,,,,,,,,,,,,,,,,,,,,53,63,68,37,66
J. Leko,20,182,66,75,1000000,89,61,52,70,24,58,,,,,,,,,,,,,,,,,,,,,61,52,70,24,58
J. Livolant,21,176,66,75,1000000,71,58,64,66,57,59,,,,,,,,,,,,,,,,,,,,,58,64,66,57,59
L. Gómez,23,163,66,75,1000000,74,59,60,70,57,58,,,,,,,,,,,,,,,,,,,,,59,60,70,57,58
J. Angulo,22,170,66,75,1000000,76,55,65,67,46,62,,,,,,,,,,,,,,,,,,,,,55,65,67,46,62
A. Rossi,22,183,66,75,1000000,64,66,55,63,31,63,,,,,,,,,,,,,,,,,,,,,66,55,63,31,63
C. Nunnely,20,176,66,75,1000000,87,50,56,75,24,54,,,,,,,,,,,,,,,,,,,,,50,56,75,24,54
P. Schmidt,20,179,66,75,1000000,77,64,50,64,22,59,,,,,,,,,,,,,,,,,,,,,64,50,64,22,59
V. Gheorghe,22,175,66,75,1000000,76,50,58,68,41,62,,,,,,,,,,,,,,,,,,,,,50,58,68,41,62
Iban Salvador,23,173,66,75,1000000,80,64,61,71,28,62,,,,,,,,,,,,,,,,,,,,,64,61,71,28,62
D. Raum,21,180,66,75,1000000,82,57,62,67,44,59,,,,,,,,,,,,,,,,,,,,,57,62,67,44,59
A. Petre,21,187,66,75,1000000,76,63,52,61,25,71,,,,,,,,,,,,,,,,,,,,,63,52,61,25,71
J. Gaete,23,174,66,75,1000000,74,62,63,69,27,65,,,,,,,,,,,,,,,,,,,,,62,63,69,27,65
D. Khalid,20,180,66,75,1000000,68,66,56,70,19,53,,,,,,,,,,,,,,,,,,,,,66,56,70,19,53
A. Rodríguez,23,170,66,75,1000000,76,65,59,70,46,58,,,,,,,,,,,,,,,,,,,,,65,59,70,46,58
S. Mraz,22,183,66,75,1000000,67,68,53,63,31,60,,,,,,,,,,,,,,,,,,,,,68,53,63,31,60
J. Monreal,23,190,66,75,1000000,61,65,52,64,34,67,,,,,,,,,,,,,,,,,,,,,65,52,64,34,67
R. Prieto,22,172,66,75,1000000,78,54,61,70,33,51,,,,,,,,,,,,,,,,,,,,,54,61,70,33,51
A. Ciobanu,21,176,66,75,1000000,79,61,59,68,36,38,,,,,,,,,,,,,,,,,,,,,61,59,68,36,38
H. Rafia,20,174,66,75,1000000,66,65,63,71,29,59,,,,,,,,,,,,,,,,,,,,,65,63,71,29,59
R. Moreo,23,188,66,75,1000000,67,62,53,64,22,63,,,,,,,,,,,,,,,,,,,,,62,53,64,22,63
J. Vagnoman,18,187,65,84,1000000,84,39,54,66,59,71,,,,,,,,,,,,,,,,,,,,,39,54,66,59,71
J. Panzo,18,185,65,84,1000000,58,38,50,53,64,63,,,,,,,,,,,,,,,,,,,,,38,50,53,64,63
Eduardo Quaresma,17,185,65,81,1000000,56,31,41,46,65,61,,,,,,,,,,,,,,,,,,,,,31,41,46,65,61
E. Pletinckx,18,190,65,79,1000000,56,29,41,42,62,75,,,,,,,,,,,,,,,,,,,,,29,41,42,62,75
B. Tabla,20,174,65,78,1000000,80,58,58,72,37,45,,,,,,,,,,,,,,,,,,,,,58,58,72,37,45
Luis Perea,21,192,65,78,1000000,56,53,59,63,59,66,,,,,,,,,,,,,,,,,,,,,53,59,63,59,66
G. Koyalipou,19,183,65,78,1000000,76,65,60,68,31,60,,,,,,,,,,,,,,,,,,,,,65,60,68,31,60
E. Hamilton,20,187,65,78,1000000,62,63,63,63,56,72,,,,,,,,,,,,,,,,,,,,,63,63,63,56,72
A. Ba,20,183,65,78,1000000,67,50,58,65,60,71,,,,,,,,,,,,,,,,,,,,,50,58,65,60,71
R. Faivre,20,180,65,78,1000000,63,53,65,65,58,59,,,,,,,,,,,,,,,,,,,,,53,65,65,58,59
E. Sylvestre,19,173,65,78,1000000,65,64,58,71,27,45,,,,,,,,,,,,,,,,,,,,,64,58,71,27,45
M. Oktay,20,175,65,78,1000000,69,56,66,69,38,54,,,,,,,,,,,,,,,,,,,,,56,66,69,38,54
L. Laborda,20,164,65,78,1000000,82,53,61,71,40,43,,,,,,,,,,,,,,,,,,,,,53,61,71,40,43
T. Parrott,17,175,64,85,1000000,76,64,53,62,26,58,,,,,,,,,,,,,,,,,,,,,64,53,62,26,58
R. Piccoli,18,183,64,85,1000000,55,63,47,57,34,63,,,,,,,,,,,,,,,,,,,,,63,47,57,34,63
K. McAllister,20,175,64,79,1000000,84,63,59,67,26,59,,,,,,,,,,,,,,,,,,,,,63,59,67,26,59
D. Lovren,20,172,64,79,1000000,75,54,56,69,25,43,,,,,,,,,,,,,,,,,,,,,54,56,69,25,43
N. Pierini,20,176,64,79,1000000,74,58,60,66,34,47,,,,,,,,,,,,,,,,,,,,,58,60,66,34,47
J. Díaz Price,20,176,64,79,1000000,68,63,59,68,42,45,,,,,,,,,,,,,,,,,,,,,63,59,68,42,45
A. Moreno,20,177,64,79,1000000,64,58,60,66,42,53,,,,,,,,,,,,,,,,,,,,,58,60,66,42,53
M. Tumminello,20,180,64,78,1000000,54,67,40,55,37,61,,,,,,,,,,,,,,,,,,,,,67,40,55,37,61
J. Odgaard,20,188,64,78,1000000,64,63,50,64,39,55,,,,,,,,,,,,,,,,,,,,,63,50,64,39,55
P. Dárdai,20,180,64,78,1000000,71,60,54,71,41,41,,,,,,,,,,,,,,,,,,,,,60,54,71,41,41
I. Chair,21,173,64,78,1000000,75,61,58,67,31,47,,,,,,,,,,,,,,,,,,,,,61,58,67,31,47
V. Damașcan,20,180,64,78,1000000,65,65,56,61,21,54,,,,,,,,,,,,,,,,,,,,,65,56,61,21,54
M. Collao,21,173,64,78,1000000,66,58,65,63,36,45,,,,,,,,,,,,,,,,,,,,,58,65,63,36,45
O. Ndiaye,20,184,64,78,1000000,68,53,64,64,48,48,,,,,,,,,,,,,,,,,,,,,53,64,64,48,48
R. Sottil,20,180,64,78,1000000,73,60,55,68,33,45,,,,,,,,,,,,,,,,,,,,,60,55,68,33,45
I. Damonte,37,176,72,72,975000,53,65,69,70,71,73,,,,,,,,,,,,,,,,,,,,,65,69,70,71,73
M. Iturra,35,174,72,72,975000,50,45,64,65,74,68,,,,,,,,,,,,,,,,,,,,,45,64,65,74,68
M. Iori,37,182,72,72,975000,62,63,72,66,65,75,,,,,,,,,,,,,,,,,,,,,63,72,66,65,75
Otávinho Vila,35,176,72,72,975000,65,47,68,56,73,71,,,,,,,,,,,,,,,,,,,,,47,68,56,73,71
Timo Triano,35,176,72,72,975000,51,46,67,64,74,66,,,,,,,,,,,,,,,,,,,,,46,67,64,74,66
Alessinito,35,182,72,72,975000,72,47,66,61,72,77,,,,,,,,,,,,,,,,,,,,,47,66,61,72,77
Hugo Rubiães,35,175,72,72,975000,69,61,61,70,75,66,,,,,,,,,,,,,,,,,,,,,61,61,70,75,66
A. Djoum,30,182,69,69,975000,65,61,65,70,59,66,,,,,,,,,,,,,,,,,,,,,61,65,70,59,66
A. King,30,184,69,69,975000,58,64,67,66,69,67,,,,,,,,,,,,,,,,,,,,,64,67,66,69,67
G. Maluleka,30,170,69,69,975000,76,68,71,70,60,63,,,,,,,,,,,,,,,,,,,,,68,71,70,60,63
Wu Xi,30,180,69,69,975000,73,66,68,66,63,68,,,,,,,,,,,,,,,,,,,,,66,68,66,63,68
Luís Aurélio,30,179,69,69,975000,65,66,65,69,59,73,,,,,,,,,,,,,,,,,,,,,66,65,69,59,73
E. Rolland,30,184,69,69,975000,57,63,64,69,65,72,,,,,,,,,,,,,,,,,,,,,63,64,69,65,72
Roldão Riso,27,177,69,69,975000,67,50,69,63,70,69,,,,,,,,,,,,,,,,,,,,,50,69,63,70,69
Caio Tafarell,27,183,69,69,975000,65,54,62,55,68,71,,,,,,,,,,,,,,,,,,,,,54,62,55,68,71
Fábio China,26,178,69,69,975000,68,39,57,65,67,64,,,,,,,,,,,,,,,,,,,,,39,57,65,67,64
D. Petrucci,27,184,68,71,975000,53,60,63,68,63,72,,,,,,,,,,,,,,,,,,,,,60,63,68,63,72
D. Wilson,27,188,68,71,975000,54,39,53,58,66,78,,,,,,,,,,,,,,,,,,,,,39,53,58,66,78
T. Blackett,25,188,68,71,975000,69,40,66,63,66,74,,,,,,,,,,,,,,,,,,,,,40,66,63,66,74
B. Sankoh,27,180,68,71,975000,59,31,57,63,71,71,,,,,,,,,,,,,,,,,,,,,31,57,63,71,71
S. Sabelli,26,180,68,71,975000,77,39,55,61,65,75,,,,,,,,,,,,,,,,,,,,,39,55,61,65,75
K. Haugen,25,188,68,71,975000,74,59,65,64,63,72,,,,,,,,,,,,,,,,,,,,,59,65,64,63,72
De La Hoz,27,179,68,71,975000,52,59,59,64,63,72,,,,,,,,,,,,,,,,,,,,,59,59,64,63,72
R. James,25,169,68,71,975000,77,50,58,67,64,62,,,,,,,,,,,,,,,,,,,,,50,58,67,64,62
D. Moreno,27,178,68,71,975000,70,38,57,61,65,78,,,,,,,,,,,,,,,,,,,,,38,57,61,65,78
C. Brunner,25,180,68,71,975000,65,56,61,65,67,69,,,,,,,,,,,,,,,,,,,,,56,61,65,67,69
L. Dos Santos,26,177,68,71,975000,59,45,65,66,68,58,,,,,,,,,,,,,,,,,,,,,45,65,66,68,58
J. Medranda,25,173,68,71,975000,73,62,63,72,65,66,,,,,,,,,,,,,,,,,,,,,62,63,72,65,66
M. Miloš,26,175,68,71,975000,75,52,62,69,64,69,,,,,,,,,,,,,,,,,,,,,52,62,69,64,69
B. Ajdini,26,176,68,71,975000,77,58,67,70,61,63,,,,,,,,,,,,,,,,,,,,,58,67,70,61,63
N. Kreuzer,26,178,68,71,975000,84,58,63,67,60,72,,,,,,,,,,,,,,,,,,,,,58,63,67,60,72
Kevin,26,173,68,71,975000,71,52,62,65,65,67,,,,,,,,,,,,,,,,,,,,,52,62,65,65,67
Gerard Valentín,25,177,68,71,975000,92,36,61,73,61,66,,,,,,,,,,,,,,,,,,,,,36,61,73,61,66
V. N'Simba,25,167,68,71,975000,82,60,62,69,63,64,,,,,,,,,,,,,,,,,,,,,60,62,69,63,64
Kim Min Hyeok,27,187,68,71,975000,79,27,33,44,68,76,,,,,,,,,,,,,,,,,,,,,27,33,44,68,76
V. Kostevych,26,174,68,71,975000,82,54,62,65,60,69,,,,,,,,,,,,,,,,,,,,,54,62,65,60,69
A. Nandzik,26,172,68,71,975000,85,42,58,66,62,63,,,,,,,,,,,,,,,,,,,,,42,58,66,62,63
Lucas Áfrico,24,188,68,70,975000,55,41,54,50,66,76,,,,,,,,,,,,,,,,,,,,,41,54,50,66,76
K. Moore,26,196,68,68,975000,75,65,57,60,47,77,,,,,,,,,,,,,,,,,,,,,65,57,60,47,77
F. Bravo,25,185,67,74,975000,56,45,58,60,64,78,,,,,,,,,,,,,,,,,,,,,45,58,60,64,78
F. Manzano,25,173,67,74,975000,67,55,63,59,64,68,,,,,,,,,,,,,,,,,,,,,55,63,59,64,68
P. Bochniewicz,23,194,67,74,975000,34,24,52,48,67,73,,,,,,,,,,,,,,,,,,,,,24,52,48,67,73
S. Salazar,23,180,67,74,975000,57,38,55,58,62,72,,,,,,,,,,,,,,,,,,,,,38,55,58,62,72
A. Nkaka,23,180,67,74,975000,69,41,57,63,66,71,,,,,,,,,,,,,,,,,,,,,41,57,63,66,71
A. Peña,23,185,67,74,975000,66,41,49,46,67,70,,,,,,,,,,,,,,,,,,,,,41,49,46,67,70
Y. Nakayama,22,181,67,74,975000,76,43,59,65,65,71,,,,,,,,,,,,,,,,,,,,,43,59,65,65,71
T. Mavromatis,22,186,67,74,975000,61,35,46,43,67,68,,,,,,,,,,,,,,,,,,,,,35,46,43,67,68
Eduardo Kau,20,190,67,74,975000,55,40,50,53,66,73,,,,,,,,,,,,,,,,,,,,,40,50,53,66,73
N. Šipčić,24,192,67,74,975000,68,36,51,60,65,70,,,,,,,,,,,,,,,,,,,,,36,51,60,65,70
J. Forster-Caskey,25,178,67,71,975000,71,61,64,67,60,63,,,,,,,,,,,,,,,,,,,,,61,64,67,60,63
C. Edwards,25,180,67,71,975000,56,66,67,65,58,63,,,,,,,,,,,,,,,,,,,,,66,67,65,58,63
S. Pasa,25,184,67,71,975000,55,54,63,64,66,73,,,,,,,,,,,,,,,,,,,,,54,63,64,66,73
P. Lipski,25,185,67,71,975000,67,65,66,67,33,71,,,,,,,,,,,,,,,,,,,,,65,66,67,33,71
L. López,25,175,67,71,975000,65,50,65,65,63,66,,,,,,,,,,,,,,,,,,,,,50,65,65,63,66
M. Pinato,24,175,67,71,975000,72,58,66,68,62,66,,,,,,,,,,,,,,,,,,,,,58,66,68,62,66
J. Stockley,25,188,67,70,975000,65,63,43,61,32,79,,,,,,,,,,,,,,,,,,,,,63,43,61,32,79
L. Castaignos,26,188,67,70,975000,71,65,61,66,32,69,,,,,,,,,,,,,,,,,,,,,65,61,66,32,69
C. Aneke,25,191,67,70,975000,51,65,64,66,52,75,,,,,,,,,,,,,,,,,,,,,65,64,66,52,75
S. Parker,26,181,67,70,975000,76,68,56,69,28,56,,,,,,,,,,,,,,,,,,,,,68,56,69,28,56
L. Melano,26,186,67,70,975000,84,62,61,67,32,71,,,,,,,,,,,,,,,,,,,,,62,61,67,32,71
D. Mendoza,26,186,67,70,975000,61,68,54,64,34,67,,,,,,,,,,,,,,,,,,,,,68,54,64,34,67
J. Kayembe,24,182,67,70,975000,81,55,60,71,37,54,,,,,,,,,,,,,,,,,,,,,55,60,71,37,54
M. Dittgen,24,182,67,70,975000,80,57,58,69,55,65,,,,,,,,,,,,,,,,,,,,,57,58,69,55,65
A. Kanté,24,184,67,70,975000,88,63,56,67,20,68,,,,,,,,,,,,,,,,,,,,,63,56,67,20,68
S. Rapp,26,193,67,70,975000,71,61,52,62,33,74,,,,,,,,,,,,,,,,,,,,,61,52,62,33,74
V. Ramis,24,181,67,70,975000,74,64,57,69,39,69,,,,,,,,,,,,,,,,,,,,,64,57,69,39,69
S. Ngom,26,181,67,70,975000,73,68,55,69,29,61,,,,,,,,,,,,,,,,,,,,,68,55,69,29,61
Z. Naidji,24,178,67,70,975000,71,69,47,68,27,56,,,,,,,,,,,,,,,,,,,,,69,47,68,27,56
M. Bakker,19,184,66,77,975000,78,39,58,65,64,65,,,,,,,,,,,,,,,,,,,,,39,58,65,64,65
R. Kongolo,21,187,66,76,975000,68,47,58,65,61,75,,,,,,,,,,,,,,,,,,,,,47,58,65,61,75
D. Batty,21,178,66,76,975000,68,50,62,66,62,66,,,,,,,,,,,,,,,,,,,,,50,62,66,62,66
M. Thalhammer,21,190,66,76,975000,56,43,59,62,62,73,,,,,,,,,,,,,,,,,,,,,43,59,62,62,73
F. Cornejo,23,174,66,75,975000,68,48,65,63,59,67,,,,,,,,,,,,,,,,,,,,,48,65,63,59,67
G. Dobson,21,185,66,75,975000,68,54,64,64,63,77,,,,,,,,,,,,,,,,,,,,,54,64,64,63,77
M. Odjer,22,170,66,75,975000,84,56,53,68,64,73,,,,,,,,,,,,,,,,,,,,,56,53,68,64,73
O. Abildgaard,23,192,66,75,975000,64,62,63,67,61,77,,,,,,,,,,,,,,,,,,,,,62,63,67,61,77
D. Rigo,20,180,66,75,975000,62,57,71,68,46,47,,,,,,,,,,,,,,,,,,,,,57,71,68,46,47
Edu Cortina,22,174,66,75,975000,57,52,65,67,53,58,,,,,,,,,,,,,,,,,,,,,52,65,67,53,58
J. Intriago,23,175,66,75,975000,69,45,65,67,63,70,,,,,,,,,,,,,,,,,,,,,45,65,67,63,70
Chuca,22,181,66,75,975000,58,56,65,67,57,56,,,,,,,,,,,,,,,,,,,,,56,65,67,57,56
Y. Diarra,21,178,66,75,975000,71,59,63,66,61,72,,,,,,,,,,,,,,,,,,,,,59,63,66,61,72
Cho Young Wook,20,178,66,74,975000,82,62,59,65,29,63,,,,,,,,,,,,,,,,,,,,,62,59,65,29,63
You Ju An,20,177,66,74,975000,73,61,61,65,37,65,,,,,,,,,,,,,,,,,,,,,61,61,65,37,65
Tomás Esteves,17,180,65,79,975000,73,34,58,67,60,64,,,,,,,,,,,,,,,,,,,,,34,58,67,60,64
J. Chicco,21,186,65,78,975000,56,42,60,59,62,69,,,,,,,,,,,,,,,,,,,,,42,60,59,62,69
João Queirós,21,190,65,78,975000,52,34,49,43,65,71,,,,,,,,,,,,,,,,,,,,,34,49,43,65,71
M. Ruiz,18,180,65,78,975000,68,55,67,66,43,62,,,,,,,,,,,,,,,,,,,,,55,67,66,43,62
S. Lo Faso,21,179,65,77,975000,79,62,61,66,26,51,,,,,,,,,,,,,,,,,,,,,62,61,66,26,51
A. Dreyer,21,172,65,77,975000,73,65,59,69,36,57,,,,,,,,,,,,,,,,,,,,,65,59,69,36,57
K. Nwakali,21,181,65,77,975000,71,55,59,72,34,57,,,,,,,,,,,,,,,,,,,,,55,59,72,34,57
Erick,21,173,65,77,975000,75,58,58,69,34,44,,,,,,,,,,,,,,,,,,,,,58,58,69,34,44
R. Brewster,19,180,64,84,975000,77,63,53,65,19,55,,,,,,,,,,,,,,,,,,,,,63,53,65,19,55
D. Caicedo,19,166,64,84,975000,79,45,56,73,31,48,,,,,,,,,,,,,,,,,,,,,45,56,73,31,48
G. Middleton,19,176,64,83,975000,86,53,56,68,28,50,,,,,,,,,,,,,,,,,,,,,53,56,68,28,50
Rafael Camacho,19,175,64,83,975000,74,56,58,67,47,55,,,,,,,,,,,,,,,,,,,,,56,58,67,47,55
C. Akono,19,190,64,82,975000,68,63,50,62,28,66,,,,,,,,,,,,,,,,,,,,,63,50,62,28,66
J. Sanabria,19,173,64,82,975000,71,57,63,66,46,51,,,,,,,,,,,,,,,,,,,,,57,63,66,46,51
M. Payero,20,182,64,81,975000,60,52,60,66,59,67,,,,,,,,,,,,,,,,,,,,,52,60,66,59,67
André Anderson,19,180,64,81,975000,72,59,60,68,25,49,,,,,,,,,,,,,,,,,,,,,59,60,68,25,49
M. Ignatov,19,184,64,81,975000,66,51,64,65,45,51,,,,,,,,,,,,,,,,,,,,,51,64,65,45,51
T. Bayliss,20,183,64,80,975000,71,49,63,70,52,65,,,,,,,,,,,,,,,,,,,,,49,63,70,52,65
A. Ouattara,19,176,64,80,975000,77,56,54,68,32,53,,,,,,,,,,,,,,,,,,,,,56,54,68,32,53
C. Abi,19,187,64,80,975000,79,59,55,66,21,55,,,,,,,,,,,,,,,,,,,,,59,55,66,21,55
D. Pérez,19,179,64,80,975000,73,56,58,66,36,64,,,,,,,,,,,,,,,,,,,,,56,58,66,36,64
A. Díaz,19,172,64,80,975000,70,60,47,65,23,58,,,,,,,,,,,,,,,,,,,,,60,47,65,23,58
M. Glushenkov,19,179,64,80,975000,74,61,58,65,28,42,,,,,,,,,,,,,,,,,,,,,61,58,65,28,42
V. Postolachi,19,189,64,80,975000,53,65,48,60,31,71,,,,,,,,,,,,,,,,,,,,,65,48,60,31,71
A. Connolly,19,177,64,79,975000,70,64,40,60,20,57,,,,,,,,,,,,,,,,,,,,,64,40,60,20,57
F. Melegoni,20,186,64,79,975000,56,55,66,64,55,53,,,,,,,,,,,,,,,,,,,,,55,66,64,55,53
M. Kiprit,19,182,64,79,975000,67,62,47,60,30,64,,,,,,,,,,,,,,,,,,,,,62,47,60,30,64
L. O'Brien,20,173,64,78,975000,64,49,59,66,51,52,,,,,,,,,,,,,,,,,,,,,49,59,66,51,52
A. Manneh,21,170,64,78,975000,69,60,62,62,59,65,,,,,,,,,,,,,,,,,,,,,60,62,62,59,65
José Lara,19,167,64,78,975000,68,59,62,68,33,35,,,,,,,,,,,,,,,,,,,,,59,62,68,33,35
Toni Moya,21,180,64,78,975000,62,56,59,66,55,54,,,,,,,,,,,,,,,,,,,,,56,59,66,55,54
T. Christensen,19,178,64,78,975000,69,54,61,67,37,55,,,,,,,,,,,,,,,,,,,,,54,61,67,37,55
O. Stijepović,19,185,64,78,975000,62,60,64,69,40,39,,,,,,,,,,,,,,,,,,,,,60,64,69,40,39
C. Ngonge,19,179,64,78,975000,78,61,48,73,31,59,,,,,,,,,,,,,,,,,,,,,61,48,73,31,59
B. Özdemir,21,183,64,78,975000,71,48,63,63,47,61,,,,,,,,,,,,,,,,,,,,,48,63,63,47,61
C. Terzi,35,180,72,72,950000,51,41,45,51,71,77,,,,,,,,,,,,,,,,,,,,,41,45,51,71,77
J. Sorbon,35,183,72,72,950000,32,31,58,47,74,69,,,,,,,,,,,,,,,,,,,,,31,58,47,74,69
J. Basanta,35,188,72,72,950000,47,49,54,54,72,68,,,,,,,,,,,,,,,,,,,,,49,54,54,72,68
Jorge Carvallinho,35,189,72,72,950000,60,54,58,53,71,78,,,,,,,,,,,,,,,,,,,,,54,58,53,71,78
J. Acuña,31,175,69,69,950000,70,67,59,66,40,77,,,,,,,,,,,,,,,,,,,,,67,59,66,40,77
J. Garner,31,178,69,69,950000,65,68,54,65,47,78,,,,,,,,,,,,,,,,,,,,,68,54,65,47,78
R. Maniero,31,183,69,69,950000,52,70,54,63,32,71,,,,,,,,,,,,,,,,,,,,,70,54,63,32,71
E. Falkenburg,31,187,69,69,950000,45,70,63,67,40,63,,,,,,,,,,,,,,,,,,,,,70,63,67,40,63
A. Fink,31,174,69,69,950000,72,67,61,70,22,57,,,,,,,,,,,,,,,,,,,,,67,61,70,22,57
Douglas Vieira,31,189,69,69,950000,64,67,62,64,28,77,,,,,,,,,,,,,,,,,,,,,67,62,64,28,77
Paulo Fajarda,27,180,69,69,950000,52,33,47,38,70,68,,,,,,,,,,,,,,,,,,,,,33,47,38,70,68
C. Beck,31,195,69,69,950000,51,71,45,55,32,76,,,,,,,,,,,,,,,,,,,,,71,45,55,32,76
A. Coeff,27,185,68,70,950000,61,52,62,63,65,73,,,,,,,,,,,,,,,,,,,,,52,62,63,65,73
R. Gabrielsen,27,186,68,70,950000,75,48,45,54,66,79,,,,,,,,,,,,,,,,,,,,,48,45,54,66,79
S. Benedetti,27,190,68,70,950000,66,44,43,52,65,77,,,,,,,,,,,,,,,,,,,,,44,43,52,65,77
Fran García,26,174,68,70,950000,77,34,56,66,64,65,,,,,,,,,,,,,,,,,,,,,34,56,66,64,65
R. Leonard,27,185,68,70,950000,79,65,65,67,65,78,,,,,,,,,,,,,,,,,,,,,65,65,67,65,78
M. Abu,27,170,68,70,950000,69,55,64,67,63,70,,,,,,,,,,,,,,,,,,,,,55,64,67,63,70
P. Kitchen,27,183,68,70,950000,54,56,58,58,66,77,,,,,,,,,,,,,,,,,,,,,56,58,58,66,77
J. Jeggo,27,178,68,70,950000,70,61,63,65,64,72,,,,,,,,,,,,,,,,,,,,,61,63,65,64,72
A. MacDonald,26,184,68,70,950000,56,26,45,46,68,70,,,,,,,,,,,,,,,,,,,,,26,45,46,68,70
K. Larsen,26,190,68,70,950000,70,31,42,44,64,79,,,,,,,,,,,,,,,,,,,,,31,42,44,64,79
M. Migliorini,27,194,68,70,950000,41,28,37,37,68,75,,,,,,,,,,,,,,,,,,,,,28,37,37,68,75
A. Geipl,27,178,68,70,950000,69,52,60,63,67,74,,,,,,,,,,,,,,,,,,,,,52,60,63,67,74
Bruno Pires,27,184,68,70,950000,65,44,53,58,66,67,,,,,,,,,,,,,,,,,,,,,44,53,58,66,67
L. Bijker,26,175,68,70,950000,74,35,58,64,67,73,,,,,,,,,,,,,,,,,,,,,35,58,64,67,73
A. Seck,27,192,68,70,950000,67,42,48,49,63,84,,,,,,,,,,,,,,,,,,,,,42,48,49,63,84
D. Roßbach,26,187,68,70,950000,69,38,60,64,66,71,,,,,,,,,,,,,,,,,,,,,38,60,64,66,71
F. Kalig,26,181,68,70,950000,65,42,51,57,66,70,,,,,,,,,,,,,,,,,,,,,42,51,57,66,70
D. Romney,26,188,68,70,950000,61,32,57,60,66,74,,,,,,,,,,,,,,,,,,,,,32,57,60,66,74
J. Clauss,26,185,68,70,950000,76,47,62,68,63,64,,,,,,,,,,,,,,,,,,,,,47,62,68,63,64
M. Bordeianu,27,175,68,70,950000,74,51,58,70,60,71,,,,,,,,,,,,,,,,,,,,,51,58,70,60,71
L. Moult,27,184,68,68,950000,66,68,50,63,39,72,,,,,,,,,,,,,,,,,,,,,68,50,63,39,72
J. Edmundsson,27,185,68,68,950000,73,63,62,69,40,66,,,,,,,,,,,,,,,,,,,,,63,62,69,40,66
Y. de Lanlay,27,180,68,68,950000,84,61,63,71,52,61,,,,,,,,,,,,,,,,,,,,,61,63,71,52,61
J. Taylor,26,168,68,68,950000,88,62,60,68,26,62,,,,,,,,,,,,,,,,,,,,,62,60,68,26,62
A. Kačaniklić,27,181,68,68,950000,69,61,69,69,40,50,,,,,,,,,,,,,,,,,,,,,61,69,69,40,50
J. Zárate,27,167,68,68,950000,86,59,61,71,37,52,,,,,,,,,,,,,,,,,,,,,59,61,71,37,52
Salvador Agra,27,166,68,68,950000,89,63,62,72,35,50,,,,,,,,,,,,,,,,,,,,,63,62,72,35,50
Y. Croizet,27,178,68,68,950000,73,67,64,73,47,70,,,,,,,,,,,,,,,,,,,,,67,64,73,47,70
E. Salli,26,171,68,68,950000,87,64,59,74,31,63,,,,,,,,,,,,,,,,,,,,,64,59,74,31,63
F. Falco,27,171,68,68,950000,81,66,68,77,29,56,,,,,,,,,,,,,,,,,,,,,66,68,77,29,56
J. López,27,173,68,68,950000,79,58,61,73,40,54,,,,,,,,,,,,,,,,,,,,,58,61,73,40,54
R. Ranftl,27,180,68,68,950000,75,60,62,67,61,67,,,,,,,,,,,,,,,,,,,,,60,62,67,61,67
J. Aguirre,27,175,68,68,950000,94,58,60,71,43,64,,,,,,,,,,,,,,,,,,,,,58,60,71,43,64
Y. Baraye,27,177,68,68,950000,83,60,63,71,48,53,,,,,,,,,,,,,,,,,,,,,60,63,71,48,53
Liu Binbin,26,177,68,68,950000,75,66,61,68,43,67,,,,,,,,,,,,,,,,,,,,,66,61,68,43,67
Dani Ramírez,27,175,68,68,950000,70,63,66,71,36,60,,,,,,,,,,,,,,,,,,,,,63,66,71,36,60
Adão Morrinhos,27,177,68,68,950000,69,72,54,65,23,63,,,,,,,,,,,,,,,,,,,,,72,54,65,23,63
T. Nakagawa,26,161,68,68,950000,83,65,54,73,23,63,,,,,,,,,,,,,,,,,,,,,65,54,73,23,63
Davide Eustáquio,27,178,68,68,950000,69,62,62,69,33,53,,,,,,,,,,,,,,,,,,,,,62,62,69,33,53
Jonaldo Santoso,27,186,68,68,950000,60,68,50,61,34,66,,,,,,,,,,,,,,,,,,,,,68,50,61,34,66
Heitor Mutto,27,180,68,68,950000,64,67,62,71,26,53,,,,,,,,,,,,,,,,,,,,,67,62,71,26,53
Jorge Félix,27,175,68,68,950000,74,63,64,68,29,60,,,,,,,,,,,,,,,,,,,,,63,64,68,29,60
R. Castillo,27,183,68,68,950000,75,69,51,65,23,59,,,,,,,,,,,,,,,,,,,,,69,51,65,23,59
J. Moore-Taylor,25,178,67,74,950000,66,36,58,56,64,78,,,,,,,,,,,,,,,,,,,,,36,58,56,64,78
L. O'Nien,24,174,67,74,950000,75,59,63,63,63,72,,,,,,,,,,,,,,,,,,,,,59,63,63,63,72
J. McCarthy,23,186,67,74,950000,73,52,61,64,64,76,,,,,,,,,,,,,,,,,,,,,52,61,64,64,76
K. Paal,22,177,67,74,950000,79,52,66,71,62,68,,,,,,,,,,,,,,,,,,,,,52,66,71,62,68
J. Van Cleemput,22,183,67,74,950000,72,31,62,60,63,73,,,,,,,,,,,,,,,,,,,,,31,62,60,63,73
A. Mozo,22,173,67,74,950000,77,34,57,66,64,61,,,,,,,,,,,,,,,,,,,,,34,57,66,64,61
D. Dankerlui,22,172,67,74,950000,82,54,62,68,59,68,,,,,,,,,,,,,,,,,,,,,54,62,68,59,68
Delmás,24,173,67,74,950000,69,34,56,61,66,71,,,,,,,,,,,,,,,,,,,,,34,56,61,66,71
Alex Muñoz,24,185,67,73,950000,70,35,56,55,66,71,,,,,,,,,,,,,,,,,,,,,35,56,55,66,71
L. Povea,25,176,67,73,950000,76,61,63,66,63,64,,,,,,,,,,,,,,,,,,,,,61,63,66,63,64
T. Lumanza Lembi,25,178,67,73,950000,69,52,64,68,62,71,,,,,,,,,,,,,,,,,,,,,52,64,68,62,71
K. Veendorp,22,183,67,73,950000,67,49,56,56,65,70,,,,,,,,,,,,,,,,,,,,,49,56,56,65,70
F. Brorsson,23,187,67,73,950000,62,30,46,52,64,76,,,,,,,,,,,,,,,,,,,,,30,46,52,64,76
M. Christiansen,22,185,67,73,950000,59,47,64,63,64,75,,,,,,,,,,,,,,,,,,,,,47,64,63,64,75
L. Samson,23,190,67,73,950000,66,40,56,61,67,72,,,,,,,,,,,,,,,,,,,,,40,56,61,67,72
G. Miura,24,183,67,73,950000,58,24,45,43,68,72,,,,,,,,,,,,,,,,,,,,,24,45,43,68,72
A. Arellano,24,174,67,73,950000,69,53,61,65,64,70,,,,,,,,,,,,,,,,,,,,,53,61,65,64,70
L. Schweers,23,188,67,73,950000,60,31,46,42,65,73,,,,,,,,,,,,,,,,,,,,,31,46,42,65,73
M. Heyer,24,184,67,73,950000,64,40,53,57,67,68,,,,,,,,,,,,,,,,,,,,,40,53,57,67,68
B. Rother,22,184,67,73,950000,65,46,56,61,65,76,,,,,,,,,,,,,,,,,,,,,46,56,61,65,76
B. Henning,24,173,67,73,950000,80,52,54,66,63,72,,,,,,,,,,,,,,,,,,,,,52,54,66,63,72
O. Andrievskyi,25,179,67,73,950000,66,49,61,50,64,59,,,,,,,,,,,,,,,,,,,,,49,61,50,64,59
L. Haquin,21,180,67,73,950000,70,28,39,46,66,74,,,,,,,,,,,,,,,,,,,,,28,39,46,66,74
K. Barmen,25,190,67,70,950000,63,65,64,66,64,77,,,,,,,,,,,,,,,,,,,,,65,64,66,64,77
J. Lundstram,25,181,67,70,950000,65,58,64,62,68,71,,,,,,,,,,,,,,,,,,,,,58,64,62,68,71
G. Moncur,25,176,67,70,950000,67,62,68,69,51,62,,,,,,,,,,,,,,,,,,,,,62,68,69,51,62
R. Hall,25,173,67,70,950000,88,61,61,68,32,61,,,,,,,,,,,,,,,,,,,,,61,61,68,32,61
R. McKenzie,25,175,67,70,950000,83,56,62,68,34,69,,,,,,,,,,,,,,,,,,,,,56,62,68,34,69
K. Pusch,26,181,67,70,950000,67,60,63,66,55,66,,,,,,,,,,,,,,,,,,,,,60,63,66,55,66
L. Bertone,25,179,67,70,950000,67,64,65,63,62,69,,,,,,,,,,,,,,,,,,,,,64,65,63,62,69
Jefferson,25,181,67,70,950000,71,50,64,67,56,69,,,,,,,,,,,,,,,,,,,,,50,64,67,56,69
S. Lundholm,25,180,67,70,950000,77,58,61,71,41,59,,,,,,,,,,,,,,,,,,,,,58,61,71,41,59
N. Poulsen,25,176,67,70,950000,56,44,66,66,64,75,,,,,,,,,,,,,,,,,,,,,44,66,66,64,75
D. Watmore,25,175,67,70,950000,80,64,61,69,37,59,,,,,,,,,,,,,,,,,,,,,64,61,69,37,59
A. Al Sulayhim,25,171,67,70,950000,73,54,62,72,60,64,,,,,,,,,,,,,,,,,,,,,54,62,72,60,64
E. Arango,25,170,67,70,950000,79,59,66,66,27,64,,,,,,,,,,,,,,,,,,,,,59,66,66,27,64
Pablo Pérez,25,188,67,70,950000,60,64,67,65,52,63,,,,,,,,,,,,,,,,,,,,,64,67,65,52,63
J. Salas,25,182,67,70,950000,65,55,65,65,58,72,,,,,,,,,,,,,,,,,,,,,55,65,65,58,72
C. Tabó,25,174,67,70,950000,81,59,60,71,27,64,,,,,,,,,,,,,,,,,,,,,59,60,71,27,64
V. Rodić,25,176,67,70,950000,81,59,57,70,45,65,,,,,,,,,,,,,,,,,,,,,59,57,70,45,65
M. Pučko,25,176,67,70,950000,73,67,62,70,33,43,,,,,,,,,,,,,,,,,,,,,67,62,70,33,43
R. Harakawa,25,175,67,70,950000,80,58,64,70,57,63,,,,,,,,,,,,,,,,,,,,,58,64,70,57,63
N. Solís,25,170,67,70,950000,80,63,61,73,31,40,,,,,,,,,,,,,,,,,,,,,63,61,73,31,40
B. De Alba,26,168,67,70,950000,80,54,66,69,35,47,,,,,,,,,,,,,,,,,,,,,54,66,69,35,47
T. Schwede,25,181,67,70,950000,78,54,61,67,31,60,,,,,,,,,,,,,,,,,,,,,54,61,67,31,60
H. Akbunar,25,167,67,70,950000,81,58,62,69,33,42,,,,,,,,,,,,,,,,,,,,,58,62,69,33,42
F. Makaringe,26,179,67,70,950000,74,49,68,69,46,66,,,,,,,,,,,,,,,,,,,,,49,68,69,46,66
Carlos Bravo,26,175,67,70,950000,63,61,64,70,43,47,,,,,,,,,,,,,,,,,,,,,61,64,70,43,47
M. Rosafio,25,178,67,70,950000,81,63,63,69,29,58,,,,,,,,,,,,,,,,,,,,,63,63,69,29,58
J. Clarke-Harris,24,183,67,69,950000,77,70,45,62,23,75,,,,,,,,,,,,,,,,,,,,,70,45,62,23,75
M. Engels,25,183,67,69,950000,73,68,62,68,27,66,,,,,,,,,,,,,,,,,,,,,68,62,68,27,66
U. Jenssen,22,186,66,76,950000,66,53,61,63,66,67,,,,,,,,,,,,,,,,,,,,,53,61,63,66,67
Estrela,23,173,66,76,950000,68,45,52,63,64,74,,,,,,,,,,,,,,,,,,,,,45,52,63,64,74
L. Escorcia,22,186,66,76,950000,56,25,44,40,66,69,,,,,,,,,,,,,,,,,,,,,25,44,40,66,69
R. Becker,22,183,66,76,950000,74,43,50,59,65,70,,,,,,,,,,,,,,,,,,,,,43,50,59,65,70
M. Poaty,21,177,66,76,950000,82,52,51,65,64,70,,,,,,,,,,,,,,,,,,,,,52,51,65,64,70
N. Molina,21,175,66,76,950000,74,35,58,63,62,68,,,,,,,,,,,,,,,,,,,,,35,58,63,62,68
S. Ramírez,20,178,66,76,950000,75,31,55,64,64,62,,,,,,,,,,,,,,,,,,,,,31,55,64,64,62
F. Ananou,21,183,66,76,950000,76,38,47,57,66,72,,,,,,,,,,,,,,,,,,,,,38,47,57,66,72
H. Mendes,21,184,66,76,950000,76,42,60,62,64,66,,,,,,,,,,,,,,,,,,,,,42,60,62,64,66
C. Vargas,20,176,66,76,950000,68,46,55,56,67,66,,,,,,,,,,,,,,,,,,,,,46,55,56,67,66
T. Hadebe,23,180,66,76,950000,71,29,36,38,68,71,,,,,,,,,,,,,,,,,,,,,29,36,38,68,71
J. Earl,20,193,66,76,950000,79,43,50,64,65,74,,,,,,,,,,,,,,,,,,,,,43,50,64,65,74
Diego Barri,23,188,66,76,950000,58,39,60,59,64,70,,,,,,,,,,,,,,,,,,,,,39,60,59,64,70
F. Nadalín,21,176,66,76,950000,72,31,54,64,66,63,,,,,,,,,,,,,,,,,,,,,31,54,64,66,63
M. Mihojević,23,188,66,76,950000,62,39,44,46,64,67,,,,,,,,,,,,,,,,,,,,,39,44,46,64,67
Diogo Calila,20,180,66,76,950000,76,47,57,70,61,66,,,,,,,,,,,,,,,,,,,,,47,57,70,61,66
A. Vigo,20,175,66,76,950000,76,43,56,64,62,64,,,,,,,,,,,,,,,,,,,,,43,56,64,62,64
E. Tapsoba,20,190,66,76,950000,55,29,39,39,65,74,,,,,,,,,,,,,,,,,,,,,29,39,39,65,74
C. Morris,23,185,66,74,950000,74,62,47,63,32,73,,,,,,,,,,,,,,,,,,,,,62,47,63,32,73
S. Szmodics,23,167,66,74,950000,79,65,59,69,47,68,,,,,,,,,,,,,,,,,,,,,65,59,69,47,68
M. Njie,23,185,66,74,950000,87,60,57,68,29,60,,,,,,,,,,,,,,,,,,,,,60,57,68,29,60
J. Flores,22,167,66,74,950000,76,59,58,71,26,42,,,,,,,,,,,,,,,,,,,,,59,58,71,26,42
J. Ginnelly,22,173,66,74,950000,91,57,57,69,45,61,,,,,,,,,,,,,,,,,,,,,57,57,69,45,61
Gaspar,21,165,66,74,950000,58,57,65,70,39,31,,,,,,,,,,,,,,,,,,,,,57,65,70,39,31
Leonardo Lopes,20,168,66,74,950000,86,61,61,70,51,53,,,,,,,,,,,,,,,,,,,,,61,61,70,51,53
A. O'Neill,20,178,66,74,950000,75,64,61,66,57,63,,,,,,,,,,,,,,,,,,,,,64,61,66,57,63
M. Pantović,22,185,66,74,950000,67,57,61,69,33,57,,,,,,,,,,,,,,,,,,,,,57,61,69,33,57
J. Ramírez,21,180,66,74,950000,64,59,65,67,53,59,,,,,,,,,,,,,,,,,,,,,59,65,67,53,59
Q. Laçi,23,180,66,74,950000,73,65,64,67,57,68,,,,,,,,,,,,,,,,,,,,,65,64,67,57,68
S. Balaure,23,178,66,74,950000,81,51,60,66,42,63,,,,,,,,,,,,,,,,,,,,,51,60,66,42,63
A. Leautey,23,172,66,74,950000,85,54,62,67,29,48,,,,,,,,,,,,,,,,,,,,,54,62,67,29,48
M. Verreth,21,181,66,74,950000,76,62,61,67,34,58,,,,,,,,,,,,,,,,,,,,,62,61,67,34,58
Gonçalo Agrelos,21,181,66,74,950000,74,55,62,70,53,61,,,,,,,,,,,,,,,,,,,,,55,62,70,53,61
C. Ezeh,21,177,66,74,950000,72,59,63,68,31,53,,,,,,,,,,,,,,,,,,,,,59,63,68,31,53
M. Merentiel,23,176,66,74,950000,68,67,48,65,29,51,,,,,,,,,,,,,,,,,,,,,67,48,65,29,51
Ruster,22,170,66,74,950000,79,61,58,70,27,65,,,,,,,,,,,,,,,,,,,,,61,58,70,27,65
E. Restrepo,22,177,65,78,950000,62,29,45,49,67,66,,,,,,,,,,,,,,,,,,,,,29,45,49,67,66
Jorge Cuenca,19,189,65,78,950000,55,35,51,43,65,63,,,,,,,,,,,,,,,,,,,,,35,51,43,65,63
Iago Oliveira,19,186,65,78,950000,60,34,61,61,64,67,,,,,,,,,,,,,,,,,,,,,34,61,61,64,67
S. Ingelsson,21,189,65,77,950000,63,54,65,68,55,54,,,,,,,,,,,,,,,,,,,,,54,65,68,55,54
Park Han Bin,21,183,65,77,950000,41,47,62,59,58,70,,,,,,,,,,,,,,,,,,,,,47,62,59,58,70
I. Morales,19,180,65,77,950000,78,61,56,67,25,71,,,,,,,,,,,,,,,,,,,,,61,56,67,25,71
M. Tramoni,19,175,65,77,950000,74,57,64,68,45,58,,,,,,,,,,,,,,,,,,,,,57,64,68,45,58
I. Gheorghe,19,171,65,77,950000,70,48,59,65,30,48,,,,,,,,,,,,,,,,,,,,,48,59,65,30,48
K. Davis,21,188,65,76,950000,69,59,51,68,41,73,,,,,,,,,,,,,,,,,,,,,59,51,68,41,73
S. Surridge,20,191,65,76,950000,63,64,43,62,27,71,,,,,,,,,,,,,,,,,,,,,64,43,62,27,71
Steven Prieto,21,182,65,76,950000,62,64,48,60,26,66,,,,,,,,,,,,,,,,,,,,,64,48,60,26,66
F. Krüger,20,186,65,76,950000,76,62,49,64,21,65,,,,,,,,,,,,,,,,,,,,,62,49,64,21,65
A. Kampetsis,20,186,65,76,950000,70,63,48,60,24,61,,,,,,,,,,,,,,,,,,,,,63,48,60,24,61
A. Ueda,20,180,65,76,950000,79,60,48,62,26,61,,,,,,,,,,,,,,,,,,,,,60,48,62,26,61
E. Simms,18,183,64,84,950000,77,64,50,59,25,58,,,,,,,,,,,,,,,,,,,,,64,50,59,25,58
L. Pintor,18,179,64,83,950000,75,63,49,68,27,49,,,,,,,,,,,,,,,,,,,,,63,49,68,27,49
J. Marković,18,183,64,80,950000,76,59,44,60,22,79,,,,,,,,,,,,,,,,,,,,,59,44,60,22,79
J. Burkardt,18,181,64,80,950000,72,60,53,71,25,59,,,,,,,,,,,,,,,,,,,,,60,53,71,25,59
D. Kulusevski,19,186,64,80,950000,59,51,61,65,55,54,,,,,,,,,,,,,,,,,,,,,51,61,65,55,54
A. Stanilewicz,19,181,64,80,950000,63,48,62,67,51,54,,,,,,,,,,,,,,,,,,,,,48,62,67,51,54
T. Nydam,19,170,64,79,950000,74,51,63,66,60,63,,,,,,,,,,,,,,,,,,,,,51,63,66,60,63
L. Diaby Fadiga,18,188,64,78,950000,66,63,56,63,25,62,,,,,,,,,,,,,,,,,,,,,63,56,63,25,62
L. Clarke,34,188,70,70,925000,61,69,56,62,30,77,,,,,,,,,,,,,,,,,,,,,69,56,62,30,77
Casadesús,34,180,70,70,925000,53,65,69,71,45,77,,,,,,,,,,,,,,,,,,,,,65,69,71,45,77
Lee Keun Ho,34,176,70,70,925000,80,66,64,69,38,71,,,,,,,,,,,,,,,,,,,,,66,64,69,38,71
M. Iajour,34,178,70,70,925000,74,71,58,69,30,62,,,,,,,,,,,,,,,,,,,,,71,58,69,30,62
R. Lamah,31,175,69,69,925000,84,63,63,71,46,73,,,,,,,,,,,,,,,,,,,,,63,63,71,46,73
V. Basha,28,174,69,69,925000,63,61,66,65,63,72,,,,,,,,,,,,,,,,,,,,,61,66,65,63,72
N. Dyer,31,167,69,69,925000,77,67,62,75,41,57,,,,,,,,,,,,,,,,,,,,,67,62,75,41,57
R. Gíslason,31,184,69,69,925000,78,69,64,67,41,74,,,,,,,,,,,,,,,,,,,,,69,64,67,41,74
A. Karabulut,31,178,69,69,925000,75,63,64,73,43,67,,,,,,,,,,,,,,,,,,,,,63,64,73,43,67
C. Evans,28,180,69,69,925000,63,57,62,61,67,69,,,,,,,,,,,,,,,,,,,,,57,62,61,67,69
N. McGinn,31,178,69,69,925000,77,65,64,71,34,64,,,,,,,,,,,,,,,,,,,,,65,64,71,34,64
F. Acuña,31,167,69,69,925000,75,59,63,76,36,54,,,,,,,,,,,,,,,,,,,,,59,63,76,36,54
T. Fontaine,28,184,69,69,925000,71,24,52,37,66,72,,,,,,,,,,,,,,,,,,,,,24,52,37,66,72
C. McLaughlin,27,183,69,69,925000,70,48,64,65,67,70,,,,,,,,,,,,,,,,,,,,,48,64,65,67,70
C. Diandy,28,186,69,69,925000,62,50,63,66,68,71,,,,,,,,,,,,,,,,,,,,,50,63,66,68,71
M. Pereira,31,180,69,69,925000,88,61,60,70,52,76,,,,,,,,,,,,,,,,,,,,,61,60,70,52,76
K. Çörekçi,27,173,69,69,925000,81,49,64,72,64,67,,,,,,,,,,,,,,,,,,,,,49,64,72,64,67
J. Cabezas,28,182,69,69,925000,62,51,59,60,68,74,,,,,,,,,,,,,,,,,,,,,51,59,60,68,74
J. Muñoz,31,178,69,69,925000,79,60,61,71,39,67,,,,,,,,,,,,,,,,,,,,,60,61,71,39,67
F. Schultz,27,172,69,69,925000,76,55,66,67,60,69,,,,,,,,,,,,,,,,,,,,,55,66,67,60,69
M. Vešović,27,177,69,69,925000,84,54,65,71,63,69,,,,,,,,,,,,,,,,,,,,,54,65,71,63,69
S. Papagiannopoulos,28,190,69,69,925000,69,36,53,60,65,77,,,,,,,,,,,,,,,,,,,,,36,53,60,65,77
M. Roberts,28,193,69,69,925000,57,24,40,43,67,73,,,,,,,,,,,,,,,,,,,,,24,40,43,67,73
Sandeiro Leal,31,187,69,69,925000,68,70,66,68,45,64,,,,,,,,,,,,,,,,,,,,,70,66,68,45,64
Ever Sineiro,31,167,69,69,925000,74,61,65,74,39,60,,,,,,,,,,,,,,,,,,,,,61,65,74,39,60
R. González,28,182,69,69,925000,49,37,45,51,68,76,,,,,,,,,,,,,,,,,,,,,37,45,51,68,76
Fran Gámez,27,174,69,69,925000,76,47,59,65,66,67,,,,,,,,,,,,,,,,,,,,,47,59,65,66,67
Z. Udovičić,31,185,69,69,925000,80,62,63,67,59,69,,,,,,,,,,,,,,,,,,,,,62,63,67,59,69
J. Van Damme,27,195,68,69,925000,48,62,66,59,64,81,,,,,,,,,,,,,,,,,,,,,62,66,59,64,81
K. Kraus,26,190,68,69,925000,45,40,44,40,67,76,,,,,,,,,,,,,,,,,,,,,40,44,40,67,76
G. Þórarinsson,27,183,68,69,925000,64,63,70,70,61,71,,,,,,,,,,,,,,,,,,,,,63,70,70,61,71
G. Di Chiara,25,185,68,69,925000,73,33,55,64,65,72,,,,,,,,,,,,,,,,,,,,,33,55,64,65,72
Lolo,27,186,68,69,925000,54,48,58,60,66,79,,,,,,,,,,,,,,,,,,,,,48,58,60,66,79
I. Lakićević,25,180,68,69,925000,65,43,60,64,68,67,,,,,,,,,,,,,,,,,,,,,43,60,64,68,67
K. LuaLua,28,180,68,68,925000,88,63,66,72,39,64,,,,,,,,,,,,,,,,,,,,,63,66,72,39,64
F. Ojo,27,177,68,68,925000,68,61,67,68,61,69,,,,,,,,,,,,,,,,,,,,,61,67,68,61,69
M. James,27,181,68,68,925000,52,60,69,66,67,65,,,,,,,,,,,,,,,,,,,,,60,69,66,67,65
J. Magennis,28,188,68,68,925000,78,63,55,61,54,84,,,,,,,,,,,,,,,,,,,,,63,55,61,54,84
Ortuño,28,184,68,68,925000,64,66,54,64,31,61,,,,,,,,,,,,,,,,,,,,,66,54,64,31,61
G. Zigoni,28,188,68,68,925000,67,64,49,64,38,71,,,,,,,,,,,,,,,,,,,,,64,49,64,38,71
J. Norwood,28,183,68,68,925000,70,67,55,65,40,71,,,,,,,,,,,,,,,,,,,,,67,55,65,40,71
D. Ward,28,180,68,68,925000,68,69,62,67,35,67,,,,,,,,,,,,,,,,,,,,,69,62,67,35,67
A. Grimaldi,28,188,68,68,925000,69,66,53,60,29,79,,,,,,,,,,,,,,,,,,,,,66,53,60,29,79
C. Quaner,28,191,68,68,925000,73,64,60,65,28,72,,,,,,,,,,,,,,,,,,,,,64,60,65,28,72
L. Boyce,28,184,68,68,925000,68,68,52,66,33,75,,,,,,,,,,,,,,,,,,,,,68,52,66,33,75
Choe Yeong Joon,27,180,68,68,925000,69,61,66,67,63,67,,,,,,,,,,,,,,,,,,,,,61,66,67,63,67
K. Rowe,27,173,68,68,925000,62,67,68,69,58,63,,,,,,,,,,,,,,,,,,,,,67,68,69,58,63
R. Benatelli,27,181,68,68,925000,59,61,66,68,58,75,,,,,,,,,,,,,,,,,,,,,61,66,68,58,75
J. Roa,27,172,68,68,925000,77,46,61,72,60,80,,,,,,,,,,,,,,,,,,,,,46,61,72,60,80
P. Kirkevold,28,185,68,68,925000,67,68,61,64,34,78,,,,,,,,,,,,,,,,,,,,,68,61,64,34,78
S. Iljutcenko,28,189,68,68,925000,74,67,49,63,36,76,,,,,,,,,,,,,,,,,,,,,67,49,63,36,76
F. Picault,28,173,68,68,925000,87,66,62,71,40,49,,,,,,,,,,,,,,,,,,,,,66,62,71,40,49
Getterson,28,177,68,68,925000,75,65,53,68,27,74,,,,,,,,,,,,,,,,,,,,,65,53,68,27,74
Paulo Otávio,24,174,67,73,925000,78,48,60,71,62,56,,,,,,,,,,,,,,,,,,,,,48,60,71,62,56
B. Véjar,23,168,67,73,925000,89,55,62,67,62,66,,,,,,,,,,,,,,,,,,,,,55,62,67,62,66
P. Jaroszyński,24,184,67,73,925000,69,45,60,62,65,68,,,,,,,,,,,,,,,,,,,,,45,60,62,65,68
O. Diakhité,25,190,67,73,925000,37,40,48,50,66,78,,,,,,,,,,,,,,,,,,,,,40,48,50,66,78
S. Adekugbe,24,176,67,73,925000,81,41,59,65,62,73,,,,,,,,,,,,,,,,,,,,,41,59,65,62,73
L. Zander,23,186,67,73,925000,78,37,55,61,64,67,,,,,,,,,,,,,,,,,,,,,37,55,61,64,67
A. Witry,23,178,67,73,925000,76,44,57,63,64,65,,,,,,,,,,,,,,,,,,,,,44,57,63,64,65
W. Pacheco,24,173,67,73,925000,89,40,56,64,60,63,,,,,,,,,,,,,,,,,,,,,40,56,64,60,63
L. Boeder,22,184,67,73,925000,67,31,54,56,67,71,,,,,,,,,,,,,,,,,,,,,31,54,56,67,71
C. Borthwick-Jackson,22,189,67,73,925000,70,45,63,62,64,66,,,,,,,,,,,,,,,,,,,,,45,63,62,64,66
L. Vignali,23,183,67,73,925000,71,57,63,65,64,66,,,,,,,,,,,,,,,,,,,,,57,63,65,64,66
L. Guwara,23,185,67,73,925000,77,34,56,64,65,71,,,,,,,,,,,,,,,,,,,,,34,56,64,65,71
K. Bartolec,24,176,67,73,925000,80,56,61,68,61,68,,,,,,,,,,,,,,,,,,,,,56,61,68,61,68
S. Raggett,25,196,67,73,925000,62,33,43,43,65,78,,,,,,,,,,,,,,,,,,,,,33,43,43,65,78
J. Balkovec,24,185,67,73,925000,71,50,63,61,63,68,,,,,,,,,,,,,,,,,,,,,50,63,61,63,68
A. Matějů,23,184,67,73,925000,73,41,62,67,64,67,,,,,,,,,,,,,,,,,,,,,41,62,67,64,67
M. Di Gennaro,25,192,67,73,925000,57,27,39,38,68,71,,,,,,,,,,,,,,,,,,,,,27,39,38,68,71
C. Chapman,24,188,67,72,925000,57,48,54,57,67,72,,,,,,,,,,,,,,,,,,,,,48,54,57,67,72
M. Spano-Rahou,24,184,67,72,925000,62,34,45,50,65,73,,,,,,,,,,,,,,,,,,,,,34,45,50,65,73
T. Deng,22,182,67,72,925000,75,27,46,55,66,71,,,,,,,,,,,,,,,,,,,,,27,46,55,66,71
R. Popa,22,189,67,72,925000,54,29,49,45,67,65,,,,,,,,,,,,,,,,,,,,,29,49,45,67,65
L. Abubakar,24,183,67,72,925000,60,32,50,46,64,77,,,,,,,,,,,,,,,,,,,,,32,50,46,64,77
André Pedrosa,22,185,67,72,925000,65,50,65,65,63,62,,,,,,,,,,,,,,,,,,,,,50,65,65,63,62
R. Preißinger,22,185,67,72,925000,66,56,61,63,63,75,,,,,,,,,,,,,,,,,,,,,56,61,63,63,75
M. Adams,22,168,67,72,925000,66,48,55,65,67,66,,,,,,,,,,,,,,,,,,,,,48,55,65,67,66
X. Arreaga,24,183,67,72,925000,53,24,37,31,69,71,,,,,,,,,,,,,,,,,,,,,24,37,31,69,71
Rômulo,23,185,67,72,925000,61,45,64,58,64,72,,,,,,,,,,,,,,,,,,,,,45,64,58,64,72
Li Ke,26,171,67,70,925000,75,60,61,66,67,69,,,,,,,,,,,,,,,,,,,,,60,61,66,67,69
D. McGeouch,26,178,67,70,925000,64,50,65,68,57,69,,,,,,,,,,,,,,,,,,,,,50,65,68,57,69
F. Rogic,26,180,67,70,925000,69,59,62,67,61,76,,,,,,,,,,,,,,,,,,,,,59,62,67,61,76
P. McEleney,26,180,67,69,925000,78,60,64,68,55,64,,,,,,,,,,,,,,,,,,,,,60,64,68,55,64
K. Vollmann,25,174,67,69,925000,82,60,62,69,41,66,,,,,,,,,,,,,,,,,,,,,60,62,69,41,66
P. Hofmann,26,195,67,69,925000,55,65,50,57,32,78,,,,,,,,,,,,,,,,,,,,,65,50,57,32,78
H. Sacko,25,183,67,69,925000,88,65,55,69,27,70,,,,,,,,,,,,,,,,,,,,,65,55,69,27,70
S. Rincón,25,185,67,69,925000,78,66,59,67,28,65,,,,,,,,,,,,,,,,,,,,,66,59,67,28,65
F. Forte,26,187,67,69,925000,57,67,55,63,30,67,,,,,,,,,,,,,,,,,,,,,67,55,63,30,67
E. Boateng,25,167,67,69,925000,90,60,60,70,41,58,,,,,,,,,,,,,,,,,,,,,60,60,70,41,58
P. Sotiriou,26,186,67,69,925000,75,61,50,66,38,77,,,,,,,,,,,,,,,,,,,,,61,50,66,38,77
A. Castro,25,170,67,69,925000,80,58,67,68,34,47,,,,,,,,,,,,,,,,,,,,,58,67,68,34,47
M. Rayhi,25,178,67,69,925000,77,66,63,72,46,68,,,,,,,,,,,,,,,,,,,,,66,63,72,46,68
P. Eze,26,186,67,69,925000,79,67,47,64,29,78,,,,,,,,,,,,,,,,,,,,,67,47,64,29,78
O. Thioune,25,180,67,69,925000,59,53,66,65,65,64,,,,,,,,,,,,,,,,,,,,,53,66,65,65,64
Y. Hurtado,22,170,66,76,925000,65,45,61,60,62,69,,,,,,,,,,,,,,,,,,,,,45,61,60,62,69
E. Iñíguez,22,177,66,76,925000,72,30,52,59,67,63,,,,,,,,,,,,,,,,,,,,,30,52,59,67,63
L. Kilian,19,190,66,76,925000,64,37,54,49,64,71,,,,,,,,,,,,,,,,,,,,,37,54,49,64,71
W. Parra,24,177,66,75,925000,71,45,57,63,65,68,,,,,,,,,,,,,,,,,,,,,45,57,63,65,68
H. Alpsoy,22,185,66,75,925000,71,49,61,57,63,70,,,,,,,,,,,,,,,,,,,,,49,61,57,63,70
T. Ndenge,22,188,66,75,925000,69,57,61,65,63,73,,,,,,,,,,,,,,,,,,,,,57,61,65,63,73
C. Rivera,23,184,66,75,925000,59,56,57,65,64,65,,,,,,,,,,,,,,,,,,,,,56,57,65,64,65
R. Guerra,22,183,66,75,925000,55,55,57,64,63,63,,,,,,,,,,,,,,,,,,,,,55,57,64,63,63
E. Kayembe,21,181,66,75,925000,74,59,60,70,60,74,,,,,,,,,,,,,,,,,,,,,59,60,70,60,74
S. Icardi,22,183,66,75,925000,61,52,60,63,62,69,,,,,,,,,,,,,,,,,,,,,52,60,63,62,69
T. Bishop,22,178,66,74,925000,70,59,66,71,51,59,,,,,,,,,,,,,,,,,,,,,59,66,71,51,59
Pedro Chirivella,22,178,66,74,925000,65,46,64,66,57,69,,,,,,,,,,,,,,,,,,,,,46,64,66,57,69
G. Byers,23,180,66,74,925000,64,53,63,66,49,60,,,,,,,,,,,,,,,,,,,,,53,63,66,49,60
Sergio Gil,23,183,66,74,925000,63,51,68,68,62,61,,,,,,,,,,,,,,,,,,,,,51,68,68,62,61
F. Proia,23,185,66,74,925000,71,58,65,65,63,71,,,,,,,,,,,,,,,,,,,,,58,65,65,63,71
Samuel Dias,19,175,66,74,925000,69,71,55,69,30,49,,,,,,,,,,,,,,,,,,,,,71,55,69,30,49
J. Wilson,23,183,66,73,925000,73,65,57,65,26,58,,,,,,,,,,,,,,,,,,,,,65,57,65,26,58
C. Hamilton,24,185,66,73,925000,92,62,55,65,57,66,,,,,,,,,,,,,,,,,,,,,62,55,65,57,66
Erik,24,171,66,73,925000,80,66,49,71,22,47,,,,,,,,,,,,,,,,,,,,,66,49,71,22,47
R. Peña,22,184,66,73,925000,66,63,46,64,22,66,,,,,,,,,,,,,,,,,,,,,63,46,64,22,66
E. Eze,22,185,66,73,925000,80,62,51,64,26,68,,,,,,,,,,,,,,,,,,,,,62,51,64,26,68
A. Adam,24,178,66,73,925000,75,66,48,65,19,62,,,,,,,,,,,,,,,,,,,,,66,48,65,19,62
B. White,23,178,66,73,925000,76,63,51,66,48,68,,,,,,,,,,,,,,,,,,,,,63,51,66,48,68
F. Sakala,22,178,66,73,925000,86,67,53,61,29,66,,,,,,,,,,,,,,,,,,,,,67,53,61,29,66
F. Pons,23,187,66,73,925000,64,67,46,59,34,70,,,,,,,,,,,,,,,,,,,,,67,46,59,34,70
T. Štrkalj,22,184,66,73,925000,56,69,44,61,20,54,,,,,,,,,,,,,,,,,,,,,69,44,61,20,54
S. Nicholson,22,192,66,73,925000,68,70,56,61,22,70,,,,,,,,,,,,,,,,,,,,,70,56,61,22,70
G. Thomas,22,173,65,76,925000,77,61,61,66,36,64,,,,,,,,,,,,,,,,,,,,,61,61,66,36,64
M. Samuelsen,22,189,65,76,925000,75,54,58,73,29,51,,,,,,,,,,,,,,,,,,,,,54,58,73,29,51
T. Zhamaletdinov,22,181,65,76,925000,74,61,51,66,33,66,,,,,,,,,,,,,,,,,,,,,61,51,66,33,66
M. Kristensen,22,187,65,76,925000,77,61,61,67,43,59,,,,,,,,,,,,,,,,,,,,,61,61,67,43,59
E. Bogado,21,167,65,76,925000,85,57,57,71,35,51,,,,,,,,,,,,,,,,,,,,,57,57,71,35,51
V. Janelt,21,184,65,76,925000,59,49,60,65,63,68,,,,,,,,,,,,,,,,,,,,,49,60,65,63,68
A. Picchi,21,186,65,76,925000,70,53,65,66,55,60,,,,,,,,,,,,,,,,,,,,,53,65,66,55,60
Pedro Díaz,21,180,65,76,925000,65,58,66,67,37,54,,,,,,,,,,,,,,,,,,,,,58,66,67,37,54
P. Sontheimer,20,168,65,76,925000,68,45,63,68,56,59,,,,,,,,,,,,,,,,,,,,,45,63,68,56,59
A. Sabiri,22,186,65,76,925000,70,58,55,74,36,64,,,,,,,,,,,,,,,,,,,,,58,55,74,36,64
A. Medina,21,182,65,76,925000,67,56,64,66,53,58,,,,,,,,,,,,,,,,,,,,,56,64,66,53,58
C. Giousis,20,176,65,76,925000,69,56,61,69,34,52,,,,,,,,,,,,,,,,,,,,,56,61,69,34,52
L. Adžić,20,184,65,76,925000,74,62,62,69,33,58,,,,,,,,,,,,,,,,,,,,,62,62,69,33,58
F. Chabrolle,21,171,65,76,925000,63,57,63,70,31,48,,,,,,,,,,,,,,,,,,,,,57,63,70,31,48
S. Dewaele,20,180,65,76,925000,66,49,67,66,56,60,,,,,,,,,,,,,,,,,,,,,49,67,66,56,60
H. Cochrane,18,178,64,84,925000,67,55,62,69,53,51,,,,,,,,,,,,,,,,,,,,,55,62,69,53,51
E. Loiodice,18,176,64,84,925000,56,45,59,70,56,47,,,,,,,,,,,,,,,,,,,,,45,59,70,56,47
A. Yusuf,18,175,64,82,925000,79,41,60,67,58,72,,,,,,,,,,,,,,,,,,,,,41,60,67,58,72
Y. Akgün,18,173,64,81,925000,80,62,56,67,23,39,,,,,,,,,,,,,,,,,,,,,62,56,67,23,39
L. Balerdi,20,187,64,80,925000,66,30,47,49,64,67,,,,,,,,,,,,,,,,,,,,,30,47,49,64,67
F. Mura,20,171,64,80,925000,73,51,46,64,64,60,,,,,,,,,,,,,,,,,,,,,51,46,64,64,60
B. Aaronson,18,173,64,80,925000,72,48,60,67,36,50,,,,,,,,,,,,,,,,,,,,,48,60,67,36,50
M. Feeney,20,190,64,79,925000,47,32,33,38,64,67,,,,,,,,,,,,,,,,,,,,,32,33,38,64,67
M. Nazarit,21,186,64,79,925000,67,29,33,43,61,78,,,,,,,,,,,,,,,,,,,,,29,33,43,61,78
Tachi,21,183,64,79,925000,61,29,42,46,64,58,,,,,,,,,,,,,,,,,,,,,29,42,46,64,58
J. Ponceau,18,170,64,79,925000,73,53,60,65,43,53,,,,,,,,,,,,,,,,,,,,,53,60,65,43,53
F. Evina,18,180,64,79,925000,82,62,55,66,34,68,,,,,,,,,,,,,,,,,,,,,62,55,66,34,68
Lucas Ribeiro,20,190,64,79,925000,59,26,54,43,64,64,,,,,,,,,,,,,,,,,,,,,26,54,43,64,64
A. Kızıldağ,20,187,64,79,925000,66,37,46,51,65,64,,,,,,,,,,,,,,,,,,,,,37,46,51,65,64
J. Davenport,20,177,64,78,925000,65,41,61,60,60,66,,,,,,,,,,,,,,,,,,,,,41,61,60,60,66
L. Fomba,21,188,64,78,925000,66,46,60,67,64,62,,,,,,,,,,,,,,,,,,,,,46,60,67,64,62
B. Risa,21,188,64,78,925000,78,56,57,63,61,68,,,,,,,,,,,,,,,,,,,,,56,57,63,61,68
João Moutinho,21,182,64,78,925000,61,24,52,62,65,63,,,,,,,,,,,,,,,,,,,,,24,52,62,65,63
R. Ion,18,179,64,78,925000,63,62,60,65,31,50,,,,,,,,,,,,,,,,,,,,,62,60,65,31,50
N. Ortigoza,34,180,71,71,900000,32,60,73,65,65,70,,,,,,,,,,,,,,,,,,,,,60,73,65,65,70
W. Routledge,34,170,70,70,900000,67,64,67,73,40,54,,,,,,,,,,,,,,,,,,,,,64,67,73,40,54
R. Fernández,34,172,70,70,900000,68,68,68,71,55,66,,,,,,,,,,,,,,,,,,,,,68,68,71,55,66
K. Shibasaki,34,176,70,70,900000,64,68,71,69,44,61,,,,,,,,,,,,,,,,,,,,,68,71,69,44,61
K. Lee,31,178,69,69,900000,63,59,68,69,64,58,,,,,,,,,,,,,,,,,,,,,59,68,69,64,58
M. Scozzarella,31,175,69,69,900000,85,61,72,72,55,61,,,,,,,,,,,,,,,,,,,,,61,72,72,55,61
D. Opare,28,174,69,69,900000,83,64,62,71,62,72,,,,,,,,,,,,,,,,,,,,,64,62,71,62,72
A. Ignjovski,28,176,69,69,900000,70,50,61,68,69,65,,,,,,,,,,,,,,,,,,,,,50,61,68,69,65
A. Richards,28,175,69,69,900000,68,44,62,66,68,69,,,,,,,,,,,,,,,,,,,,,44,62,66,68,69
V. Regini,28,185,69,69,900000,63,39,54,60,71,68,,,,,,,,,,,,,,,,,,,,,39,54,60,71,68
J. Hunt,28,175,69,69,900000,81,52,59,67,66,67,,,,,,,,,,,,,,,,,,,,,52,59,67,66,67
M. Kieftenbeld,29,179,69,69,900000,66,65,63,66,68,75,,,,,,,,,,,,,,,,,,,,,65,63,66,68,75
E. Akichi,29,178,69,69,900000,72,51,64,69,64,67,,,,,,,,,,,,,,,,,,,,,51,64,69,64,67
M. Nyatama,31,175,69,69,900000,74,70,68,71,51,63,,,,,,,,,,,,,,,,,,,,,70,68,71,51,63
S. Willems,28,183,69,69,900000,68,44,59,58,71,67,,,,,,,,,,,,,,,,,,,,,44,59,58,71,67
J. Cornejo,28,177,69,69,900000,76,57,63,66,67,69,,,,,,,,,,,,,,,,,,,,,57,63,66,67,69
I. Rivas,31,177,69,69,900000,62,68,63,66,59,78,,,,,,,,,,,,,,,,,,,,,68,63,66,59,78
N. Berardo,28,181,69,69,900000,69,46,64,60,64,78,,,,,,,,,,,,,,,,,,,,,46,64,60,64,78
R. de la Fuente,28,175,69,69,900000,75,52,63,69,65,70,,,,,,,,,,,,,,,,,,,,,52,63,69,65,70
Filipe Ferreira,28,178,69,69,900000,71,53,64,66,64,65,,,,,,,,,,,,,,,,,,,,,53,64,66,64,65
Y. Kashiwagi,31,176,69,69,900000,63,64,73,67,48,57,,,,,,,,,,,,,,,,,,,,,64,73,67,48,57
Tang Miao,28,177,69,69,900000,74,29,61,63,61,78,,,,,,,,,,,,,,,,,,,,,29,61,63,61,78
L. Reyes,28,181,69,69,900000,76,49,64,67,65,64,,,,,,,,,,,,,,,,,,,,,49,64,67,65,64
L. Mora,31,183,69,69,900000,62,61,70,67,57,67,,,,,,,,,,,,,,,,,,,,,61,70,67,57,67
Y. Opanasenko,28,180,69,69,900000,71,46,64,67,68,68,,,,,,,,,,,,,,,,,,,,,46,64,67,68,68
S. Bateau,28,186,68,70,900000,70,30,48,52,67,74,,,,,,,,,,,,,,,,,,,,,30,48,52,67,74
B. Vidal,28,179,68,70,900000,54,51,59,59,67,73,,,,,,,,,,,,,,,,,,,,,51,59,59,67,73
L. Ospina,28,190,68,70,900000,39,23,35,35,67,76,,,,,,,,,,,,,,,,,,,,,23,35,35,67,76
M. Lešković,28,188,68,70,900000,65,25,34,42,68,69,,,,,,,,,,,,,,,,,,,,,25,34,42,68,69
A. Halliday,27,173,68,69,900000,72,59,65,65,62,74,,,,,,,,,,,,,,,,,,,,,59,65,65,62,74
K. Freeman,27,178,68,69,900000,69,56,61,65,65,67,,,,,,,,,,,,,,,,,,,,,56,61,65,65,67
S. Mladen,27,188,68,69,900000,72,34,52,58,65,83,,,,,,,,,,,,,,,,,,,,,34,52,58,65,83
I. Höhn,27,183,68,69,900000,54,32,51,57,68,67,,,,,,,,,,,,,,,,,,,,,32,51,57,68,67
David Bruno,27,175,68,69,900000,72,35,60,66,65,70,,,,,,,,,,,,,,,,,,,,,35,60,66,65,70
M. Lais,28,182,68,69,900000,80,55,62,69,64,67,,,,,,,,,,,,,,,,,,,,,55,62,69,64,67
D. Łukasik,28,179,68,69,900000,53,42,65,63,66,71,,,,,,,,,,,,,,,,,,,,,42,65,63,66,71
M. Al Fatil,27,179,68,69,900000,55,25,43,46,68,71,,,,,,,,,,,,,,,,,,,,,25,43,46,68,71
L. Ghiringhelli,27,182,68,69,900000,77,46,58,63,66,68,,,,,,,,,,,,,,,,,,,,,46,58,63,66,68
B. Idowu,27,179,68,69,900000,87,39,57,59,68,70,,,,,,,,,,,,,,,,,,,,,39,57,59,68,70
M. Duarte,27,171,68,69,900000,80,66,64,67,63,68,,,,,,,,,,,,,,,,,,,,,66,64,67,63,68
M. Perez,28,180,68,69,900000,71,52,65,66,64,71,,,,,,,,,,,,,,,,,,,,,52,65,66,64,71
A. Appindangoye,27,185,68,69,900000,62,45,56,52,67,75,,,,,,,,,,,,,,,,,,,,,45,56,52,67,75
S. Ay,27,184,68,69,900000,65,42,49,48,66,76,,,,,,,,,,,,,,,,,,,,,42,49,48,66,76
Z. Yavru,27,178,68,69,900000,79,52,57,66,66,68,,,,,,,,,,,,,,,,,,,,,52,57,66,66,68
A. Toșca,27,181,68,69,900000,71,45,60,59,67,64,,,,,,,,,,,,,,,,,,,,,45,60,59,67,64
Bastos,27,170,68,69,900000,77,47,59,68,63,72,,,,,,,,,,,,,,,,,,,,,47,59,68,63,72
A. Sin,27,175,68,69,900000,76,47,57,66,64,66,,,,,,,,,,,,,,,,,,,,,47,57,66,64,66
R. Radunović,27,182,68,69,900000,81,26,41,55,67,69,,,,,,,,,,,,,,,,,,,,,26,41,55,67,69
M. Watkins,28,178,68,68,900000,77,62,63,69,28,67,,,,,,,,,,,,,,,,,,,,,62,63,69,28,67
C. McManaman,28,175,68,68,900000,74,63,61,74,26,59,,,,,,,,,,,,,,,,,,,,,63,61,74,26,59
Alberto Perea,28,177,68,68,900000,74,65,64,69,31,59,,,,,,,,,,,,,,,,,,,,,65,64,69,31,59
P. Mortensen,29,190,68,68,900000,53,67,50,61,29,73,,,,,,,,,,,,,,,,,,,,,67,50,61,29,73
T. Sana,29,174,68,68,900000,80,65,62,74,32,63,,,,,,,,,,,,,,,,,,,,,65,62,74,32,63
C. Orrantía,28,176,68,68,900000,82,54,62,69,53,66,,,,,,,,,,,,,,,,,,,,,54,62,69,53,66
N. Bahoui,28,188,68,68,900000,76,67,64,67,27,72,,,,,,,,,,,,,,,,,,,,,67,64,67,27,72
P. Huspek,28,172,68,68,900000,91,62,60,70,29,61,,,,,,,,,,,,,,,,,,,,,62,60,70,29,61
M. Đurić,29,198,68,68,900000,50,66,53,55,32,77,,,,,,,,,,,,,,,,,,,,,66,53,55,32,77
C. Benschop,29,191,68,68,900000,59,69,60,62,38,77,,,,,,,,,,,,,,,,,,,,,69,60,62,38,77
M. Beister,28,180,68,68,900000,79,67,61,71,39,66,,,,,,,,,,,,,,,,,,,,,67,61,71,39,66
Thierry Moutinho,28,178,68,68,900000,90,63,62,71,48,69,,,,,,,,,,,,,,,,,,,,,63,62,71,48,69
T. Bunbury,29,188,68,68,900000,74,66,60,66,38,75,,,,,,,,,,,,,,,,,,,,,66,60,66,38,75
G. Åsen,28,182,68,68,900000,64,65,69,68,52,67,,,,,,,,,,,,,,,,,,,,,65,69,68,52,67
Serginho,28,166,68,68,900000,76,64,64,72,33,48,,,,,,,,,,,,,,,,,,,,,64,64,72,33,48
A. Yasin,28,185,68,68,900000,79,64,60,73,40,70,,,,,,,,,,,,,,,,,,,,,64,60,73,40,70
T. Röcher,28,181,68,68,900000,78,61,61,71,23,66,,,,,,,,,,,,,,,,,,,,,61,61,71,23,66
M. Pospíšil,28,178,68,68,900000,69,54,65,71,59,66,,,,,,,,,,,,,,,,,,,,,54,65,71,59,66
D. Accam,28,174,68,68,900000,88,66,60,73,44,59,,,,,,,,,,,,,,,,,,,,,66,60,73,44,59
D. Llanos,29,173,68,68,900000,78,65,57,61,27,65,,,,,,,,,,,,,,,,,,,,,65,57,61,27,65
P. Zulechner,29,182,68,68,900000,63,66,53,63,31,64,,,,,,,,,,,,,,,,,,,,,66,53,63,31,64
T. van Weert,29,180,68,68,900000,66,68,51,64,27,69,,,,,,,,,,,,,,,,,,,,,68,51,64,27,69
M. Barbieri,28,163,68,68,900000,78,63,64,70,37,50,,,,,,,,,,,,,,,,,,,,,63,64,70,37,50
L. Villarruel,28,173,68,68,900000,75,49,67,68,63,77,,,,,,,,,,,,,,,,,,,,,49,67,68,63,77
N. Mazzola,29,188,68,68,900000,55,68,43,62,32,78,,,,,,,,,,,,,,,,,,,,,68,43,62,32,78
M. Taylor,29,176,68,68,900000,77,67,59,68,26,63,,,,,,,,,,,,,,,,,,,,,67,59,68,26,63
J. Parraguez,29,183,68,68,900000,52,69,50,62,26,78,,,,,,,,,,,,,,,,,,,,,69,50,62,26,78
A. Marchesano,28,168,68,68,900000,68,58,68,74,46,43,,,,,,,,,,,,,,,,,,,,,58,68,74,46,43
S. Skarlatidis,28,174,68,68,900000,79,62,64,70,29,56,,,,,,,,,,,,,,,,,,,,,62,64,70,29,56
M. Manias,29,189,68,68,900000,69,69,54,63,29,68,,,,,,,,,,,,,,,,,,,,,69,54,63,29,68
N. Siega,28,178,68,68,900000,79,58,64,72,60,64,,,,,,,,,,,,,,,,,,,,,58,64,72,60,64
A. Mulenga,29,178,68,68,900000,73,72,60,65,33,63,,,,,,,,,,,,,,,,,,,,,72,60,65,33,63
N. Fujimoto,29,175,68,68,900000,77,67,54,65,28,62,,,,,,,,,,,,,,,,,,,,,67,54,65,28,62
A. Ludwig,26,184,67,72,900000,63,37,55,59,66,73,,,,,,,,,,,,,,,,,,,,,37,55,59,66,73
S. Sandberg,25,186,67,72,900000,72,43,60,61,65,72,,,,,,,,,,,,,,,,,,,,,43,60,61,65,72
C. Rodríguez,24,170,67,72,900000,71,39,61,68,65,68,,,,,,,,,,,,,,,,,,,,,39,61,68,65,68
F. De Col,25,184,67,72,900000,74,30,51,56,65,76,,,,,,,,,,,,,,,,,,,,,30,51,56,65,76
C. Cuevas,24,175,67,72,900000,81,57,63,68,63,61,,,,,,,,,,,,,,,,,,,,,57,63,68,63,61
M. Diagne,25,188,67,72,900000,71,29,46,46,66,73,,,,,,,,,,,,,,,,,,,,,29,46,46,66,73
E. Lancini,25,188,67,72,900000,66,34,42,50,66,72,,,,,,,,,,,,,,,,,,,,,34,42,50,66,72
E. Bonifacio,25,169,67,72,900000,71,36,50,64,66,62,,,,,,,,,,,,,,,,,,,,,36,50,64,66,62
D. Liotti,25,180,67,72,900000,82,52,65,70,61,72,,,,,,,,,,,,,,,,,,,,,52,65,70,61,72
Carlos Nieto,23,179,67,72,900000,68,55,64,63,64,74,,,,,,,,,,,,,,,,,,,,,55,64,63,64,74
M. Thychosen,22,178,67,72,900000,82,59,61,67,59,72,,,,,,,,,,,,,,,,,,,,,59,61,67,59,72
L. Gonnelli,26,183,67,72,900000,57,26,37,43,66,72,,,,,,,,,,,,,,,,,,,,,26,37,43,66,72
Q. Lecoeuche,25,172,67,72,900000,76,51,60,66,63,63,,,,,,,,,,,,,,,,,,,,,51,60,66,63,63
Akieme,21,175,67,72,900000,74,36,52,65,64,66,,,,,,,,,,,,,,,,,,,,,36,52,65,64,66
H. Pehlivan,25,183,67,72,900000,66,50,53,62,66,66,,,,,,,,,,,,,,,,,,,,,50,53,62,66,66
J. Bizama,25,178,67,72,900000,77,45,59,62,65,74,,,,,,,,,,,,,,,,,,,,,45,59,62,65,74
Lasure,25,176,67,72,900000,70,44,57,61,64,73,,,,,,,,,,,,,,,,,,,,,44,57,61,64,73
Deng Hanwen,24,178,67,72,900000,76,50,56,66,63,63,,,,,,,,,,,,,,,,,,,,,50,56,66,63,63
Eric Curbelo,25,173,67,72,900000,78,34,52,61,65,64,,,,,,,,,,,,,,,,,,,,,34,52,61,65,64
U. Meraş,23,178,67,72,900000,68,42,58,65,65,63,,,,,,,,,,,,,,,,,,,,,42,58,65,65,63
J. Mellot,25,178,67,72,900000,77,39,53,66,64,68,,,,,,,,,,,,,,,,,,,,,39,53,66,64,68
L. Cabrera,25,167,67,71,900000,59,48,59,68,67,71,,,,,,,,,,,,,,,,,,,,,48,59,68,67,71
Claude Gonçalves,25,174,67,71,900000,67,40,57,65,67,69,,,,,,,,,,,,,,,,,,,,,40,57,65,67,69
B. Tuiloma,24,178,67,71,900000,57,44,58,58,66,71,,,,,,,,,,,,,,,,,,,,,44,58,58,66,71
M. Poletanović,25,187,67,71,900000,54,65,68,66,61,66,,,,,,,,,,,,,,,,,,,,,65,68,66,61,66
F. Bambock,24,181,67,71,900000,62,49,56,60,66,79,,,,,,,,,,,,,,,,,,,,,49,56,60,66,79
T. Müller,24,188,67,71,900000,67,26,45,45,67,71,,,,,,,,,,,,,,,,,,,,,26,45,45,67,71
Leandro Vilela,24,177,67,71,900000,56,42,59,64,66,71,,,,,,,,,,,,,,,,,,,,,42,59,64,66,71
R. Teibert,26,173,67,69,900000,60,53,67,68,62,64,,,,,,,,,,,,,,,,,,,,,53,67,68,62,64
B. Smeets,26,184,67,69,900000,67,58,64,65,63,82,,,,,,,,,,,,,,,,,,,,,58,64,65,63,82
M. Smith,27,194,67,68,900000,64,64,53,60,30,77,,,,,,,,,,,,,,,,,,,,,64,53,60,30,77
T. Børven,27,185,67,68,900000,71,67,54,65,31,62,,,,,,,,,,,,,,,,,,,,,67,54,65,31,62
S. Pettinari,27,185,67,68,900000,76,63,55,70,27,72,,,,,,,,,,,,,,,,,,,,,63,55,70,27,72
Leandro,26,177,67,68,900000,73,67,62,67,33,72,,,,,,,,,,,,,,,,,,,,,67,62,67,33,72
G. Edwards,26,175,67,68,900000,81,61,61,71,41,50,,,,,,,,,,,,,,,,,,,,,61,61,71,41,50
C. Ramírez,26,170,67,68,900000,76,64,61,69,38,50,,,,,,,,,,,,,,,,,,,,,64,61,69,38,50
M. Boyle,26,178,67,68,900000,93,60,57,67,44,59,,,,,,,,,,,,,,,,,,,,,60,57,67,44,59
R. Vanegas,26,176,67,68,900000,84,63,55,70,31,69,,,,,,,,,,,,,,,,,,,,,63,55,70,31,69
C. Washington,27,178,67,68,900000,78,65,55,65,37,72,,,,,,,,,,,,,,,,,,,,,65,55,65,37,72
Sebas Coris,26,182,67,68,900000,79,58,62,65,55,60,,,,,,,,,,,,,,,,,,,,,58,62,65,55,60
Song Seung Min,27,187,67,68,900000,75,62,60,66,41,76,,,,,,,,,,,,,,,,,,,,,62,60,66,41,76
J. Pereira,26,182,67,68,900000,77,62,60,69,50,66,,,,,,,,,,,,,,,,,,,,,62,60,69,50,66
P. Gladon,27,188,67,68,900000,48,66,55,61,27,68,,,,,,,,,,,,,,,,,,,,,66,55,61,27,68
T. Bingöl,26,180,67,68,900000,80,60,63,68,32,60,,,,,,,,,,,,,,,,,,,,,60,63,68,32,60
A. Rodríguez,26,176,67,68,900000,82,64,60,67,36,62,,,,,,,,,,,,,,,,,,,,,64,60,67,36,62
M. Ajani,25,188,67,68,900000,86,59,61,64,53,74,,,,,,,,,,,,,,,,,,,,,59,61,64,53,74
Luís Machado,26,168,67,68,900000,78,65,59,72,30,49,,,,,,,,,,,,,,,,,,,,,65,59,72,30,49
Álvaro Traver,26,181,67,68,900000,73,65,66,68,29,65,,,,,,,,,,,,,,,,,,,,,65,66,68,29,65
M. Roman,27,185,67,68,900000,69,67,47,64,25,67,,,,,,,,,,,,,,,,,,,,,67,47,64,25,67
Y. Nakano,26,176,67,68,900000,86,53,59,69,34,61,,,,,,,,,,,,,,,,,,,,,53,59,69,34,61
M. Farrona Pulido,26,175,67,68,900000,86,59,57,72,29,52,,,,,,,,,,,,,,,,,,,,,59,57,72,29,52
P. Zulu,26,178,67,68,900000,75,71,62,68,60,61,,,,,,,,,,,,,,,,,,,,,71,62,68,60,61
F. Valot,26,175,67,68,900000,71,57,63,69,54,65,,,,,,,,,,,,,,,,,,,,,57,63,69,54,65
B. Chardonnet,24,181,66,75,900000,63,35,48,53,64,70,,,,,,,,,,,,,,,,,,,,,35,48,53,64,70
J. Moreno,22,187,66,75,900000,54,27,39,42,64,74,,,,,,,,,,,,,,,,,,,,,27,39,42,64,74
K. Vincent-Young,23,180,66,75,900000,88,54,55,66,62,73,,,,,,,,,,,,,,,,,,,,,54,55,66,62,73
F. Dimarco,21,175,66,75,900000,62,33,66,61,65,59,,,,,,,,,,,,,,,,,,,,,33,66,61,65,59
J. Segura,22,187,66,75,900000,46,29,38,36,67,72,,,,,,,,,,,,,,,,,,,,,29,38,36,67,72
T. Hübers,22,190,66,75,900000,63,39,54,54,65,66,,,,,,,,,,,,,,,,,,,,,39,54,54,65,66
Luis Muñoz,22,181,66,75,900000,63,29,45,48,64,71,,,,,,,,,,,,,,,,,,,,,29,45,48,64,71
Q. Maceiras,23,181,66,75,900000,81,57,60,66,62,70,,,,,,,,,,,,,,,,,,,,,57,60,66,62,70
O. Ba,23,192,66,75,900000,64,30,42,45,65,77,,,,,,,,,,,,,,,,,,,,,30,42,45,65,77
M. Ristić,23,183,66,75,900000,68,57,59,65,62,59,,,,,,,,,,,,,,,,,,,,,57,59,65,62,59
André Sousa,21,174,66,75,900000,70,46,60,65,65,64,,,,,,,,,,,,,,,,,,,,,46,60,65,65,64
A. Sissoko,22,178,66,75,900000,67,33,56,59,65,62,,,,,,,,,,,,,,,,,,,,,33,56,59,65,62
A. Fuenmayor,22,184,66,75,900000,62,25,39,39,66,69,,,,,,,,,,,,,,,,,,,,,25,39,39,66,69
L. Ravanelli,22,187,66,75,900000,65,38,42,50,67,64,,,,,,,,,,,,,,,,,,,,,38,42,50,67,64
B. Sam,21,177,66,75,900000,72,27,54,61,65,62,,,,,,,,,,,,,,,,,,,,,27,54,61,65,62
A. Meroni,22,188,66,75,900000,58,39,41,44,65,76,,,,,,,,,,,,,,,,,,,,,39,41,44,65,76
L. Thompson,24,180,66,73,900000,64,50,63,65,65,70,,,,,,,,,,,,,,,,,,,,,50,63,65,65,70
E. Hyndman,23,170,66,73,900000,65,59,68,72,55,48,,,,,,,,,,,,,,,,,,,,,59,68,72,55,48
M. Multhaup,22,174,66,73,900000,86,54,61,71,39,55,,,,,,,,,,,,,,,,,,,,,54,61,71,39,55
Arturo Molina,23,183,66,73,900000,68,62,62,71,52,55,,,,,,,,,,,,,,,,,,,,,62,62,71,52,55
D. Dianessy,23,182,66,73,900000,77,66,54,68,28,50,,,,,,,,,,,,,,,,,,,,,66,54,68,28,50
Jang Yun Ho,22,178,66,73,900000,58,55,63,62,56,67,,,,,,,,,,,,,,,,,,,,,55,63,62,56,67
Lee Yeong Jae,24,174,66,73,900000,74,60,61,65,55,52,,,,,,,,,,,,,,,,,,,,,60,61,65,55,52
A. Doffo,24,179,66,73,900000,71,57,66,67,28,45,,,,,,,,,,,,,,,,,,,,,57,66,67,28,45
M. Bähre,23,179,66,73,900000,72,60,65,68,37,56,,,,,,,,,,,,,,,,,,,,,60,65,68,37,56
S. Sarr,23,196,66,73,900000,62,61,61,61,63,86,,,,,,,,,,,,,,,,,,,,,61,61,61,63,86
M. El Hankouri,22,176,66,73,900000,79,60,61,73,32,49,,,,,,,,,,,,,,,,,,,,,60,61,73,32,49
Jean Carlos,23,185,66,73,900000,76,56,66,67,38,60,,,,,,,,,,,,,,,,,,,,,56,66,67,38,60
M. Bundu,22,189,66,73,900000,85,62,57,68,42,68,,,,,,,,,,,,,,,,,,,,,62,57,68,42,68
L. Angulo,23,171,66,73,900000,67,62,58,66,58,75,,,,,,,,,,,,,,,,,,,,,62,58,66,58,75
C. Boukholda,23,179,66,73,900000,51,55,69,67,37,53,,,,,,,,,,,,,,,,,,,,,55,69,67,37,53
C. Bayala,23,181,66,73,900000,81,60,58,65,33,63,,,,,,,,,,,,,,,,,,,,,60,58,65,33,63
Y. Nazaryna,21,183,66,73,900000,69,57,67,67,58,64,,,,,,,,,,,,,,,,,,,,,57,67,67,58,64
M. Etuin,23,175,66,73,900000,69,56,69,66,57,48,,,,,,,,,,,,,,,,,,,,,56,69,66,57,48
G. Whyte,23,176,66,73,900000,81,58,58,68,30,41,,,,,,,,,,,,,,,,,,,,,58,58,68,30,41
Cristian Cedrés,23,172,66,73,900000,81,65,60,69,32,50,,,,,,,,,,,,,,,,,,,,,65,60,69,32,50
M. Uhre,24,188,66,72,900000,84,64,47,64,34,71,,,,,,,,,,,,,,,,,,,,,64,47,64,34,71
Carlos Fortes,24,188,66,72,900000,68,63,48,65,31,75,,,,,,,,,,,,,,,,,,,,,63,48,65,31,75
A. Succar,23,180,66,72,900000,76,66,53,62,26,66,,,,,,,,,,,,,,,,,,,,,66,53,62,26,66
Simón Moreno,21,177,66,72,900000,76,66,49,63,21,53,,,,,,,,,,,,,,,,,,,,,66,49,63,21,53
E. Massouema,22,184,65,76,900000,66,48,61,64,63,69,,,,,,,,,,,,,,,,,,,,,48,61,64,63,69
X. Emmers,19,178,65,76,900000,65,48,65,66,53,48,,,,,,,,,,,,,,,,,,,,,48,65,66,53,48
W. Geubbels,17,185,64,84,900000,84,62,53,64,26,53,,,,,,,,,,,,,,,,,,,,,62,53,64,26,53
B. Nygren,17,184,64,82,900000,63,60,58,65,20,57,,,,,,,,,,,,,,,,,,,,,60,58,65,20,57
I. Lihadji,17,177,64,82,900000,78,57,57,70,23,43,,,,,,,,,,,,,,,,,,,,,57,57,70,23,43
Mateu Morey,19,173,64,81,900000,76,45,59,69,57,52,,,,,,,,,,,,,,,,,,,,,45,59,69,57,52
H. Hassan,17,177,64,80,900000,79,57,56,69,26,47,,,,,,,,,,,,,,,,,,,,,57,56,69,26,47
C. Niasse,19,188,64,80,900000,58,44,56,60,62,64,,,,,,,,,,,,,,,,,,,,,44,56,60,62,64
M. Taabouni,17,178,64,80,900000,77,55,59,70,43,51,,,,,,,,,,,,,,,,,,,,,55,59,70,43,51
Iker Losada,17,175,64,80,900000,70,67,49,66,33,54,,,,,,,,,,,,,,,,,,,,,67,49,66,33,54
Martín,19,190,64,79,900000,59,25,39,40,64,58,,,,,,,,,,,,,,,,,,,,,25,39,40,64,58
Jesús Areso,19,183,64,78,900000,74,30,61,66,59,61,,,,,,,,,,,,,,,,,,,,,30,61,66,59,61
F. Agu,19,180,64,78,900000,81,45,59,72,57,53,,,,,,,,,,,,,,,,,,,,,45,59,72,57,53
J. Teze,19,183,64,78,900000,78,47,54,61,62,64,,,,,,,,,,,,,,,,,,,,,47,54,61,62,64
O. Akgün,17,178,64,78,900000,64,66,51,62,24,49,,,,,,,,,,,,,,,,,,,,,66,51,62,24,49
C. Jallet,35,178,72,72,875000,55,59,73,72,73,68,,,,,,,,,,,,,,,,,,,,,59,73,72,73,68
J. Beausejour,35,178,72,72,875000,85,63,67,73,68,80,,,,,,,,,,,,,,,,,,,,,63,67,73,68,80
Jonas Damasto,35,177,72,72,875000,80,45,59,61,70,62,,,,,,,,,,,,,,,,,,,,,45,59,61,70,62
Joshuando Sá,35,182,72,72,875000,74,44,64,62,71,70,,,,,,,,,,,,,,,,,,,,,44,64,62,71,70
Enzo Merques,35,187,72,72,875000,74,64,70,74,67,76,,,,,,,,,,,,,,,,,,,,,64,70,74,67,76
C. Berra,34,191,71,71,875000,34,35,39,44,72,79,,,,,,,,,,,,,,,,,,,,,35,39,44,72,79
G. Achilier,34,179,71,71,875000,42,19,43,46,72,76,,,,,,,,,,,,,,,,,,,,,19,43,46,72,76
C. Brunt,34,185,70,70,875000,50,70,75,67,66,66,,,,,,,,,,,,,,,,,,,,,70,75,67,66,66
G. Leadbitter,33,178,70,70,875000,52,67,70,64,67,73,,,,,,,,,,,,,,,,,,,,,67,70,64,67,73
A. Bodzek,33,184,70,70,875000,38,54,61,58,70,76,,,,,,,,,,,,,,,,,,,,,54,61,58,70,76
M. Coutadeur,33,170,70,70,875000,60,65,69,69,64,73,,,,,,,,,,,,,,,,,,,,,65,69,69,64,73
A. Luci,34,172,70,70,875000,64,58,71,67,63,69,,,,,,,,,,,,,,,,,,,,,58,71,67,63,69
A. Guédioura,33,178,70,70,875000,64,67,67,72,64,73,,,,,,,,,,,,,,,,,,,,,67,67,72,64,73
S. Çinaz,33,187,70,70,875000,44,55,60,61,69,75,,,,,,,,,,,,,,,,,,,,,55,60,61,69,75
L. Bridcutt,30,175,69,69,875000,67,46,63,67,69,73,,,,,,,,,,,,,,,,,,,,,46,63,67,69,73
M. Beevers,29,193,69,69,875000,50,41,43,42,67,79,,,,,,,,,,,,,,,,,,,,,41,43,42,67,79
G. Mandjeck,30,185,69,69,875000,72,46,59,65,65,79,,,,,,,,,,,,,,,,,,,,,46,59,65,65,79
T. Rogne,29,185,69,69,875000,48,27,51,47,68,73,,,,,,,,,,,,,,,,,,,,,27,51,47,68,73
A. Kashi,30,178,69,69,875000,54,43,62,66,64,74,,,,,,,,,,,,,,,,,,,,,43,62,66,64,74
Z. Touré,29,183,69,69,875000,70,24,45,45,67,78,,,,,,,,,,,,,,,,,,,,,24,45,45,67,78
K. Hyland,30,183,69,69,875000,54,61,63,67,65,79,,,,,,,,,,,,,,,,,,,,,61,63,67,65,79
Unai Medina,29,177,69,69,875000,77,57,58,61,66,84,,,,,,,,,,,,,,,,,,,,,57,58,61,66,84
Zheng Zheng,29,186,69,69,875000,77,57,68,67,67,67,,,,,,,,,,,,,,,,,,,,,57,68,67,67,67
N. Brighenti,29,178,69,69,875000,64,33,45,54,69,71,,,,,,,,,,,,,,,,,,,,,33,45,54,69,71
T. Schick,29,180,69,69,875000,73,65,66,68,64,68,,,,,,,,,,,,,,,,,,,,,65,66,68,64,68
Toribio,30,174,69,69,875000,57,47,63,58,68,77,,,,,,,,,,,,,,,,,,,,,47,63,58,68,77
B. Oviedo,29,172,69,69,875000,74,60,67,71,64,67,,,,,,,,,,,,,,,,,,,,,60,67,71,64,67
A. Kolomeytsev,30,183,69,69,875000,64,68,68,69,66,69,,,,,,,,,,,,,,,,,,,,,68,68,69,66,69
Kim Tae Hwan,29,180,69,69,875000,86,56,61,67,61,73,,,,,,,,,,,,,,,,,,,,,56,61,67,61,73
D. Post,30,191,69,69,875000,40,58,58,60,68,82,,,,,,,,,,,,,,,,,,,,,58,58,60,68,82
N. Dams,29,184,69,69,875000,62,29,52,53,68,72,,,,,,,,,,,,,,,,,,,,,29,52,53,68,72
P. Olkowski,29,184,69,69,875000,75,57,62,69,65,73,,,,,,,,,,,,,,,,,,,,,57,62,69,65,73
Rúben Ferreira,29,183,69,69,875000,68,58,69,69,66,67,,,,,,,,,,,,,,,,,,,,,58,69,69,66,67
D. Bulthuis,29,192,69,69,875000,47,29,45,38,65,84,,,,,,,,,,,,,,,,,,,,,29,45,38,65,84
M. Baudry,29,189,69,69,875000,50,24,48,41,69,74,,,,,,,,,,,,,,,,,,,,,24,48,41,69,74
Douglas Grolli,29,189,69,69,875000,44,43,39,43,68,77,,,,,,,,,,,,,,,,,,,,,43,39,43,68,77
J. Adéoti,30,183,69,69,875000,53,53,63,59,69,72,,,,,,,,,,,,,,,,,,,,,53,63,59,69,72
Quini,29,178,69,69,875000,73,60,61,70,64,62,,,,,,,,,,,,,,,,,,,,,60,61,70,64,62
J. Palomino,30,188,69,69,875000,71,48,60,65,65,76,,,,,,,,,,,,,,,,,,,,,48,60,65,65,76
P. Magalhães,29,177,69,69,875000,74,43,62,62,68,74,,,,,,,,,,,,,,,,,,,,,43,62,62,68,74
M. Bíttolo,29,174,69,69,875000,77,37,57,65,66,62,,,,,,,,,,,,,,,,,,,,,37,57,65,66,62
J. Cordoval,29,169,69,69,875000,81,31,55,63,65,57,,,,,,,,,,,,,,,,,,,,,31,55,63,65,57
E. Méndez,30,186,69,69,875000,58,49,60,61,68,79,,,,,,,,,,,,,,,,,,,,,49,60,61,68,79
M. Maleš,30,181,69,69,875000,78,64,62,63,62,72,,,,,,,,,,,,,,,,,,,,,64,62,63,62,72
I. Chebake,29,176,69,69,875000,71,39,52,67,70,68,,,,,,,,,,,,,,,,,,,,,39,52,67,70,68
Mei Fang,29,184,69,69,875000,52,28,40,48,70,70,,,,,,,,,,,,,,,,,,,,,28,40,48,70,70
A. Avlonitis,29,190,69,69,875000,55,39,46,45,70,75,,,,,,,,,,,,,,,,,,,,,39,46,45,70,75
J. Daoudi,30,175,69,69,875000,75,63,68,68,65,75,,,,,,,,,,,,,,,,,,,,,63,68,68,65,75
M. Fenger,28,185,68,69,875000,70,36,55,53,66,75,,,,,,,,,,,,,,,,,,,,,36,55,53,66,75
D. Steres,28,183,68,69,875000,48,27,51,49,66,71,,,,,,,,,,,,,,,,,,,,,27,51,49,66,71
D. Bomheuer,28,193,68,69,875000,61,31,46,54,67,72,,,,,,,,,,,,,,,,,,,,,31,46,54,67,72
B. Meccariello,28,187,68,69,875000,66,29,42,44,67,76,,,,,,,,,,,,,,,,,,,,,29,42,44,67,76
K. Opare,28,188,68,69,875000,66,35,46,53,66,75,,,,,,,,,,,,,,,,,,,,,35,46,53,66,75
Raphael Rossi,28,189,68,69,875000,45,36,45,49,67,68,,,,,,,,,,,,,,,,,,,,,36,45,49,67,68
A. Sjöberg,28,201,68,69,875000,39,26,44,46,66,74,,,,,,,,,,,,,,,,,,,,,26,44,46,66,74
V. Moren,28,188,68,69,875000,30,27,43,43,71,67,,,,,,,,,,,,,,,,,,,,,27,43,43,71,67
D. Hylton,30,183,68,68,875000,67,66,56,63,45,81,,,,,,,,,,,,,,,,,,,,,66,56,63,45,81
M. Schönbächler,29,171,68,68,875000,74,60,65,69,36,51,,,,,,,,,,,,,,,,,,,,,60,65,69,36,51
T. Pekhart,30,194,68,68,875000,50,66,50,56,41,75,,,,,,,,,,,,,,,,,,,,,66,50,56,41,75
H. Robson-Kanu,30,183,68,68,875000,69,68,61,70,35,73,,,,,,,,,,,,,,,,,,,,,68,61,70,35,73
E. Herrera,30,187,68,68,875000,45,67,60,59,36,78,,,,,,,,,,,,,,,,,,,,,67,60,59,36,78
F. Sears,29,170,68,68,875000,79,66,63,69,37,66,,,,,,,,,,,,,,,,,,,,,66,63,69,37,66
H. Bazile,29,182,68,68,875000,81,66,66,67,32,57,,,,,,,,,,,,,,,,,,,,,66,66,67,32,57
Han Kyo Won,29,182,68,68,875000,85,66,61,70,57,67,,,,,,,,,,,,,,,,,,,,,66,61,70,57,67
A. Galabinov,30,190,68,68,875000,39,70,57,59,21,77,,,,,,,,,,,,,,,,,,,,,70,57,59,21,77
G. Courtet,30,180,68,68,875000,68,66,60,65,26,70,,,,,,,,,,,,,,,,,,,,,66,60,65,26,70
M. Smith,30,198,68,68,875000,45,66,50,49,42,79,,,,,,,,,,,,,,,,,,,,,66,50,49,42,79
C. Muñoz,30,173,68,68,875000,83,65,57,64,31,72,,,,,,,,,,,,,,,,,,,,,65,57,64,31,72
E. Soriano,30,184,68,68,875000,73,65,50,65,27,76,,,,,,,,,,,,,,,,,,,,,65,50,65,27,76
S. Kutschke,30,194,68,68,875000,53,71,44,52,38,81,,,,,,,,,,,,,,,,,,,,,71,44,52,38,81
J. Zacaría,29,172,68,68,875000,74,66,66,70,51,57,,,,,,,,,,,,,,,,,,,,,66,66,70,51,57
Sun Ke,29,180,68,68,875000,76,65,62,68,57,68,,,,,,,,,,,,,,,,,,,,,65,62,68,57,68
K. Avcı,29,176,68,68,875000,63,61,68,68,38,57,,,,,,,,,,,,,,,,,,,,,61,68,68,38,57
N. Citro,30,172,68,68,875000,71,67,63,72,25,47,,,,,,,,,,,,,,,,,,,,,67,63,72,25,47
M. Ibarra,29,166,68,68,875000,74,64,65,69,54,66,,,,,,,,,,,,,,,,,,,,,64,65,69,54,66
N. Omladič,29,180,68,68,875000,70,56,69,72,43,59,,,,,,,,,,,,,,,,,,,,,56,69,72,43,59
Josan,29,174,68,68,875000,84,59,61,72,35,49,,,,,,,,,,,,,,,,,,,,,59,61,72,35,49
Y. Mutō,30,170,68,68,875000,72,69,64,67,39,68,,,,,,,,,,,,,,,,,,,,,69,64,67,39,68
K. Mizunuma,29,176,68,68,875000,66,61,65,69,38,67,,,,,,,,,,,,,,,,,,,,,61,65,69,38,67
R. Rep,29,177,68,68,875000,73,68,65,67,31,63,,,,,,,,,,,,,,,,,,,,,68,65,67,31,63
M. Tchokounté,30,191,68,68,875000,52,66,51,58,24,80,,,,,,,,,,,,,,,,,,,,,66,51,58,24,80
A. Oshilaja,26,181,67,71,875000,83,26,45,57,65,77,,,,,,,,,,,,,,,,,,,,,26,45,57,65,77
T. Grøgaard,25,180,67,71,875000,76,45,62,66,63,67,,,,,,,,,,,,,,,,,,,,,45,62,66,63,67
J. Baldwin,26,185,67,71,875000,65,36,53,51,66,74,,,,,,,,,,,,,,,,,,,,,36,53,51,66,74
A. Mendoza,25,173,67,71,875000,70,59,67,66,62,73,,,,,,,,,,,,,,,,,,,,,59,67,66,62,73
Bruninho,25,174,67,71,875000,85,50,59,68,59,52,,,,,,,,,,,,,,,,,,,,,50,59,68,59,52
A. Deja,26,185,67,71,875000,66,44,59,62,64,77,,,,,,,,,,,,,,,,,,,,,44,59,62,64,77
J. van Aken,25,193,67,71,875000,58,34,56,60,66,69,,,,,,,,,,,,,,,,,,,,,34,56,60,66,69
C. Hountondji,25,195,67,71,875000,52,33,51,48,66,72,,,,,,,,,,,,,,,,,,,,,33,51,48,66,72
Campins,24,180,67,71,875000,79,39,58,61,63,62,,,,,,,,,,,,,,,,,,,,,39,58,61,63,62
Moi Delgado,25,173,67,71,875000,81,35,59,65,62,62,,,,,,,,,,,,,,,,,,,,,35,59,65,62,62
F. Grillo,26,181,67,71,875000,73,35,48,62,65,74,,,,,,,,,,,,,,,,,,,,,35,48,62,65,74
M. Devlin,25,188,67,71,875000,44,28,35,40,66,79,,,,,,,,,,,,,,,,,,,,,28,35,40,66,79
S. Al Ghannam,25,174,67,71,875000,80,50,62,68,63,68,,,,,,,,,,,,,,,,,,,,,50,62,68,63,68
J. Nyholm,25,183,67,71,875000,80,45,53,64,66,66,,,,,,,,,,,,,,,,,,,,,45,53,64,66,66
Z. Arsenić,25,187,67,71,875000,68,39,52,54,66,72,,,,,,,,,,,,,,,,,,,,,39,52,54,66,72
J. Billong,25,192,67,71,875000,53,34,46,46,66,73,,,,,,,,,,,,,,,,,,,,,34,46,46,66,73
Pablo Trigueros,26,188,67,71,875000,57,37,47,45,66,71,,,,,,,,,,,,,,,,,,,,,37,47,45,66,71
S. Mrowca,25,177,67,70,875000,71,48,59,63,63,77,,,,,,,,,,,,,,,,,,,,,48,59,63,63,77
Luis Mago,24,184,67,70,875000,77,42,59,54,66,70,,,,,,,,,,,,,,,,,,,,,42,59,54,66,70
P. van Ooijen,27,180,67,68,875000,63,67,68,70,43,56,,,,,,,,,,,,,,,,,,,,,67,68,70,43,56
M. Kvesić,27,175,67,68,875000,81,65,65,74,24,53,,,,,,,,,,,,,,,,,,,,,65,65,74,24,53
B. Innocent,23,178,66,74,875000,75,43,54,66,60,82,,,,,,,,,,,,,,,,,,,,,43,54,66,60,82
Sergio Molina,23,177,66,74,875000,59,44,61,61,65,63,,,,,,,,,,,,,,,,,,,,,44,61,61,65,63
P. Kammerbauer,22,174,66,74,875000,66,48,65,70,62,67,,,,,,,,,,,,,,,,,,,,,48,65,70,62,67
F. Venegas,20,178,66,74,875000,57,45,54,58,66,67,,,,,,,,,,,,,,,,,,,,,45,54,58,66,67
R. Williams,20,188,66,74,875000,75,34,48,53,65,75,,,,,,,,,,,,,,,,,,,,,34,48,53,65,75
A. Al Khaibari,22,175,66,74,875000,67,43,59,62,63,72,,,,,,,,,,,,,,,,,,,,,43,59,62,63,72
T. Bergmann,22,181,66,74,875000,66,60,69,59,59,71,,,,,,,,,,,,,,,,,,,,,60,69,59,59,71
A. Mora,21,190,66,74,875000,68,29,45,39,68,68,,,,,,,,,,,,,,,,,,,,,29,45,39,68,68
P. Chato,22,188,66,74,875000,71,46,56,62,65,77,,,,,,,,,,,,,,,,,,,,,46,56,62,65,77
V. Ghiță,21,186,66,74,875000,45,23,35,34,64,74,,,,,,,,,,,,,,,,,,,,,23,35,34,64,74
M. Biteghé,22,181,66,74,875000,70,45,60,67,63,65,,,,,,,,,,,,,,,,,,,,,45,60,67,63,65
M. Kennedy,24,175,66,72,875000,83,59,60,69,47,62,,,,,,,,,,,,,,,,,,,,,59,60,69,47,62
D. Wright,24,175,66,72,875000,76,57,59,71,51,68,,,,,,,,,,,,,,,,,,,,,57,59,71,51,68
B. Finne,24,173,66,72,875000,77,64,56,70,23,60,,,,,,,,,,,,,,,,,,,,,64,56,70,23,60
K. Sadlier,24,182,66,72,875000,74,67,63,68,38,65,,,,,,,,,,,,,,,,,,,,,67,63,68,38,65
S. Kaikai,23,182,66,72,875000,79,63,62,71,28,51,,,,,,,,,,,,,,,,,,,,,63,62,71,28,51
D. Seys,22,165,66,72,875000,80,60,61,70,34,62,,,,,,,,,,,,,,,,,,,,,60,61,70,34,62
E. Zejnullahu,24,180,66,72,875000,71,58,64,69,61,62,,,,,,,,,,,,,,,,,,,,,58,64,69,61,62
J. Allen,24,180,66,72,875000,77,51,65,62,64,73,,,,,,,,,,,,,,,,,,,,,51,65,62,64,73
G. Kastaneer,23,185,66,72,875000,82,62,51,71,33,70,,,,,,,,,,,,,,,,,,,,,62,51,71,33,70
P. Strand,24,175,66,72,875000,85,63,65,67,58,72,,,,,,,,,,,,,,,,,,,,,63,65,67,58,72
M. Laínez,23,171,66,72,875000,76,60,61,71,55,61,,,,,,,,,,,,,,,,,,,,,60,61,71,55,61
J. Smeets,24,170,66,72,875000,65,53,63,65,64,68,,,,,,,,,,,,,,,,,,,,,53,63,65,64,68
R. González,24,162,66,72,875000,81,49,60,68,32,46,,,,,,,,,,,,,,,,,,,,,49,60,68,32,46
S. Stolze,24,182,66,72,875000,78,62,56,72,29,53,,,,,,,,,,,,,,,,,,,,,62,56,72,29,53
J. Vásquez,24,176,66,72,875000,79,64,60,68,23,71,,,,,,,,,,,,,,,,,,,,,64,60,68,23,71
A. Laïdouni,22,184,66,72,875000,67,50,60,67,61,64,,,,,,,,,,,,,,,,,,,,,50,60,67,61,64
M. Janković,23,172,66,72,875000,73,60,62,67,38,51,,,,,,,,,,,,,,,,,,,,,60,62,67,38,51
Bruno Leite,24,184,66,72,875000,71,51,62,66,60,66,,,,,,,,,,,,,,,,,,,,,51,62,66,60,66
M. Schröter,23,183,66,72,875000,86,55,63,61,61,66,,,,,,,,,,,,,,,,,,,,,55,63,61,61,66
L. Marseiler,22,176,66,72,875000,81,57,58,69,34,58,,,,,,,,,,,,,,,,,,,,,57,58,69,34,58
N. Mihajlović,23,173,66,72,875000,77,62,64,69,30,60,,,,,,,,,,,,,,,,,,,,,62,64,69,30,60
S. Diarra,24,173,66,72,875000,66,56,62,69,65,67,,,,,,,,,,,,,,,,,,,,,56,62,69,65,67
E. Grezda,24,182,66,72,875000,88,56,60,70,32,55,,,,,,,,,,,,,,,,,,,,,56,60,70,32,55
M. Bueno,25,182,66,71,875000,72,63,58,65,35,71,,,,,,,,,,,,,,,,,,,,,63,58,65,35,71
T. Fountas,23,170,66,71,875000,84,62,63,71,44,48,,,,,,,,,,,,,,,,,,,,,62,63,71,44,48
D. Samuel,25,182,66,71,875000,75,63,52,67,37,69,,,,,,,,,,,,,,,,,,,,,63,52,67,37,69
S. Al Shehri,25,182,66,71,875000,64,65,45,62,23,70,,,,,,,,,,,,,,,,,,,,,65,45,62,23,70
D. Islamovic,25,189,66,71,875000,50,69,57,62,29,72,,,,,,,,,,,,,,,,,,,,,69,57,62,29,72
C. Omoigui,24,184,66,71,875000,87,64,48,66,24,66,,,,,,,,,,,,,,,,,,,,,64,48,66,24,66
D. Camara,24,186,66,71,875000,75,62,55,67,36,66,,,,,,,,,,,,,,,,,,,,,62,55,67,36,66
M. Asenjo,24,187,66,71,875000,58,68,39,65,38,69,,,,,,,,,,,,,,,,,,,,,68,39,65,38,69
A. Capello,23,183,66,71,875000,77,64,57,63,30,61,,,,,,,,,,,,,,,,,,,,,64,57,63,30,61
O. Zawada,23,192,66,71,875000,74,64,48,60,26,68,,,,,,,,,,,,,,,,,,,,,64,48,60,26,68
J. Düker,23,188,66,71,875000,66,60,57,70,28,67,,,,,,,,,,,,,,,,,,,,,60,57,70,28,67
J. Nietfeld,25,186,66,71,875000,68,64,48,64,23,61,,,,,,,,,,,,,,,,,,,,,64,48,64,23,61
G. Felicioli,21,180,65,77,875000,66,54,61,68,62,60,,,,,,,,,,,,,,,,,,,,,54,61,68,62,60
J. Thorniley,22,181,65,77,875000,62,36,48,52,65,69,,,,,,,,,,,,,,,,,,,,,36,48,52,65,69
Kim Jin Ya,21,177,65,77,875000,86,54,61,68,57,66,,,,,,,,,,,,,,,,,,,,,54,61,68,57,66
F. Knudsen,22,190,65,77,875000,57,25,40,41,62,74,,,,,,,,,,,,,,,,,,,,,25,40,41,62,74
D. Sorescu,21,176,65,77,875000,90,55,51,69,57,63,,,,,,,,,,,,,,,,,,,,,55,51,69,57,63
Pastrana,22,180,65,75,875000,71,55,63,70,31,43,,,,,,,,,,,,,,,,,,,,,55,63,70,31,43
I. Azzaoui,21,179,65,75,875000,76,55,56,73,29,51,,,,,,,,,,,,,,,,,,,,,55,56,73,29,51
H. Chapman,21,172,65,75,875000,72,57,61,69,31,58,,,,,,,,,,,,,,,,,,,,,57,61,69,31,58
F. Reese,21,187,65,75,875000,78,60,56,64,40,64,,,,,,,,,,,,,,,,,,,,,60,56,64,40,64
P. Karlsson Lagemyr,22,167,65,75,875000,79,52,60,71,32,44,,,,,,,,,,,,,,,,,,,,,52,60,71,32,44
Toni Robaina,21,176,65,75,875000,60,60,66,65,37,34,,,,,,,,,,,,,,,,,,,,,60,66,65,37,34
G. Gudmundsson,20,180,65,75,875000,84,53,56,66,33,62,,,,,,,,,,,,,,,,,,,,,53,56,66,33,62
J. Pérez,21,165,65,75,875000,67,61,62,69,43,41,,,,,,,,,,,,,,,,,,,,,61,62,69,43,41
N. Bustos,20,175,65,75,875000,73,63,58,67,25,59,,,,,,,,,,,,,,,,,,,,,63,58,67,25,59
M. Sepúlveda,20,179,65,75,875000,74,61,65,67,47,63,,,,,,,,,,,,,,,,,,,,,61,65,67,47,63
D. Avounou,21,179,65,75,875000,66,59,59,63,65,68,,,,,,,,,,,,,,,,,,,,,59,59,63,65,68
F. Beltrán,21,164,65,75,875000,71,55,63,69,57,62,,,,,,,,,,,,,,,,,,,,,55,63,69,57,62
M. Cavalleri,21,168,65,75,875000,73,64,59,68,32,55,,,,,,,,,,,,,,,,,,,,,64,59,68,32,55
D. Burgzorg,20,186,65,75,875000,82,60,56,67,34,62,,,,,,,,,,,,,,,,,,,,,60,56,67,34,62
J. Konings,21,178,65,75,875000,74,62,51,63,34,70,,,,,,,,,,,,,,,,,,,,,62,51,63,34,70
H. Gong,20,169,65,75,875000,89,57,56,69,33,58,,,,,,,,,,,,,,,,,,,,,57,56,69,33,58
K. Sekgota,22,170,65,75,875000,80,63,55,69,25,54,,,,,,,,,,,,,,,,,,,,,63,55,69,25,54
Miguel Tavares,20,170,65,75,875000,84,57,56,70,25,42,,,,,,,,,,,,,,,,,,,,,57,56,70,25,42
D. Olaru,21,176,65,75,875000,67,54,61,68,33,55,,,,,,,,,,,,,,,,,,,,,54,61,68,33,55
E. Coacci,20,165,65,75,875000,86,56,61,68,36,48,,,,,,,,,,,,,,,,,,,,,56,61,68,36,48
Manu Fuster,21,169,65,75,875000,73,47,65,66,45,43,,,,,,,,,,,,,,,,,,,,,47,65,66,45,43
E. Cerrillo,18,178,64,83,875000,67,43,58,55,59,68,,,,,,,,,,,,,,,,,,,,,43,58,55,59,68
E. Aiwu,18,184,64,79,875000,65,42,50,54,63,68,,,,,,,,,,,,,,,,,,,,,42,50,54,63,68
W. Fofana,18,185,64,79,875000,59,35,44,41,65,66,,,,,,,,,,,,,,,,,,,,,35,44,41,65,66
G. Sağlam,21,178,64,77,875000,73,54,63,66,54,49,,,,,,,,,,,,,,,,,,,,,54,63,66,54,49
A. Bakayoko,21,179,64,77,875000,77,59,60,70,54,51,,,,,,,,,,,,,,,,,,,,,59,60,70,54,51
R. Dadashov,20,186,64,77,875000,64,64,48,58,24,61,,,,,,,,,,,,,,,,,,,,,64,48,58,24,61
L. Daschner,20,182,64,77,875000,72,53,59,65,51,62,,,,,,,,,,,,,,,,,,,,,53,59,65,51,62
Y. Sari,20,168,64,77,875000,78,60,59,67,32,40,,,,,,,,,,,,,,,,,,,,,60,59,67,32,40
L. Tupta,21,180,64,77,875000,61,66,52,65,30,52,,,,,,,,,,,,,,,,,,,,,66,52,65,30,52
Sergio Moreno,20,178,64,77,875000,73,62,40,61,18,51,,,,,,,,,,,,,,,,,,,,,62,40,61,18,51
I. de Camargo,36,187,71,71,850000,43,71,63,66,50,77,,,,,,,,,,,,,,,,,,,,,71,63,66,50,77
S. Silva,38,186,71,71,850000,35,74,62,64,44,72,,,,,,,,,,,,,,,,,,,,,74,62,64,44,72
Rúben Fernandes,33,185,70,70,850000,61,51,56,54,69,73,,,,,,,,,,,,,,,,,,,,,51,56,54,69,73
R. Ziegler,33,183,70,70,850000,59,63,72,66,70,71,,,,,,,,,,,,,,,,,,,,,63,72,66,70,71
Alexis,33,182,70,70,850000,51,34,58,54,69,75,,,,,,,,,,,,,,,,,,,,,34,58,54,69,75
O. Hawsawi,33,185,70,70,850000,66,29,45,48,67,81,,,,,,,,,,,,,,,,,,,,,29,45,48,67,81
A. Cadavid,33,188,70,70,850000,37,39,48,43,68,73,,,,,,,,,,,,,,,,,,,,,39,48,43,68,73
R. Torres,33,187,70,70,850000,41,53,47,41,68,78,,,,,,,,,,,,,,,,,,,,,53,47,41,68,78
P. Alvarado,33,181,70,70,850000,57,35,49,60,69,71,,,,,,,,,,,,,,,,,,,,,35,49,60,69,71
I. Parlak,32,181,69,69,850000,67,69,64,65,27,66,,,,,,,,,,,,,,,,,,,,,69,64,65,27,66
S. Grippo,30,188,69,69,850000,58,57,60,55,66,81,,,,,,,,,,,,,,,,,,,,,57,60,55,66,81
A. Pearce,30,188,69,69,850000,40,26,44,42,69,76,,,,,,,,,,,,,,,,,,,,,26,44,42,69,76
Edgar,32,191,69,69,850000,60,70,62,63,32,73,,,,,,,,,,,,,,,,,,,,,70,62,63,32,73
C. Ramsebner,30,191,69,69,850000,34,38,35,44,67,78,,,,,,,,,,,,,,,,,,,,,38,35,44,67,78
D. Tonucci,30,182,69,69,850000,41,36,37,46,69,81,,,,,,,,,,,,,,,,,,,,,36,37,46,69,81
Manu Barreiro,32,191,69,69,850000,53,67,56,68,31,77,,,,,,,,,,,,,,,,,,,,,67,56,68,31,77
A. Bouhaddouz,32,188,69,69,850000,60,70,56,64,23,77,,,,,,,,,,,,,,,,,,,,,70,56,64,23,77
S. Souprayen,30,187,69,69,850000,69,37,64,66,68,72,,,,,,,,,,,,,,,,,,,,,37,64,66,68,72
Júnior Negão,32,187,69,69,850000,69,68,57,66,35,72,,,,,,,,,,,,,,,,,,,,,68,57,66,35,72
V. Sarı,30,184,69,69,850000,64,54,59,66,68,74,,,,,,,,,,,,,,,,,,,,,54,59,66,68,74
M. Silva,30,185,69,69,850000,37,35,50,51,66,78,,,,,,,,,,,,,,,,,,,,,35,50,51,66,78
M. Legittimo,30,184,69,69,850000,73,44,59,63,67,72,,,,,,,,,,,,,,,,,,,,,44,59,63,67,72
T. Hemed,32,186,69,69,850000,46,71,52,65,35,70,,,,,,,,,,,,,,,,,,,,,71,52,65,35,70
M. Maloča,30,190,69,69,850000,64,36,42,41,69,75,,,,,,,,,,,,,,,,,,,,,36,42,41,69,75
R. Salinas,32,190,69,69,850000,48,69,44,62,36,69,,,,,,,,,,,,,,,,,,,,,69,44,62,36,69
C. Henao,30,187,69,69,850000,47,51,44,45,69,78,,,,,,,,,,,,,,,,,,,,,51,44,45,69,78
K. Watanabe,32,182,69,69,850000,46,69,64,67,29,67,,,,,,,,,,,,,,,,,,,,,69,64,67,29,67
M. Fernández,30,181,69,69,850000,56,27,45,44,71,69,,,,,,,,,,,,,,,,,,,,,27,45,44,71,69
G. Milović,30,195,69,69,850000,46,30,33,52,70,77,,,,,,,,,,,,,,,,,,,,,30,33,52,70,77
P. Hanlon,29,185,68,69,850000,67,29,54,58,66,76,,,,,,,,,,,,,,,,,,,,,29,54,58,66,76
F. Berge,29,189,68,69,850000,47,43,51,38,66,74,,,,,,,,,,,,,,,,,,,,,43,51,38,66,74
Tano Bonnin,29,186,68,69,850000,51,33,53,55,65,78,,,,,,,,,,,,,,,,,,,,,33,53,55,65,78
J. Reina,30,173,68,68,850000,76,64,66,69,42,58,,,,,,,,,,,,,,,,,,,,,64,66,69,42,58
D. Cabrera,29,180,68,68,850000,66,59,69,67,62,70,,,,,,,,,,,,,,,,,,,,,59,69,67,62,70
J. Henry,30,182,68,68,850000,74,68,68,70,45,65,,,,,,,,,,,,,,,,,,,,,68,68,70,45,65
N. Ozokwo,30,178,68,68,850000,85,57,64,68,24,45,,,,,,,,,,,,,,,,,,,,,57,64,68,24,45
J. Butterfield,29,175,68,68,850000,57,61,67,68,60,68,,,,,,,,,,,,,,,,,,,,,61,67,68,60,68
J. Cortés,29,170,68,68,850000,65,68,69,68,59,63,,,,,,,,,,,,,,,,,,,,,68,69,68,59,63
J. Jantscher,30,181,68,68,850000,68,66,69,67,39,63,,,,,,,,,,,,,,,,,,,,,66,69,67,39,63
L. Murphy,29,185,68,68,850000,63,63,67,65,62,72,,,,,,,,,,,,,,,,,,,,,63,67,65,62,72
M. Titsch Rivero,29,182,68,68,850000,64,49,64,67,63,70,,,,,,,,,,,,,,,,,,,,,49,64,67,63,70
Yoon Bit Garam,29,178,68,68,850000,74,64,68,67,57,70,,,,,,,,,,,,,,,,,,,,,64,68,67,57,70
A. Vacca,29,172,68,68,850000,73,50,62,67,59,70,,,,,,,,,,,,,,,,,,,,,50,62,67,59,70
F. Martin,29,179,68,68,850000,67,72,71,69,47,64,,,,,,,,,,,,,,,,,,,,,72,71,69,47,64
C. Amissi,29,172,68,68,850000,74,68,62,67,61,72,,,,,,,,,,,,,,,,,,,,,68,62,67,61,72
D. Gómez,30,172,68,68,850000,73,59,65,72,42,50,,,,,,,,,,,,,,,,,,,,,59,65,72,42,50
A. Mateiu,29,175,68,68,850000,73,65,60,73,60,71,,,,,,,,,,,,,,,,,,,,,65,60,73,60,71
Chi Zhongguo,29,174,68,68,850000,72,56,62,68,69,67,,,,,,,,,,,,,,,,,,,,,56,62,68,69,67
J. Pérez,30,174,68,68,850000,64,66,70,68,42,54,,,,,,,,,,,,,,,,,,,,,66,70,68,42,54
H. Okuno,29,171,68,68,850000,69,65,66,69,37,72,,,,,,,,,,,,,,,,,,,,,65,66,69,37,72
J. Rodríguez,29,173,68,68,850000,64,65,65,70,57,65,,,,,,,,,,,,,,,,,,,,,65,65,70,57,65
J. Knudsen,26,185,67,70,850000,66,45,62,65,67,72,,,,,,,,,,,,,,,,,,,,,45,62,65,67,72
M. Potzmann,25,180,67,70,850000,78,62,59,67,63,67,,,,,,,,,,,,,,,,,,,,,62,59,67,63,67
M. Chiosa,25,181,67,70,850000,73,17,43,58,67,68,,,,,,,,,,,,,,,,,,,,,17,43,58,67,68
R. Pröpper,25,192,67,70,850000,45,52,59,52,66,74,,,,,,,,,,,,,,,,,,,,,52,59,52,66,74
F. Holst,24,175,67,70,850000,81,54,63,65,61,66,,,,,,,,,,,,,,,,,,,,,54,63,65,61,66
E. Ba,26,183,67,70,850000,67,52,59,66,64,73,,,,,,,,,,,,,,,,,,,,,52,59,66,64,73
Lucas,26,193,67,70,850000,51,28,40,36,67,73,,,,,,,,,,,,,,,,,,,,,28,40,36,67,73
M. Pavelic,25,180,67,70,850000,75,53,61,65,62,66,,,,,,,,,,,,,,,,,,,,,53,61,65,62,66
A. Ba,25,203,67,70,850000,49,33,42,41,67,76,,,,,,,,,,,,,,,,,,,,,33,42,41,67,76
A. Arregui,26,176,67,70,850000,70,56,55,62,65,77,,,,,,,,,,,,,,,,,,,,,56,55,62,65,77
F. Alashe,25,183,67,70,850000,65,43,52,62,63,74,,,,,,,,,,,,,,,,,,,,,43,52,62,63,74
R. Mazáň,25,180,67,70,850000,63,48,62,69,65,68,,,,,,,,,,,,,,,,,,,,,48,62,69,65,68
B. Niňaj,25,191,67,70,850000,42,24,55,48,66,73,,,,,,,,,,,,,,,,,,,,,24,55,48,66,73
A. Fukumori,26,183,67,70,850000,64,63,68,56,66,72,,,,,,,,,,,,,,,,,,,,,63,68,56,66,72
J. Aja,26,193,67,70,850000,60,37,40,46,65,78,,,,,,,,,,,,,,,,,,,,,37,40,46,65,78
J. Noy,26,177,67,70,850000,66,37,59,61,66,65,,,,,,,,,,,,,,,,,,,,,37,59,61,66,65
F. Bechtholdt,25,178,67,70,850000,56,48,53,60,67,68,,,,,,,,,,,,,,,,,,,,,48,53,60,67,68
Rubén Lobato,25,180,67,70,850000,72,39,56,65,63,68,,,,,,,,,,,,,,,,,,,,,39,56,65,63,68
K. Løkberg,27,174,67,68,850000,65,62,62,67,58,68,,,,,,,,,,,,,,,,,,,,,62,62,67,58,68
Borja Domínguez,27,187,67,68,850000,35,59,67,64,62,65,,,,,,,,,,,,,,,,,,,,,59,67,64,62,65
E. Palmer-Brown,22,186,66,74,850000,72,30,49,50,65,65,,,,,,,,,,,,,,,,,,,,,30,49,50,65,65
L. Page,23,178,66,74,850000,79,37,50,64,64,60,,,,,,,,,,,,,,,,,,,,,37,50,64,64,60
I. Chatzitheodoridis,21,177,66,74,850000,77,39,59,59,62,63,,,,,,,,,,,,,,,,,,,,,39,59,59,62,63
C. Arcus,23,180,66,74,850000,72,39,55,62,66,65,,,,,,,,,,,,,,,,,,,,,39,55,62,66,65
S. Macías,23,168,66,74,850000,77,41,60,64,60,64,,,,,,,,,,,,,,,,,,,,,41,60,64,60,64
J. Ryerson,21,183,66,74,850000,67,56,60,65,63,74,,,,,,,,,,,,,,,,,,,,,56,60,65,63,74
J. Emmanuel,21,180,66,74,850000,78,36,60,65,62,76,,,,,,,,,,,,,,,,,,,,,36,60,65,62,76
F. Mayembo,23,184,66,74,850000,54,38,44,43,63,79,,,,,,,,,,,,,,,,,,,,,38,44,43,63,79
F. Moufi,23,179,66,74,850000,68,39,53,66,65,70,,,,,,,,,,,,,,,,,,,,,39,53,66,65,70
Bruno Wilson,22,192,66,74,850000,52,30,44,44,65,71,,,,,,,,,,,,,,,,,,,,,30,44,44,65,71
T. Handwerker,21,182,66,74,850000,78,39,61,64,60,66,,,,,,,,,,,,,,,,,,,,,39,61,64,60,66
J. Valadéz,23,179,66,74,850000,46,38,46,57,65,61,,,,,,,,,,,,,,,,,,,,,38,46,57,65,61
S. Lorenz,22,187,66,74,850000,72,32,51,51,64,70,,,,,,,,,,,,,,,,,,,,,32,51,51,64,70
D. Kerkez,23,190,66,74,850000,52,27,41,39,67,69,,,,,,,,,,,,,,,,,,,,,27,41,39,67,69
Zhou Dingyang,25,180,66,71,850000,65,60,60,63,61,72,,,,,,,,,,,,,,,,,,,,,60,60,63,61,72
A. Guido,25,179,66,71,850000,66,61,65,67,52,56,,,,,,,,,,,,,,,,,,,,,61,65,67,52,56
E. Lee,24,180,66,71,850000,72,65,62,66,41,63,,,,,,,,,,,,,,,,,,,,,65,62,66,41,63
M. Palmer,24,179,66,71,850000,69,60,66,65,61,66,,,,,,,,,,,,,,,,,,,,,60,66,65,61,66
L. Hufnagel,25,183,66,71,850000,73,55,63,71,51,57,,,,,,,,,,,,,,,,,,,,,55,63,71,51,57
D. Gape,24,175,66,71,850000,67,57,64,65,63,73,,,,,,,,,,,,,,,,,,,,,57,64,65,63,73
G. Iñíguez,25,172,66,71,850000,66,53,65,68,62,67,,,,,,,,,,,,,,,,,,,,,53,65,68,62,67
A. Tshibola,24,183,66,71,850000,66,56,65,69,62,71,,,,,,,,,,,,,,,,,,,,,56,65,69,62,71
H. Zapata,24,182,66,71,850000,77,58,59,69,41,66,,,,,,,,,,,,,,,,,,,,,58,59,69,41,66
S. Ernst,24,179,66,71,850000,74,54,62,71,50,59,,,,,,,,,,,,,,,,,,,,,54,62,71,50,59
N. Mbemba,24,182,66,71,850000,66,59,64,67,60,65,,,,,,,,,,,,,,,,,,,,,59,64,67,60,65
B. Çamoğlu,22,173,66,71,850000,83,35,59,70,54,54,,,,,,,,,,,,,,,,,,,,,35,59,70,54,54
H. Hajradinović,25,178,66,71,850000,76,65,65,67,45,66,,,,,,,,,,,,,,,,,,,,,65,65,67,45,66
J. Obrian,24,183,66,71,850000,87,62,58,65,19,63,,,,,,,,,,,,,,,,,,,,,62,58,65,19,63
T. Szántó,23,179,66,71,850000,69,62,62,68,61,70,,,,,,,,,,,,,,,,,,,,,62,62,68,61,70
S. N'Guessan,24,165,66,71,850000,65,55,60,68,57,54,,,,,,,,,,,,,,,,,,,,,55,60,68,57,54
K. Fukai,24,177,66,71,850000,67,51,63,69,58,71,,,,,,,,,,,,,,,,,,,,,51,63,69,58,71
M. Fischer,23,179,66,71,850000,73,62,63,67,38,53,,,,,,,,,,,,,,,,,,,,,62,63,67,38,53
Juan Hernández,24,177,66,71,850000,63,62,62,66,24,46,,,,,,,,,,,,,,,,,,,,,62,62,66,24,46
Robinho,24,166,66,71,850000,84,55,59,72,36,52,,,,,,,,,,,,,,,,,,,,,55,59,72,36,52
M. Căpățînă,23,183,66,71,850000,70,54,62,65,25,53,,,,,,,,,,,,,,,,,,,,,54,62,65,25,53
B. Mladenovic,23,183,66,71,850000,74,64,59,69,28,59,,,,,,,,,,,,,,,,,,,,,64,59,69,28,59
M. Schmerböck,25,180,66,70,850000,76,64,60,68,33,62,,,,,,,,,,,,,,,,,,,,,64,60,68,33,62
L. Kassi,24,179,66,70,850000,76,61,64,67,55,63,,,,,,,,,,,,,,,,,,,,,61,64,67,55,63
J. Rothwell,24,185,66,70,850000,70,57,64,71,56,60,,,,,,,,,,,,,,,,,,,,,57,64,71,56,60
F. Friday,24,187,66,70,850000,73,64,48,66,27,74,,,,,,,,,,,,,,,,,,,,,64,48,66,27,74
B. Ould-Chikh,21,170,66,70,850000,74,61,58,74,27,44,,,,,,,,,,,,,,,,,,,,,61,58,74,27,44
J. Arias,24,191,66,70,850000,60,66,47,59,27,75,,,,,,,,,,,,,,,,,,,,,66,47,59,27,75
T. Sekine,24,167,66,70,850000,76,53,60,67,31,52,,,,,,,,,,,,,,,,,,,,,53,60,67,31,52
H. Balic,23,183,66,70,850000,73,61,62,64,28,58,,,,,,,,,,,,,,,,,,,,,61,62,64,28,58
L. Röser,25,186,66,70,850000,73,66,54,65,32,69,,,,,,,,,,,,,,,,,,,,,66,54,65,32,69
R. Yaslam,24,167,66,70,850000,80,55,61,69,30,44,,,,,,,,,,,,,,,,,,,,,55,61,69,30,44
M. Coppolaro,22,189,65,76,850000,69,42,53,57,64,73,,,,,,,,,,,,,,,,,,,,,42,53,57,64,73
J. Rhyner,23,186,65,76,850000,77,36,47,43,62,74,,,,,,,,,,,,,,,,,,,,,36,47,43,62,74
D. Oko,22,190,65,76,850000,47,24,35,40,64,71,,,,,,,,,,,,,,,,,,,,,24,35,40,64,71
A. Dursun,20,177,65,76,850000,78,47,53,64,62,60,,,,,,,,,,,,,,,,,,,,,47,53,64,62,60
M. McKenzie,20,180,65,76,850000,73,23,46,44,65,66,,,,,,,,,,,,,,,,,,,,,23,46,44,65,66
J. van der Werff,20,188,65,76,850000,68,29,43,53,67,61,,,,,,,,,,,,,,,,,,,,,29,43,53,67,61
G. Guiffrey,21,182,65,76,850000,68,35,47,49,65,66,,,,,,,,,,,,,,,,,,,,,35,47,49,65,66
Iván Martos,22,182,65,76,850000,69,39,52,62,64,60,,,,,,,,,,,,,,,,,,,,,39,52,62,64,60
Paik Seung Ho,22,180,65,75,850000,68,59,60,67,53,58,,,,,,,,,,,,,,,,,,,,,59,60,67,53,58
O. Käuper,22,187,65,75,850000,58,57,61,64,57,66,,,,,,,,,,,,,,,,,,,,,57,61,64,57,66
Seoane,22,177,65,75,850000,72,53,63,70,60,59,,,,,,,,,,,,,,,,,,,,,53,63,70,60,59
T. Conechny,21,170,65,74,850000,80,62,55,67,24,48,,,,,,,,,,,,,,,,,,,,,62,55,67,24,48
S. Demhasaj,23,191,65,74,850000,52,70,43,60,32,55,,,,,,,,,,,,,,,,,,,,,70,43,60,32,55
N. Manzambi,22,179,65,74,850000,78,62,49,66,24,65,,,,,,,,,,,,,,,,,,,,,62,49,66,24,65
Brian Martín,23,180,65,74,850000,78,62,56,66,41,62,,,,,,,,,,,,,,,,,,,,,62,56,66,41,62
J. Tell,22,185,65,74,850000,65,65,56,62,31,61,,,,,,,,,,,,,,,,,,,,,65,56,62,31,61
T. Knöll,21,184,65,74,850000,59,64,46,61,25,59,,,,,,,,,,,,,,,,,,,,,64,46,61,25,59
M. García,20,180,65,74,850000,80,66,41,64,22,65,,,,,,,,,,,,,,,,,,,,,66,41,64,22,65
S. Odey,21,182,65,74,850000,88,60,44,66,33,62,,,,,,,,,,,,,,,,,,,,,60,44,66,33,62
K. Ademi,23,196,65,74,850000,55,63,42,58,29,79,,,,,,,,,,,,,,,,,,,,,63,42,58,29,79
Avilés,21,181,65,74,850000,65,52,62,65,23,45,,,,,,,,,,,,,,,,,,,,,52,62,65,23,45
Moncayola,21,184,65,74,850000,67,61,63,66,39,52,,,,,,,,,,,,,,,,,,,,,61,63,66,39,52
S. Drăghici,21,179,65,74,850000,71,49,62,69,25,40,,,,,,,,,,,,,,,,,,,,,49,62,69,25,40
I. Ndiaye,20,176,65,74,850000,91,54,57,71,28,57,,,,,,,,,,,,,,,,,,,,,54,57,71,28,57
R. Aït Nouri,18,179,64,82,850000,68,42,58,65,62,50,,,,,,,,,,,,,,,,,,,,,42,58,65,62,50
H. Mahou,19,180,64,77,850000,66,63,60,67,33,50,,,,,,,,,,,,,,,,,,,,,63,60,67,33,50
T. Stavitski,19,180,64,77,850000,76,59,63,65,27,55,,,,,,,,,,,,,,,,,,,,,59,63,65,27,55
Jaime Sierra,21,175,64,77,850000,49,52,64,61,42,45,,,,,,,,,,,,,,,,,,,,,52,64,61,42,45
Y. Hamed,19,178,64,77,850000,92,56,54,63,27,55,,,,,,,,,,,,,,,,,,,,,56,54,63,27,55
A. Idah,18,190,63,84,850000,75,64,38,58,21,62,,,,,,,,,,,,,,,,,,,,,64,38,58,21,62
M. Piedrahita,34,175,71,71,825000,75,63,69,70,66,74,,,,,,,,,,,,,,,,,,,,,63,69,70,66,74
Nenê,35,183,70,70,825000,48,72,58,63,28,70,,,,,,,,,,,,,,,,,,,,,72,58,63,28,70
S. Celozzi,30,171,69,69,825000,74,50,63,68,63,65,,,,,,,,,,,,,,,,,,,,,50,63,68,63,65
E. Lichaj,30,178,69,69,825000,68,46,54,65,68,74,,,,,,,,,,,,,,,,,,,,,46,54,65,68,74
E. Bennett,30,175,69,69,825000,77,66,67,68,64,68,,,,,,,,,,,,,,,,,,,,,66,67,68,64,68
I. Obradović,30,181,69,69,825000,67,58,68,67,69,69,,,,,,,,,,,,,,,,,,,,,58,68,67,69,69
Lionn,30,185,69,69,825000,73,56,59,67,67,72,,,,,,,,,,,,,,,,,,,,,56,59,67,67,72
J. Rivierez,30,182,69,69,825000,59,28,57,59,71,80,,,,,,,,,,,,,,,,,,,,,28,57,59,71,80
B. Corgnet,32,179,69,69,825000,50,66,69,71,56,58,,,,,,,,,,,,,,,,,,,,,66,69,71,56,58
C. Corvalán,30,179,69,69,825000,71,46,56,61,67,76,,,,,,,,,,,,,,,,,,,,,46,56,61,67,76
F. Flores,32,177,69,69,825000,76,66,60,69,28,67,,,,,,,,,,,,,,,,,,,,,66,60,69,28,67
D. Pérez,30,170,69,69,825000,79,56,57,69,66,62,,,,,,,,,,,,,,,,,,,,,56,57,69,66,62
Tiago Lopes,30,178,69,69,825000,73,52,63,70,67,74,,,,,,,,,,,,,,,,,,,,,52,63,70,67,74
S. Eriksson,30,184,68,68,825000,64,50,69,64,60,72,,,,,,,,,,,,,,,,,,,,,50,69,64,60,72
Mario Ortíz,30,178,68,68,825000,58,51,67,60,58,72,,,,,,,,,,,,,,,,,,,,,51,67,60,58,72
Luismi,27,179,68,68,825000,53,33,56,58,67,72,,,,,,,,,,,,,,,,,,,,,33,56,58,67,72
Vasco Rocha,30,182,68,68,825000,66,60,67,68,60,67,,,,,,,,,,,,,,,,,,,,,60,67,68,60,67
A. Camargo,30,175,68,68,825000,55,44,67,63,62,76,,,,,,,,,,,,,,,,,,,,,44,67,63,62,76
Mauriçio Clerez,27,189,68,68,825000,60,46,58,55,70,67,,,,,,,,,,,,,,,,,,,,,46,58,55,70,67
J. Chancellor,27,198,68,68,825000,52,44,43,46,66,75,,,,,,,,,,,,,,,,,,,,,44,43,46,66,75
T. Flanagan,27,188,67,70,825000,63,33,53,59,65,74,,,,,,,,,,,,,,,,,,,,,33,53,59,65,74
M. Haïdara,26,179,67,70,825000,74,51,59,66,66,73,,,,,,,,,,,,,,,,,,,,,51,59,66,66,73
Luis Valcarce,26,175,67,70,825000,84,53,62,66,58,72,,,,,,,,,,,,,,,,,,,,,53,62,66,58,72
C. Robles,27,171,67,70,825000,55,48,60,56,63,74,,,,,,,,,,,,,,,,,,,,,48,60,56,63,74
J. Zuluaga,26,176,67,70,825000,77,32,59,55,62,62,,,,,,,,,,,,,,,,,,,,,32,59,55,62,62
N. Palacios,27,190,67,70,825000,41,39,52,56,68,79,,,,,,,,,,,,,,,,,,,,,39,52,56,68,79
Raphael Silva,27,190,67,70,825000,45,34,31,37,68,73,,,,,,,,,,,,,,,,,,,,,34,31,37,68,73
M. Polster,26,183,67,70,825000,55,47,64,64,66,79,,,,,,,,,,,,,,,,,,,,,47,64,64,66,79
M. Cabit,26,180,67,70,825000,73,38,59,62,65,65,,,,,,,,,,,,,,,,,,,,,38,59,62,65,65
M. Saadane,27,187,67,70,825000,59,47,59,60,66,65,,,,,,,,,,,,,,,,,,,,,47,59,60,66,65
T. Hájek,27,187,67,70,825000,61,25,49,37,68,65,,,,,,,,,,,,,,,,,,,,,25,49,37,68,65
J. Shaughnessy,26,183,67,69,825000,69,21,48,60,65,74,,,,,,,,,,,,,,,,,,,,,21,48,60,65,74
J. Jønsson,26,182,67,69,825000,74,56,60,64,64,73,,,,,,,,,,,,,,,,,,,,,56,60,64,64,73
M. Ihiekwe,26,186,67,69,825000,70,31,43,53,65,73,,,,,,,,,,,,,,,,,,,,,31,43,53,65,73
A. Youga,26,186,67,69,825000,53,52,55,55,65,81,,,,,,,,,,,,,,,,,,,,,52,55,55,65,81
Renato,26,185,67,69,825000,68,56,62,64,68,73,,,,,,,,,,,,,,,,,,,,,56,62,64,68,73
N. Besler,26,185,67,69,825000,62,41,58,61,64,71,,,,,,,,,,,,,,,,,,,,,41,58,61,64,71
S. Camara,26,190,67,69,825000,65,39,49,48,64,78,,,,,,,,,,,,,,,,,,,,,39,49,48,64,78
M. te Vrede,27,193,67,67,825000,46,69,44,51,30,76,,,,,,,,,,,,,,,,,,,,,69,44,51,30,76
A. Tighadouini,26,179,67,67,825000,73,69,64,70,29,63,,,,,,,,,,,,,,,,,,,,,69,64,70,29,63
Y. Toutouh,26,189,67,67,825000,75,61,63,68,42,65,,,,,,,,,,,,,,,,,,,,,61,63,68,42,65
H. Bahebri,26,171,67,67,825000,75,62,63,70,45,62,,,,,,,,,,,,,,,,,,,,,62,63,70,45,62
M. Thiel,26,187,67,67,825000,73,65,62,70,31,64,,,,,,,,,,,,,,,,,,,,,65,62,70,31,64
Welinton Júnior,26,175,67,67,825000,78,66,57,70,22,46,,,,,,,,,,,,,,,,,,,,,66,57,70,22,46
F. Kaufmann,26,181,67,67,825000,86,52,61,67,52,71,,,,,,,,,,,,,,,,,,,,,52,61,67,52,71
I. Depe,26,172,67,67,825000,79,46,65,72,26,57,,,,,,,,,,,,,,,,,,,,,46,65,72,26,57
Gustavo Pastinho,27,183,67,67,825000,83,69,54,73,33,58,,,,,,,,,,,,,,,,,,,,,69,54,73,33,58
M. Wieteska,22,187,66,73,825000,59,33,46,43,63,70,,,,,,,,,,,,,,,,,,,,,33,46,43,63,70
A. Murillo,23,184,66,73,825000,52,39,45,42,65,71,,,,,,,,,,,,,,,,,,,,,39,45,42,65,71
L. Gugganig,24,191,66,73,825000,58,52,53,54,68,75,,,,,,,,,,,,,,,,,,,,,52,53,54,68,75
A. Munksgaard,21,181,66,73,825000,76,41,58,64,63,69,,,,,,,,,,,,,,,,,,,,,41,58,64,63,69
B. Konaté,23,183,66,73,825000,64,47,59,64,63,63,,,,,,,,,,,,,,,,,,,,,47,59,64,63,63
K. Mohammed,23,181,66,73,825000,70,33,44,59,65,67,,,,,,,,,,,,,,,,,,,,,33,44,59,65,67
O. Verdon,23,190,66,73,825000,51,29,39,39,67,73,,,,,,,,,,,,,,,,,,,,,29,39,39,67,73
Rodrigão,23,191,66,73,825000,60,31,46,39,64,76,,,,,,,,,,,,,,,,,,,,,31,46,39,64,76
S. Coulibaly,24,193,66,73,825000,53,38,45,49,65,70,,,,,,,,,,,,,,,,,,,,,38,45,49,65,70
S. Lawson,24,179,66,73,825000,79,50,61,67,63,70,,,,,,,,,,,,,,,,,,,,,50,61,67,63,70
M. Brizuela,22,181,66,73,825000,57,30,45,46,66,67,,,,,,,,,,,,,,,,,,,,,30,45,46,66,67
G. Burke,25,175,66,70,825000,61,67,62,67,26,58,,,,,,,,,,,,,,,,,,,,,67,62,67,26,58
J. von Haacke,25,181,66,70,825000,56,54,66,66,57,64,,,,,,,,,,,,,,,,,,,,,54,66,66,57,64
Ryu Seung Woo,25,172,66,70,825000,78,60,57,69,44,46,,,,,,,,,,,,,,,,,,,,,60,57,69,44,46
T. Hasegawa,25,164,66,70,825000,88,57,58,75,29,48,,,,,,,,,,,,,,,,,,,,,57,58,75,29,48
R. Boissier,25,181,66,70,825000,65,59,66,64,61,66,,,,,,,,,,,,,,,,,,,,,59,66,64,61,66
M. Djuricin,26,183,66,69,825000,81,64,55,67,26,62,,,,,,,,,,,,,,,,,,,,,64,55,67,26,62
D. Skhirtladze,26,186,66,69,825000,72,61,62,69,29,69,,,,,,,,,,,,,,,,,,,,,61,62,69,29,69
C. Wyke,26,185,66,69,825000,60,64,45,64,28,76,,,,,,,,,,,,,,,,,,,,,64,45,64,28,76
I. Vassell,25,175,66,69,825000,84,63,50,64,33,72,,,,,,,,,,,,,,,,,,,,,63,50,64,33,72
A. Sané,26,184,66,69,825000,71,66,58,65,26,55,,,,,,,,,,,,,,,,,,,,,66,58,65,26,55
K. Mayi,26,182,66,69,825000,80,61,53,70,24,64,,,,,,,,,,,,,,,,,,,,,61,53,70,24,64
K. Vassell,26,183,66,69,825000,79,65,47,62,34,69,,,,,,,,,,,,,,,,,,,,,65,47,62,34,69
W. de la Rosa,26,166,66,69,825000,86,64,50,70,28,46,,,,,,,,,,,,,,,,,,,,,64,50,70,28,46
Nuha,26,193,66,69,825000,72,66,51,61,27,67,,,,,,,,,,,,,,,,,,,,,66,51,61,27,67
N. Rajsel,26,178,66,69,825000,67,66,65,68,34,57,,,,,,,,,,,,,,,,,,,,,66,65,68,34,57
J. García,26,181,66,69,825000,65,65,45,63,31,70,,,,,,,,,,,,,,,,,,,,,65,45,63,31,70
S. Guri,25,189,66,69,825000,58,68,57,60,31,67,,,,,,,,,,,,,,,,,,,,,68,57,60,31,67
A. Stephens,24,178,66,69,825000,71,66,56,70,19,53,,,,,,,,,,,,,,,,,,,,,66,56,70,19,53
O. Abdeldjelil,26,187,66,69,825000,67,66,49,61,25,68,,,,,,,,,,,,,,,,,,,,,66,49,61,25,68
L. Parisi,25,178,66,69,825000,82,63,52,72,32,56,,,,,,,,,,,,,,,,,,,,,63,52,72,32,56
M. Da Luz,24,174,66,69,825000,82,64,57,67,30,49,,,,,,,,,,,,,,,,,,,,,64,57,67,30,49
Ernesto,24,173,66,69,825000,76,65,62,65,28,49,,,,,,,,,,,,,,,,,,,,,65,62,65,28,49
H. Adelakun,23,190,65,74,825000,79,58,60,65,21,60,,,,,,,,,,,,,,,,,,,,,58,60,65,21,60
L. Reed,21,173,65,74,825000,67,50,62,67,59,67,,,,,,,,,,,,,,,,,,,,,50,62,67,59,67
J. Thomasen,23,177,65,74,825000,62,60,62,63,62,60,,,,,,,,,,,,,,,,,,,,,60,62,63,62,60
G. Berthier,23,177,65,74,825000,69,59,65,65,29,60,,,,,,,,,,,,,,,,,,,,,59,65,65,29,60
M. Vitale,21,183,65,74,825000,69,50,68,67,56,60,,,,,,,,,,,,,,,,,,,,,50,68,67,56,60
H. Anderson,22,179,65,74,825000,88,56,58,63,43,69,,,,,,,,,,,,,,,,,,,,,56,58,63,43,69
S. Daham,23,180,65,74,825000,74,53,65,65,53,67,,,,,,,,,,,,,,,,,,,,,53,65,65,53,67
G. Melkadze,22,182,65,74,825000,74,60,59,65,48,74,,,,,,,,,,,,,,,,,,,,,60,59,65,48,74
E. Valencia,22,175,65,74,825000,83,50,59,68,44,59,,,,,,,,,,,,,,,,,,,,,50,59,68,44,59
A. Acosta,22,176,65,74,825000,78,56,61,64,43,62,,,,,,,,,,,,,,,,,,,,,56,61,64,43,62
A. Piu,22,186,65,74,825000,59,64,58,73,22,54,,,,,,,,,,,,,,,,,,,,,64,58,73,22,54
L. Amos,22,179,65,74,825000,58,51,64,64,61,61,,,,,,,,,,,,,,,,,,,,,51,64,64,61,61
Isi Ros,23,165,65,74,825000,81,48,60,72,34,31,,,,,,,,,,,,,,,,,,,,,48,60,72,34,31
O. Rathbone,22,176,65,74,825000,73,54,58,66,56,65,,,,,,,,,,,,,,,,,,,,,54,58,66,56,65
R. González,23,175,65,74,825000,77,44,63,66,61,60,,,,,,,,,,,,,,,,,,,,,44,63,66,61,60
T. Bijleveld,21,176,65,74,825000,67,52,66,69,54,55,,,,,,,,,,,,,,,,,,,,,52,66,69,54,55
M. Ashimeru,21,182,65,74,825000,70,51,65,70,49,54,,,,,,,,,,,,,,,,,,,,,51,65,70,49,54
J. Sierra,22,171,65,74,825000,73,62,64,66,56,57,,,,,,,,,,,,,,,,,,,,,62,64,66,56,57
C. Ilić,22,178,65,74,825000,77,43,58,67,59,61,,,,,,,,,,,,,,,,,,,,,43,58,67,59,61
Cristian Rodríguez,23,180,65,74,825000,54,52,63,66,54,60,,,,,,,,,,,,,,,,,,,,,52,63,66,54,60
F. Ștefan,23,182,65,74,825000,74,54,60,61,58,71,,,,,,,,,,,,,,,,,,,,,54,60,61,58,71
D. Garcia,22,168,65,74,825000,75,52,66,64,47,47,,,,,,,,,,,,,,,,,,,,,52,66,64,47,47
Saúl Crespo,22,186,65,74,825000,68,58,65,64,55,65,,,,,,,,,,,,,,,,,,,,,58,65,64,55,65
S. Humphrys,21,185,65,73,825000,70,64,51,63,35,73,,,,,,,,,,,,,,,,,,,,,64,51,63,35,73
C. Tosun,19,186,64,77,825000,58,58,65,68,53,55,,,,,,,,,,,,,,,,,,,,,58,65,68,53,55
T. Makowski,19,178,64,77,825000,70,52,59,64,60,65,,,,,,,,,,,,,,,,,,,,,52,59,64,60,65
L. Fraser,21,185,64,77,825000,64,35,63,60,57,68,,,,,,,,,,,,,,,,,,,,,35,63,60,57,68
A. El Bouchataoui,19,176,64,77,825000,68,50,63,66,53,61,,,,,,,,,,,,,,,,,,,,,50,63,66,53,61
N. Bazan,20,184,64,76,825000,69,67,47,62,28,60,,,,,,,,,,,,,,,,,,,,,67,47,62,28,60
A. Lupu,21,172,64,76,825000,64,63,46,61,19,55,,,,,,,,,,,,,,,,,,,,,63,46,61,19,55
Miguel Ángel,21,191,64,76,825000,62,63,48,59,26,61,,,,,,,,,,,,,,,,,,,,,63,48,59,26,61
S. Esposito,16,186,63,85,825000,52,63,50,66,26,52,,,,,,,,,,,,,,,,,,,,,63,50,66,26,52
A. Dabo,18,181,63,84,825000,66,58,62,65,61,53,,,,,,,,,,,,,,,,,,,,,58,62,65,61,53
A. Riccardi,18,178,63,84,825000,63,55,59,63,51,53,,,,,,,,,,,,,,,,,,,,,55,59,63,51,53
Lim Jae Hyeok,20,180,63,79,825000,77,59,45,63,24,58,,,,,,,,,,,,,,,,,,,,,59,45,63,24,58
O. Shaw,21,188,63,77,825000,67,61,44,60,21,55,,,,,,,,,,,,,,,,,,,,,61,44,60,21,55
H. Camara,21,184,63,77,825000,74,60,49,61,21,65,,,,,,,,,,,,,,,,,,,,,60,49,61,21,65
Mario Álvarez,37,175,73,73,800000,61,42,54,51,72,72,,,,,,,,,,,,,,,,,,,,,42,54,51,72,72
Bruno Alves,37,189,73,73,800000,37,67,64,64,71,81,,,,,,,,,,,,,,,,,,,,,67,64,64,71,81
J. Gandolfi,38,178,73,73,800000,42,43,62,52,72,72,,,,,,,,,,,,,,,,,,,,,43,62,52,72,72
N. Spolli,36,193,73,73,800000,38,39,34,42,75,71,,,,,,,,,,,,,,,,,,,,,39,34,42,75,71
Molinero,33,177,70,70,800000,74,54,63,66,67,75,,,,,,,,,,,,,,,,,,,,,54,63,66,67,75
A. Balzano,33,174,70,70,800000,71,42,54,62,69,77,,,,,,,,,,,,,,,,,,,,,42,54,62,69,77
Javi Moyano,33,180,70,70,800000,70,45,58,61,70,73,,,,,,,,,,,,,,,,,,,,,45,58,61,70,73
M. Rodríguez,33,178,70,70,800000,74,60,63,68,67,73,,,,,,,,,,,,,,,,,,,,,60,63,68,67,73
I. Pillud,33,179,70,70,800000,72,49,63,62,70,77,,,,,,,,,,,,,,,,,,,,,49,63,62,70,77
S. Dubarbier,33,178,70,70,800000,73,63,64,68,68,79,,,,,,,,,,,,,,,,,,,,,63,64,68,68,79
C. Arboleda,33,169,70,70,800000,88,50,63,71,65,52,,,,,,,,,,,,,,,,,,,,,50,63,71,65,52
T. Sparv,32,194,69,69,800000,36,56,66,60,70,77,,,,,,,,,,,,,,,,,,,,,56,66,60,70,77
Huang Bowen,31,177,69,69,800000,71,63,69,65,66,70,,,,,,,,,,,,,,,,,,,,,63,69,65,66,70
J. Gastien,31,179,69,69,800000,64,63,63,71,65,78,,,,,,,,,,,,,,,,,,,,,63,63,71,65,78
Alson Botelho,31,180,69,69,800000,63,46,55,62,72,70,,,,,,,,,,,,,,,,,,,,,46,55,62,72,70
S. Aigner,31,183,68,68,800000,76,63,66,71,44,65,,,,,,,,,,,,,,,,,,,,,63,66,71,44,65
L. Damour,28,181,68,68,800000,66,60,63,64,66,69,,,,,,,,,,,,,,,,,,,,,60,63,64,66,69
E. Larsson,27,175,68,68,800000,65,54,66,62,64,76,,,,,,,,,,,,,,,,,,,,,54,66,62,64,76
I. Ghaleb,28,176,68,68,800000,69,63,68,68,64,71,,,,,,,,,,,,,,,,,,,,,63,68,68,64,71
M. Matras,28,193,68,68,800000,49,50,57,53,67,82,,,,,,,,,,,,,,,,,,,,,50,57,53,67,82
Bruno Moreira,31,185,68,68,800000,61,67,53,64,34,74,,,,,,,,,,,,,,,,,,,,,67,53,64,34,74
S. Caldwell,28,173,68,68,800000,35,55,62,61,63,70,,,,,,,,,,,,,,,,,,,,,55,62,61,63,70
D. Mosquera,27,182,68,68,800000,77,39,59,60,64,74,,,,,,,,,,,,,,,,,,,,,39,59,60,64,74
Mamadu Candé,27,173,68,68,800000,76,39,62,61,63,77,,,,,,,,,,,,,,,,,,,,,39,62,61,63,77
E. Kaş,27,183,68,68,800000,75,62,66,73,65,66,,,,,,,,,,,,,,,,,,,,,62,66,73,65,66
Z. Yıldırım,28,180,68,68,800000,69,59,60,66,69,71,,,,,,,,,,,,,,,,,,,,,59,60,66,69,71
Fredinho Mutto,27,178,68,68,800000,71,46,65,53,64,68,,,,,,,,,,,,,,,,,,,,,46,65,53,64,68
Jessé Ferdeira,27,181,68,68,800000,65,53,64,56,68,69,,,,,,,,,,,,,,,,,,,,,53,64,56,68,69
Ataúlfo Anjos,27,186,68,68,800000,72,54,59,67,69,74,,,,,,,,,,,,,,,,,,,,,54,59,67,69,74
Kaio Figueiras,27,177,68,68,800000,72,51,65,67,64,69,,,,,,,,,,,,,,,,,,,,,51,65,67,64,69
R. Matsuda,27,171,68,68,800000,82,33,61,65,61,77,,,,,,,,,,,,,,,,,,,,,33,61,65,61,77
P. Downing,27,188,67,69,800000,59,37,49,45,66,73,,,,,,,,,,,,,,,,,,,,,37,49,45,66,73
J. Lowe,27,176,67,69,800000,60,49,60,59,66,72,,,,,,,,,,,,,,,,,,,,,49,60,59,66,72
N. Dussenne,27,191,67,69,800000,33,34,46,43,68,71,,,,,,,,,,,,,,,,,,,,,34,46,43,68,71
G. Hall,27,191,67,69,800000,61,36,46,43,66,70,,,,,,,,,,,,,,,,,,,,,36,46,43,66,70
M. Rutten,26,177,67,69,800000,68,49,59,64,66,70,,,,,,,,,,,,,,,,,,,,,49,59,64,66,70
F. Tardieu,27,184,67,69,800000,59,60,65,64,64,69,,,,,,,,,,,,,,,,,,,,,60,65,64,64,69
Y. Musavu-King,27,186,67,69,800000,55,35,48,51,66,75,,,,,,,,,,,,,,,,,,,,,35,48,51,66,75
B. Godeau,27,190,67,69,800000,37,35,56,50,68,68,,,,,,,,,,,,,,,,,,,,,35,56,50,68,68
T. Ebner,27,180,67,69,800000,69,36,56,60,67,76,,,,,,,,,,,,,,,,,,,,,36,56,60,67,76
D. Melnjak,26,179,67,69,800000,69,52,63,68,64,65,,,,,,,,,,,,,,,,,,,,,52,63,68,64,65
R. Yamanaka,26,171,67,69,800000,75,50,65,67,62,69,,,,,,,,,,,,,,,,,,,,,50,65,67,62,69
A. Mehremić,27,189,67,69,800000,50,27,50,57,66,74,,,,,,,,,,,,,,,,,,,,,27,50,57,66,74
Renê Santos,27,184,67,69,800000,53,43,50,57,68,77,,,,,,,,,,,,,,,,,,,,,43,50,57,68,77
E. Zavaleta,26,185,67,68,800000,60,55,52,55,64,75,,,,,,,,,,,,,,,,,,,,,55,52,55,64,75
T. Elliott,28,193,67,67,800000,77,61,42,64,30,79,,,,,,,,,,,,,,,,,,,,,61,42,64,30,79
R. Söder,28,177,67,67,800000,73,65,58,68,31,61,,,,,,,,,,,,,,,,,,,,,65,58,68,31,61
Adaílton,28,176,67,67,800000,72,65,58,71,27,76,,,,,,,,,,,,,,,,,,,,,65,58,71,27,76
V. Lundberg,28,187,67,67,800000,60,67,61,65,36,74,,,,,,,,,,,,,,,,,,,,,67,61,65,36,74
S. Ferguson,27,175,67,67,800000,76,57,64,68,63,65,,,,,,,,,,,,,,,,,,,,,57,64,68,63,65
B. Kee,28,175,67,67,800000,56,67,55,63,32,81,,,,,,,,,,,,,,,,,,,,,67,55,63,32,81
S. Winnall,28,175,67,67,800000,70,67,48,65,23,61,,,,,,,,,,,,,,,,,,,,,67,48,65,23,61
S. Makienok,28,201,67,67,800000,33,66,49,58,31,71,,,,,,,,,,,,,,,,,,,,,66,49,58,31,71
J. Morris,27,182,67,67,800000,67,66,66,67,57,67,,,,,,,,,,,,,,,,,,,,,66,66,67,57,67
N. Dumitru,27,184,67,67,800000,86,62,58,64,39,67,,,,,,,,,,,,,,,,,,,,,62,58,64,39,67
N. Helenius,28,196,67,67,800000,64,66,56,61,35,63,,,,,,,,,,,,,,,,,,,,,66,56,61,35,63
B. Halloran,27,184,67,67,800000,85,60,58,68,34,65,,,,,,,,,,,,,,,,,,,,,60,58,68,34,65
L. Bangoura,27,175,67,67,800000,84,62,59,71,29,60,,,,,,,,,,,,,,,,,,,,,62,59,71,29,60
J. Skalák,27,177,67,67,800000,66,62,65,70,29,65,,,,,,,,,,,,,,,,,,,,,62,65,70,29,65
S. Elbers,27,172,67,67,800000,82,62,57,72,35,56,,,,,,,,,,,,,,,,,,,,,62,57,72,35,56
Samuel,28,185,67,67,800000,67,63,51,66,34,66,,,,,,,,,,,,,,,,,,,,,63,51,66,34,66
M. Starke,28,179,67,67,800000,76,69,64,69,33,66,,,,,,,,,,,,,,,,,,,,,69,64,69,33,66
J. Ring,27,182,67,67,800000,80,59,65,70,51,65,,,,,,,,,,,,,,,,,,,,,59,65,70,51,65
Sandro Lima,28,186,67,67,800000,65,64,44,61,32,72,,,,,,,,,,,,,,,,,,,,,64,44,61,32,72
F. Ben Youssef,28,190,67,67,800000,64,69,48,57,31,74,,,,,,,,,,,,,,,,,,,,,69,48,57,31,74
Avto,27,176,67,67,800000,77,64,58,71,29,55,,,,,,,,,,,,,,,,,,,,,64,58,71,29,55
Jin Jingdao,27,169,67,67,800000,75,57,61,70,65,61,,,,,,,,,,,,,,,,,,,,,57,61,70,65,61
S. Aškovski,27,179,67,67,800000,74,59,62,67,56,70,,,,,,,,,,,,,,,,,,,,,59,62,67,56,70
M. Šitum,27,177,67,67,800000,69,60,64,69,60,53,,,,,,,,,,,,,,,,,,,,,60,64,69,60,53
G. Ávalos,28,187,67,67,800000,67,61,47,62,30,71,,,,,,,,,,,,,,,,,,,,,61,47,62,30,71
Nuno Cedrim,27,181,67,67,800000,71,56,69,72,29,63,,,,,,,,,,,,,,,,,,,,,56,69,72,29,63
Estevãtinho,27,178,67,67,800000,49,57,73,64,27,51,,,,,,,,,,,,,,,,,,,,,57,73,64,27,51
Melvin Regalito,27,182,67,67,800000,65,60,63,67,30,62,,,,,,,,,,,,,,,,,,,,,60,63,67,30,62
J. Viveros,27,170,67,67,800000,73,62,66,68,33,60,,,,,,,,,,,,,,,,,,,,,62,66,68,33,60
K. Omori,27,170,67,67,800000,66,61,65,69,39,66,,,,,,,,,,,,,,,,,,,,,61,65,69,39,66
K. Taketomi,28,173,67,67,800000,61,67,64,69,40,68,,,,,,,,,,,,,,,,,,,,,67,64,69,40,68
G. Mastinu,27,175,67,67,800000,64,64,64,67,29,53,,,,,,,,,,,,,,,,,,,,,64,64,67,29,53
T. Gjertsen,27,175,67,67,800000,81,63,60,70,49,53,,,,,,,,,,,,,,,,,,,,,63,60,70,49,53
S. Jovanović,27,176,67,67,800000,83,60,64,67,33,55,,,,,,,,,,,,,,,,,,,,,60,64,67,33,55
A. Turgeman,28,178,67,67,800000,72,66,43,66,26,68,,,,,,,,,,,,,,,,,,,,,66,43,66,26,68
K. Behrens,28,184,67,67,800000,73,66,47,62,28,75,,,,,,,,,,,,,,,,,,,,,66,47,62,28,75
B. Garuccio,24,174,66,73,800000,81,53,64,68,60,61,,,,,,,,,,,,,,,,,,,,,53,64,68,60,61
P. Stolarski,23,181,66,73,800000,88,51,61,64,57,66,,,,,,,,,,,,,,,,,,,,,51,61,64,57,66
J. Gammelby,24,192,66,73,800000,77,58,63,65,60,74,,,,,,,,,,,,,,,,,,,,,58,63,65,60,74
A. Salétros,23,182,66,73,800000,66,56,66,63,60,67,,,,,,,,,,,,,,,,,,,,,56,66,63,60,67
J. Jach,25,192,66,73,800000,54,45,50,55,64,73,,,,,,,,,,,,,,,,,,,,,45,50,55,64,73
K. Hafez,23,175,66,73,800000,78,39,59,64,65,67,,,,,,,,,,,,,,,,,,,,,39,59,64,65,67
H. Çinemre,25,183,66,73,800000,69,31,44,46,64,70,,,,,,,,,,,,,,,,,,,,,31,44,46,64,70
N. Kijewski,23,176,66,73,800000,75,38,60,67,63,64,,,,,,,,,,,,,,,,,,,,,38,60,67,63,64
A. Reca,24,187,66,73,800000,80,57,63,69,62,66,,,,,,,,,,,,,,,,,,,,,57,63,69,62,66
A. Chalá,23,178,66,73,800000,95,46,54,57,63,65,,,,,,,,,,,,,,,,,,,,,46,54,57,63,65
K. Matsubara,22,182,66,73,800000,75,57,58,65,60,70,,,,,,,,,,,,,,,,,,,,,57,58,65,60,70
Neto Borges,22,185,66,73,800000,71,49,61,68,62,72,,,,,,,,,,,,,,,,,,,,,49,61,68,62,72
D. Todorović,22,174,66,73,800000,71,52,59,66,62,64,,,,,,,,,,,,,,,,,,,,,52,59,66,62,64
Carlos Neva,23,174,66,73,800000,73,43,54,63,65,56,,,,,,,,,,,,,,,,,,,,,43,54,63,65,56
H. Bockhorn,24,176,66,73,800000,77,61,56,67,60,67,,,,,,,,,,,,,,,,,,,,,61,56,67,60,67
D. Van den Buijs,23,188,66,72,800000,65,40,62,51,66,67,,,,,,,,,,,,,,,,,,,,,40,62,51,66,67
B. Straalman,22,193,66,72,800000,60,29,51,52,65,70,,,,,,,,,,,,,,,,,,,,,29,51,52,65,70
D. Gnaase,22,179,66,72,800000,76,53,61,67,60,72,,,,,,,,,,,,,,,,,,,,,53,61,67,60,72
R. Zambrano,24,170,66,72,800000,73,56,68,70,60,64,,,,,,,,,,,,,,,,,,,,,56,68,70,60,64
Ha Chang Rae,24,188,66,72,800000,55,25,41,47,65,70,,,,,,,,,,,,,,,,,,,,,25,41,47,65,70
Y. Roche,21,182,66,72,800000,62,31,42,48,64,72,,,,,,,,,,,,,,,,,,,,,31,42,48,64,72
I. Sankhon,23,177,66,72,800000,72,51,64,67,63,72,,,,,,,,,,,,,,,,,,,,,51,64,67,63,72
A. Chindriș,20,191,66,72,800000,61,27,38,52,64,71,,,,,,,,,,,,,,,,,,,,,27,38,52,64,71
S. Carruthers,26,173,66,69,800000,73,55,64,68,55,59,,,,,,,,,,,,,,,,,,,,,55,64,68,55,59
R. Williams,25,173,66,69,800000,78,56,60,69,25,63,,,,,,,,,,,,,,,,,,,,,56,60,69,25,63
J. Espericueta,24,178,66,69,800000,62,63,71,69,50,54,,,,,,,,,,,,,,,,,,,,,63,71,69,50,54
A. Forde,25,180,66,69,800000,73,60,63,67,32,62,,,,,,,,,,,,,,,,,,,,,60,63,67,32,62
C. Thompson,25,178,66,69,800000,83,54,61,67,64,79,,,,,,,,,,,,,,,,,,,,,54,61,67,64,79
P. Weihrauch,25,181,66,69,800000,77,58,62,74,54,62,,,,,,,,,,,,,,,,,,,,,58,62,74,54,62
A. Rømer,25,186,66,69,800000,71,44,64,64,64,78,,,,,,,,,,,,,,,,,,,,,44,64,64,64,78
H. Mojica,26,168,66,69,800000,87,59,66,68,36,58,,,,,,,,,,,,,,,,,,,,,59,66,68,36,58
D. Milinković,25,178,66,69,800000,76,56,62,68,25,54,,,,,,,,,,,,,,,,,,,,,56,62,68,25,54
C. Dieng,25,180,66,69,800000,87,52,60,67,28,52,,,,,,,,,,,,,,,,,,,,,52,60,67,28,52
Jang Ho Ik,25,173,66,69,800000,82,50,58,65,61,75,,,,,,,,,,,,,,,,,,,,,50,58,65,61,75
N. Maná,25,175,66,69,800000,80,63,56,69,29,64,,,,,,,,,,,,,,,,,,,,,63,56,69,29,64
L. Paiva,25,162,66,69,800000,67,68,64,68,31,36,,,,,,,,,,,,,,,,,,,,,68,64,68,31,36
Pak Kwang Ryong,26,188,66,68,800000,67,64,56,59,43,76,,,,,,,,,,,,,,,,,,,,,64,56,59,43,76
T. Boere,26,183,66,68,800000,66,67,52,60,31,74,,,,,,,,,,,,,,,,,,,,,67,52,60,31,74
F. Ladapo,26,183,66,68,800000,81,64,45,65,25,71,,,,,,,,,,,,,,,,,,,,,64,45,65,25,71
A. Al Salem,26,184,66,68,800000,64,65,60,66,54,68,,,,,,,,,,,,,,,,,,,,,65,60,66,54,68
I. Bulos,26,188,66,68,800000,54,65,50,61,25,70,,,,,,,,,,,,,,,,,,,,,65,50,61,25,70
C. Doidge,26,185,66,68,800000,65,65,50,63,29,73,,,,,,,,,,,,,,,,,,,,,65,50,63,29,73
M. Salazar,26,180,66,68,800000,72,62,54,61,44,69,,,,,,,,,,,,,,,,,,,,,62,54,61,44,69
O. Bogle,25,191,66,68,800000,65,65,50,63,30,67,,,,,,,,,,,,,,,,,,,,,65,50,63,30,67
D. Watari,26,176,66,68,800000,70,65,55,66,31,61,,,,,,,,,,,,,,,,,,,,,65,55,66,31,61
F. Kent,23,188,65,75,800000,64,30,46,56,64,70,,,,,,,,,,,,,,,,,,,,,30,46,56,64,70
D. Hyam,23,188,65,75,800000,59,31,49,50,65,62,,,,,,,,,,,,,,,,,,,,,31,49,50,65,62
José Carlos,23,185,65,75,800000,41,26,51,54,64,65,,,,,,,,,,,,,,,,,,,,,26,51,54,64,65
R. Nicolaisen,22,191,65,75,800000,70,39,48,55,63,69,,,,,,,,,,,,,,,,,,,,,39,48,55,63,69
A. Mumin,21,185,65,75,800000,75,28,41,50,61,72,,,,,,,,,,,,,,,,,,,,,28,41,50,61,72
N. Bakboord,20,177,65,75,800000,75,39,55,63,61,63,,,,,,,,,,,,,,,,,,,,,39,55,63,61,63
S. Hughes,22,187,65,75,800000,55,33,43,45,64,70,,,,,,,,,,,,,,,,,,,,,33,43,45,64,70
L. Rajot,21,179,65,75,800000,72,51,65,67,62,56,,,,,,,,,,,,,,,,,,,,,51,65,67,62,56
J. Mejías,21,185,65,75,800000,66,23,37,39,66,57,,,,,,,,,,,,,,,,,,,,,23,37,39,66,57
Fran Manzanara,22,182,65,75,800000,63,50,58,65,65,51,,,,,,,,,,,,,,,,,,,,,50,58,65,65,51
S. Pinas,21,182,65,75,800000,72,46,56,62,63,68,,,,,,,,,,,,,,,,,,,,,46,56,62,63,68
J. Varela,22,190,65,75,800000,52,36,40,38,65,68,,,,,,,,,,,,,,,,,,,,,36,40,38,65,68
I. Smith,21,177,65,75,800000,76,38,54,61,59,72,,,,,,,,,,,,,,,,,,,,,38,54,61,59,72
L. Meisl,20,184,65,75,800000,57,27,40,46,64,69,,,,,,,,,,,,,,,,,,,,,27,40,46,64,69
C. Benavídez,21,185,65,75,800000,62,40,56,57,65,66,,,,,,,,,,,,,,,,,,,,,40,56,57,65,66
S. Rhein,21,180,65,75,800000,64,40,57,60,63,64,,,,,,,,,,,,,,,,,,,,,40,57,60,63,64
E. Mihaj,20,186,65,75,800000,55,41,48,42,65,68,,,,,,,,,,,,,,,,,,,,,41,48,42,65,68
M. Harness,23,182,65,73,800000,84,61,58,67,28,49,,,,,,,,,,,,,,,,,,,,,61,58,67,28,49
F. Jagiełło,21,180,65,73,800000,72,56,64,68,47,60,,,,,,,,,,,,,,,,,,,,,56,64,68,47,60
M. Wdowiak,22,174,65,73,800000,86,53,59,68,40,60,,,,,,,,,,,,,,,,,,,,,53,59,68,40,60
N. Laursen,21,183,65,73,800000,78,59,62,71,34,48,,,,,,,,,,,,,,,,,,,,,59,62,71,34,48
A. Hunter,23,178,65,73,800000,72,61,60,67,37,52,,,,,,,,,,,,,,,,,,,,,61,60,67,37,52
J. Ward,23,167,65,73,800000,84,49,58,66,45,52,,,,,,,,,,,,,,,,,,,,,49,58,66,45,52
F. Porath,22,179,65,73,800000,72,54,62,68,44,54,,,,,,,,,,,,,,,,,,,,,54,62,68,44,54
R. Williams,22,173,65,73,800000,85,60,60,67,29,61,,,,,,,,,,,,,,,,,,,,,60,60,67,29,61
G. Hein,22,170,65,73,800000,78,66,62,69,35,53,,,,,,,,,,,,,,,,,,,,,66,62,69,35,53
M. Opondo,21,174,65,73,800000,74,58,57,67,55,70,,,,,,,,,,,,,,,,,,,,,58,57,67,55,70
N. Briasco,23,179,65,73,800000,66,66,48,65,23,58,,,,,,,,,,,,,,,,,,,,,66,48,65,23,58
S. Olsson,21,185,65,73,800000,61,40,65,68,53,67,,,,,,,,,,,,,,,,,,,,,40,65,68,53,67
N. Estévez,23,181,65,73,800000,69,62,63,65,60,59,,,,,,,,,,,,,,,,,,,,,62,63,65,60,59
Hu Jinghang,22,178,65,73,800000,76,60,43,61,21,79,,,,,,,,,,,,,,,,,,,,,60,43,61,21,79
D. Pereira,20,175,65,73,800000,78,64,58,70,34,51,,,,,,,,,,,,,,,,,,,,,64,58,70,34,51
M. Loría,22,178,65,73,800000,79,62,61,67,37,56,,,,,,,,,,,,,,,,,,,,,62,61,67,37,56
J. Knight,21,185,64,77,800000,52,35,40,42,64,65,,,,,,,,,,,,,,,,,,,,,35,40,42,64,65
E. Mašović,20,189,64,77,800000,54,27,47,56,62,65,,,,,,,,,,,,,,,,,,,,,27,47,56,62,65
R. Massimo,18,185,64,77,800000,85,58,54,69,34,58,,,,,,,,,,,,,,,,,,,,,58,54,69,34,58
N. Atkinson,20,181,64,77,800000,79,46,59,68,59,71,,,,,,,,,,,,,,,,,,,,,46,59,68,59,71
N. Hernández,21,180,64,77,800000,59,21,41,42,63,68,,,,,,,,,,,,,,,,,,,,,21,41,42,63,68
S. Cabrera,21,174,64,77,800000,71,38,54,55,60,61,,,,,,,,,,,,,,,,,,,,,38,54,55,60,61
M. Köhlert,21,168,64,76,800000,80,58,53,72,26,40,,,,,,,,,,,,,,,,,,,,,58,53,72,26,40
A. Quiñones,20,175,64,76,800000,66,45,68,65,45,63,,,,,,,,,,,,,,,,,,,,,45,68,65,45,63
C. Herc,20,186,64,76,800000,63,61,63,65,45,64,,,,,,,,,,,,,,,,,,,,,61,63,65,45,64
A. Akkaynak,20,180,64,76,800000,60,51,62,65,57,65,,,,,,,,,,,,,,,,,,,,,51,62,65,57,65
F. Figueroa,20,172,64,76,800000,70,59,59,70,25,39,,,,,,,,,,,,,,,,,,,,,59,59,70,25,39
M. Baku,21,177,64,76,800000,91,47,50,69,24,59,,,,,,,,,,,,,,,,,,,,,47,50,69,24,59
T. Tillman,20,183,64,76,800000,67,50,63,71,29,54,,,,,,,,,,,,,,,,,,,,,50,63,71,29,54
Víctor López,22,178,64,76,800000,71,55,59,66,56,57,,,,,,,,,,,,,,,,,,,,,55,59,66,56,57
Jeon Se Jin,19,182,64,76,800000,86,59,54,66,20,51,,,,,,,,,,,,,,,,,,,,,59,54,66,20,51
D. Valencia,19,181,64,76,800000,67,61,47,65,25,64,,,,,,,,,,,,,,,,,,,,,61,47,65,25,64
D. Furtado,22,180,64,76,800000,78,61,53,68,28,52,,,,,,,,,,,,,,,,,,,,,61,53,68,28,52
Chema Nuñez,21,174,64,76,800000,66,52,63,70,41,53,,,,,,,,,,,,,,,,,,,,,52,63,70,41,53
Z. Thior,21,170,64,76,800000,76,59,52,69,30,61,,,,,,,,,,,,,,,,,,,,,59,52,69,30,61
Paulino,22,181,64,76,800000,68,55,62,67,32,46,,,,,,,,,,,,,,,,,,,,,55,62,67,32,46
E. Millot,16,175,63,86,800000,73,55,63,70,50,48,,,,,,,,,,,,,,,,,,,,,55,63,70,50,48
L. Agoume,17,185,63,85,800000,65,54,59,64,46,63,,,,,,,,,,,,,,,,,,,,,54,59,64,46,63
J. Yeboah,19,170,63,83,800000,78,57,53,68,25,48,,,,,,,,,,,,,,,,,,,,,57,53,68,25,48
Roberto López,19,179,63,83,800000,54,51,65,67,16,33,,,,,,,,,,,,,,,,,,,,,51,65,67,16,33
Riquelme,19,174,63,81,800000,66,60,57,64,39,53,,,,,,,,,,,,,,,,,,,,,60,57,64,39,53
V. Castellanos,20,178,63,80,800000,72,61,58,65,33,51,,,,,,,,,,,,,,,,,,,,,61,58,65,33,51
J. Roles,20,183,63,80,800000,67,59,59,64,47,52,,,,,,,,,,,,,,,,,,,,,59,59,64,47,52
T. Klupś,19,179,63,80,800000,92,52,55,62,32,55,,,,,,,,,,,,,,,,,,,,,52,55,62,32,55
H. Vetlesen,19,177,63,79,800000,66,50,62,67,58,62,,,,,,,,,,,,,,,,,,,,,50,62,67,58,62
C. Lakin,20,175,63,79,800000,72,57,63,67,49,62,,,,,,,,,,,,,,,,,,,,,57,63,67,49,62
C. Baumgartner,19,178,63,79,800000,62,44,64,68,41,49,,,,,,,,,,,,,,,,,,,,,44,64,68,41,49
K. Agudelo,20,173,63,79,800000,71,58,61,68,49,63,,,,,,,,,,,,,,,,,,,,,58,61,68,49,63
J. Hauge,19,180,63,78,800000,82,53,56,66,37,56,,,,,,,,,,,,,,,,,,,,,53,56,66,37,56
Víctor Fernández,21,175,63,78,800000,71,60,56,69,29,46,,,,,,,,,,,,,,,,,,,,,60,56,69,29,46
Joaquín,20,173,63,78,800000,74,54,56,63,24,51,,,,,,,,,,,,,,,,,,,,,54,56,63,24,51
L. Ghezali,19,175,63,78,800000,74,58,55,68,30,52,,,,,,,,,,,,,,,,,,,,,58,55,68,30,52
Z. Aboukhlal,19,179,63,78,800000,79,58,61,66,29,51,,,,,,,,,,,,,,,,,,,,,58,61,66,29,51
M. Bahlouli,19,173,63,78,800000,67,62,60,69,31,44,,,,,,,,,,,,,,,,,,,,,62,60,69,31,44
Otegui,21,171,63,77,800000,69,45,58,64,62,66,,,,,,,,,,,,,,,,,,,,,45,58,64,62,66
J. Okkels,19,183,63,77,800000,83,56,54,66,26,60,,,,,,,,,,,,,,,,,,,,,56,54,66,26,60
T. Domgjoni,20,177,63,77,800000,70,56,59,65,58,64,,,,,,,,,,,,,,,,,,,,,56,59,65,58,64
F. Colidio,19,179,63,77,800000,59,64,48,64,25,43,,,,,,,,,,,,,,,,,,,,,64,48,64,25,43
Javi Mier,20,176,63,77,800000,65,58,63,63,38,45,,,,,,,,,,,,,,,,,,,,,58,63,63,38,45
J. Lonwijk,19,189,63,77,800000,73,58,58,59,40,74,,,,,,,,,,,,,,,,,,,,,58,58,59,40,74
A. Colpani,20,184,63,77,800000,68,54,63,67,51,52,,,,,,,,,,,,,,,,,,,,,54,63,67,51,52
Sergio Lozano,20,175,63,77,800000,64,48,62,68,52,49,,,,,,,,,,,,,,,,,,,,,48,62,68,52,49
Y. Endo,39,178,72,72,775000,31,70,77,68,66,67,,,,,,,,,,,,,,,,,,,,,70,77,68,66,67
Renaldo Justinho,35,180,70,70,775000,73,60,68,71,42,51,,,,,,,,,,,,,,,,,,,,,60,68,71,42,51
R. Stearman,31,191,69,69,775000,47,38,47,47,68,70,,,,,,,,,,,,,,,,,,,,,38,47,47,68,70
P. Huntington,31,191,69,69,775000,36,32,40,32,69,71,,,,,,,,,,,,,,,,,,,,,32,40,32,69,71
M. Cahais,31,186,69,69,775000,50,45,53,52,68,74,,,,,,,,,,,,,,,,,,,,,45,53,52,68,74
L. Nielsen,31,185,69,69,775000,75,33,54,53,66,77,,,,,,,,,,,,,,,,,,,,,33,54,53,66,77
B. Augustyn,31,191,69,69,775000,48,42,47,52,66,74,,,,,,,,,,,,,,,,,,,,,42,47,52,66,74
C. Strohdiek,31,192,69,69,775000,34,21,38,39,69,72,,,,,,,,,,,,,,,,,,,,,21,38,39,69,72
D. Odoi,31,179,69,69,775000,77,49,65,71,67,67,,,,,,,,,,,,,,,,,,,,,49,65,71,67,67
D. Pisot,31,186,69,69,775000,72,50,56,61,66,75,,,,,,,,,,,,,,,,,,,,,50,56,61,66,75
P. Arajuuri,31,193,69,69,775000,33,35,44,42,66,82,,,,,,,,,,,,,,,,,,,,,35,44,42,66,82
Yohan Tavares,31,188,69,69,775000,54,39,52,52,68,73,,,,,,,,,,,,,,,,,,,,,39,52,52,68,73
M. Cremonesi,31,183,69,69,775000,45,37,46,53,69,67,,,,,,,,,,,,,,,,,,,,,37,46,53,69,67
I. Anya,31,168,68,68,775000,78,59,62,72,62,57,,,,,,,,,,,,,,,,,,,,,59,62,72,62,57
R. Beerens,31,173,68,68,775000,68,61,68,69,26,49,,,,,,,,,,,,,,,,,,,,,61,68,69,26,49
J. Drachmann,31,179,68,68,775000,71,53,65,65,68,75,,,,,,,,,,,,,,,,,,,,,53,65,65,68,75
A. Pilkington,31,180,68,68,775000,62,69,68,68,29,66,,,,,,,,,,,,,,,,,,,,,69,68,68,29,66
R. Salinas,31,174,68,68,775000,73,65,66,67,62,73,,,,,,,,,,,,,,,,,,,,,65,66,67,62,73
V. Hedenstad,28,178,68,68,775000,75,54,64,68,63,67,,,,,,,,,,,,,,,,,,,,,54,64,68,63,67
L. Kelly,29,187,68,68,775000,59,62,66,61,63,79,,,,,,,,,,,,,,,,,,,,,62,66,61,63,79
P. Valdivia,31,185,68,68,775000,52,68,66,62,65,74,,,,,,,,,,,,,,,,,,,,,68,66,62,65,74
T. Hateley,29,180,68,68,775000,72,54,67,67,63,75,,,,,,,,,,,,,,,,,,,,,54,67,67,63,75
M. Albæk,29,185,68,68,775000,53,65,70,66,63,70,,,,,,,,,,,,,,,,,,,,,65,70,66,63,70
C. Solly,28,173,68,68,775000,75,36,58,66,66,73,,,,,,,,,,,,,,,,,,,,,36,58,66,66,73
M. Reginiussen,31,175,68,68,775000,71,67,63,66,61,67,,,,,,,,,,,,,,,,,,,,,67,63,66,61,67
R. Brosco,28,190,68,68,775000,35,37,41,47,69,73,,,,,,,,,,,,,,,,,,,,,37,41,47,69,73
K. Noborizato,28,168,68,68,775000,90,56,58,71,60,68,,,,,,,,,,,,,,,,,,,,,56,58,71,60,68
Kim Sung Joon,31,174,68,68,775000,69,61,68,66,57,70,,,,,,,,,,,,,,,,,,,,,61,68,66,57,70
J. Ahlmann,28,179,68,68,775000,73,48,64,68,66,66,,,,,,,,,,,,,,,,,,,,,48,64,68,66,66
C. Erbes,29,172,68,68,775000,66,54,61,63,70,62,,,,,,,,,,,,,,,,,,,,,54,61,63,70,62
L. Brattan,29,175,68,68,775000,66,63,69,67,60,72,,,,,,,,,,,,,,,,,,,,,63,69,67,60,72
O. Zahustel,28,187,68,68,775000,74,59,59,62,64,74,,,,,,,,,,,,,,,,,,,,,59,59,62,64,74
D. Høegh,28,190,68,68,775000,46,40,50,49,67,73,,,,,,,,,,,,,,,,,,,,,40,50,49,67,73
Im Seon Yeong,31,185,68,68,775000,66,63,67,66,63,71,,,,,,,,,,,,,,,,,,,,,63,67,66,63,71
G. Teigl,28,183,68,68,775000,84,55,59,66,61,70,,,,,,,,,,,,,,,,,,,,,55,59,66,61,70
S. Dallas,28,183,68,68,775000,73,63,64,69,65,71,,,,,,,,,,,,,,,,,,,,,63,64,69,65,71
R. Camacho,28,185,68,68,775000,48,39,61,59,66,68,,,,,,,,,,,,,,,,,,,,,39,61,59,66,68
B. Fofana,29,193,68,68,775000,32,58,56,59,66,88,,,,,,,,,,,,,,,,,,,,,58,56,59,66,88
A. Frączczak,31,184,68,68,775000,74,65,65,65,64,74,,,,,,,,,,,,,,,,,,,,,65,65,65,64,74
D. Burbano,31,168,68,68,775000,81,62,63,71,44,54,,,,,,,,,,,,,,,,,,,,,62,63,71,44,54
W. Bakhashwain,29,176,68,68,775000,63,45,59,67,66,79,,,,,,,,,,,,,,,,,,,,,45,59,67,66,79
A. Al Jebreen,29,179,68,68,775000,62,66,68,65,62,72,,,,,,,,,,,,,,,,,,,,,66,68,65,62,72
L. Chiaretti,31,171,68,68,775000,77,62,65,73,28,46,,,,,,,,,,,,,,,,,,,,,62,65,73,28,46
P. Riese,29,175,68,68,775000,69,54,61,62,64,75,,,,,,,,,,,,,,,,,,,,,54,61,62,64,75
F. Píriz,29,187,68,68,775000,53,44,61,57,66,81,,,,,,,,,,,,,,,,,,,,,44,61,57,66,81
D. Erdmann,28,188,68,68,775000,55,40,50,49,63,85,,,,,,,,,,,,,,,,,,,,,40,50,49,63,85
C. Alzáte,31,163,68,68,775000,80,60,69,70,38,50,,,,,,,,,,,,,,,,,,,,,60,69,70,38,50
H. Rojas,31,177,68,68,775000,66,64,68,68,59,65,,,,,,,,,,,,,,,,,,,,,64,68,68,59,65
J. Cuero,31,175,68,68,775000,90,64,60,67,43,57,,,,,,,,,,,,,,,,,,,,,64,60,67,43,57
A. Monfray,28,185,68,68,775000,67,54,63,64,65,83,,,,,,,,,,,,,,,,,,,,,54,63,64,65,83
D. Cerén,29,177,68,68,775000,53,57,63,62,64,69,,,,,,,,,,,,,,,,,,,,,57,63,62,64,69
J. Molangoane,31,162,68,68,775000,77,60,69,68,49,40,,,,,,,,,,,,,,,,,,,,,60,69,68,49,40
B. Zech,28,186,68,68,775000,69,29,48,46,68,74,,,,,,,,,,,,,,,,,,,,,29,48,46,68,74
M. Ordóñez,29,178,68,68,775000,61,57,68,68,63,72,,,,,,,,,,,,,,,,,,,,,57,68,68,63,72
T. Mrčela,28,195,68,68,775000,48,32,44,45,67,83,,,,,,,,,,,,,,,,,,,,,32,44,45,67,83
L. Gör,28,187,68,68,775000,34,26,42,50,67,76,,,,,,,,,,,,,,,,,,,,,26,42,50,67,76
J. Sabbatini,31,175,68,68,775000,67,56,66,69,59,68,,,,,,,,,,,,,,,,,,,,,56,66,69,59,68
Dener Rolim,31,178,68,68,775000,63,63,63,69,28,65,,,,,,,,,,,,,,,,,,,,,63,63,69,28,65
E. Sakic,28,177,68,68,775000,75,51,64,65,67,64,,,,,,,,,,,,,,,,,,,,,51,64,65,67,64
Freddy Cardouso,31,172,68,68,775000,65,56,70,71,40,55,,,,,,,,,,,,,,,,,,,,,56,70,71,40,55
K. Gjasula,29,192,68,68,775000,40,50,59,52,63,84,,,,,,,,,,,,,,,,,,,,,50,59,52,63,84
G. Velázquez,28,180,68,68,775000,82,30,43,47,68,70,,,,,,,,,,,,,,,,,,,,,30,43,47,68,70
B. Al Ahbabi,28,169,68,68,775000,83,55,64,69,59,53,,,,,,,,,,,,,,,,,,,,,55,64,69,59,53
S. Wangberg,28,188,67,69,775000,52,39,50,44,65,76,,,,,,,,,,,,,,,,,,,,,39,50,44,65,76
D. Gissi,28,193,67,69,775000,38,47,58,55,63,78,,,,,,,,,,,,,,,,,,,,,47,58,55,63,78
D. Gallagher,28,196,67,69,775000,51,27,43,44,65,78,,,,,,,,,,,,,,,,,,,,,27,43,44,65,78
L. De Bock,26,179,67,68,775000,68,46,64,64,65,73,,,,,,,,,,,,,,,,,,,,,46,64,64,65,73
G. Nauber,27,186,67,68,775000,57,35,41,41,68,72,,,,,,,,,,,,,,,,,,,,,35,41,41,68,72
J. Flanagan,26,181,67,68,775000,65,37,56,62,68,73,,,,,,,,,,,,,,,,,,,,,37,56,62,68,73
P. Steinhart,26,182,67,68,775000,73,54,68,62,61,70,,,,,,,,,,,,,,,,,,,,,54,68,62,61,70
Juan Cruz,26,180,67,68,775000,73,39,56,60,64,70,,,,,,,,,,,,,,,,,,,,,39,56,60,64,70
U. Taffertshofer,27,183,67,68,775000,61,44,55,60,64,77,,,,,,,,,,,,,,,,,,,,,44,55,60,64,77
M. Catalán,26,180,67,68,775000,89,58,63,59,63,68,,,,,,,,,,,,,,,,,,,,,58,63,59,63,68
D. Torres,26,175,67,68,775000,74,54,64,64,61,64,,,,,,,,,,,,,,,,,,,,,54,64,64,61,64
M. Keita,28,171,67,67,775000,81,64,60,70,32,61,,,,,,,,,,,,,,,,,,,,,64,60,70,32,61
M. Janota,28,171,67,67,775000,70,64,65,68,38,57,,,,,,,,,,,,,,,,,,,,,64,65,68,38,57
A. Crawford,27,179,67,67,775000,72,65,66,69,57,67,,,,,,,,,,,,,,,,,,,,,65,66,69,57,67
N. DeLeon,28,178,67,67,775000,71,62,64,66,57,69,,,,,,,,,,,,,,,,,,,,,62,64,66,57,69
Choi Sung Geun,27,181,67,67,775000,71,55,62,64,63,72,,,,,,,,,,,,,,,,,,,,,55,62,64,63,72
L. Gallegos,27,173,67,67,775000,78,62,65,69,58,61,,,,,,,,,,,,,,,,,,,,,62,65,69,58,61
R. Rodriguez,28,180,67,67,775000,80,57,62,68,42,64,,,,,,,,,,,,,,,,,,,,,57,62,68,42,64
S. Živec,28,170,67,67,775000,74,61,63,68,38,61,,,,,,,,,,,,,,,,,,,,,61,63,68,38,61
Campillo,28,176,67,67,775000,58,70,67,65,54,62,,,,,,,,,,,,,,,,,,,,,70,67,65,54,62
T. Takagi,28,170,67,67,775000,79,66,64,65,33,62,,,,,,,,,,,,,,,,,,,,,66,64,65,33,62
A. Nakamura,28,174,67,67,775000,67,57,65,71,36,49,,,,,,,,,,,,,,,,,,,,,57,65,71,36,49
A. Maxsø,25,190,66,72,775000,50,44,49,46,64,75,,,,,,,,,,,,,,,,,,,,,44,49,46,64,75
F. Dabo,23,181,66,72,775000,70,45,55,61,64,75,,,,,,,,,,,,,,,,,,,,,45,55,61,64,75
S. McQueen,24,181,66,72,775000,68,48,62,70,64,65,,,,,,,,,,,,,,,,,,,,,48,62,70,64,65
R. Ogawa,22,182,66,72,775000,76,47,57,58,61,74,,,,,,,,,,,,,,,,,,,,,47,57,58,61,74
Juanjo Nieto,24,175,66,72,775000,73,45,58,64,63,61,,,,,,,,,,,,,,,,,,,,,45,58,64,63,61
J. Schryvers,22,181,66,72,775000,68,38,62,62,63,65,,,,,,,,,,,,,,,,,,,,,38,62,62,63,65
Alex Gorrín,25,184,66,71,775000,60,45,63,66,63,61,,,,,,,,,,,,,,,,,,,,,45,63,66,63,61
D. Del Fabro,24,189,66,71,775000,60,34,38,48,67,71,,,,,,,,,,,,,,,,,,,,,34,38,48,67,71
S. Gregersen,24,191,66,71,775000,68,44,46,41,64,75,,,,,,,,,,,,,,,,,,,,,44,46,41,64,75
Flávio,25,191,66,71,775000,42,29,38,43,63,78,,,,,,,,,,,,,,,,,,,,,29,38,43,63,78
G. Zajkov,24,186,66,71,775000,45,24,47,45,67,64,,,,,,,,,,,,,,,,,,,,,24,47,45,67,64
Li Ang,25,188,66,71,775000,55,56,57,58,63,77,,,,,,,,,,,,,,,,,,,,,56,57,58,63,77
M. Frey,23,180,66,71,775000,60,48,59,63,66,66,,,,,,,,,,,,,,,,,,,,,48,59,63,66,66
P. Diaw,24,193,66,71,775000,76,26,32,42,64,78,,,,,,,,,,,,,,,,,,,,,26,32,42,64,78
I. Paro,24,184,66,71,775000,66,30,56,49,65,69,,,,,,,,,,,,,,,,,,,,,30,56,49,65,69
V. Bondarenko,25,194,66,71,775000,54,30,32,45,65,79,,,,,,,,,,,,,,,,,,,,,30,32,45,65,79
M. Amini,26,175,66,69,775000,63,59,62,68,55,71,,,,,,,,,,,,,,,,,,,,,59,62,68,55,71
A. Woodyard,26,175,66,69,775000,66,50,64,65,66,74,,,,,,,,,,,,,,,,,,,,,50,64,65,66,74
E. Zenga,26,181,66,69,775000,61,52,65,69,60,65,,,,,,,,,,,,,,,,,,,,,52,65,69,60,65
João Pedro,26,177,66,69,775000,67,64,61,66,63,68,,,,,,,,,,,,,,,,,,,,,64,61,66,63,68
Lee Chan Dong,26,183,66,69,775000,58,58,62,62,68,78,,,,,,,,,,,,,,,,,,,,,58,62,62,68,78
J. Drost,26,175,66,68,775000,71,62,64,67,47,68,,,,,,,,,,,,,,,,,,,,,62,64,67,47,68
E. Gyasi,25,180,66,68,775000,77,56,58,73,20,65,,,,,,,,,,,,,,,,,,,,,56,58,73,20,65
J. Sánchez,26,170,66,68,775000,70,59,64,61,63,74,,,,,,,,,,,,,,,,,,,,,59,64,61,63,74
R. Renner,25,181,66,68,775000,73,60,62,67,52,54,,,,,,,,,,,,,,,,,,,,,60,62,67,52,54
M. Szwoch,26,173,66,68,775000,76,58,64,69,47,47,,,,,,,,,,,,,,,,,,,,,58,64,69,47,47
Ko Seung Beom,25,174,66,68,775000,68,59,62,66,52,72,,,,,,,,,,,,,,,,,,,,,59,62,66,52,72
Rafael Gava,26,178,66,68,775000,58,60,64,69,35,59,,,,,,,,,,,,,,,,,,,,,60,64,69,35,59
J. Tallo,26,185,66,67,775000,77,63,59,67,28,67,,,,,,,,,,,,,,,,,,,,,63,59,67,28,67
S. May,26,178,66,67,775000,70,63,60,66,29,67,,,,,,,,,,,,,,,,,,,,,63,60,66,29,67
A. Schalk,26,171,66,67,775000,78,65,48,69,30,63,,,,,,,,,,,,,,,,,,,,,65,48,69,30,63
J. Correa,26,185,66,67,775000,70,62,43,62,32,78,,,,,,,,,,,,,,,,,,,,,62,43,62,32,78
E. Assifuah,25,176,66,67,775000,90,63,56,66,28,72,,,,,,,,,,,,,,,,,,,,,63,56,66,28,72
R. Izumi,25,173,66,67,775000,77,53,59,67,50,67,,,,,,,,,,,,,,,,,,,,,53,59,67,50,67
João Ferreira,18,185,65,76,775000,74,42,53,61,58,64,,,,,,,,,,,,,,,,,,,,,42,53,61,58,64
A. Gersbach,22,183,65,75,775000,80,36,55,62,61,69,,,,,,,,,,,,,,,,,,,,,36,55,62,61,69
C. Operi,22,183,65,75,775000,74,51,60,66,60,64,,,,,,,,,,,,,,,,,,,,,51,60,66,60,64
M. Simakan,19,187,65,75,775000,56,31,44,46,64,68,,,,,,,,,,,,,,,,,,,,,31,44,46,64,68
A. Taoui,17,179,65,75,775000,69,64,56,68,24,55,,,,,,,,,,,,,,,,,,,,,64,56,68,24,55
A. Rizzo,22,175,65,75,775000,80,47,58,67,60,61,,,,,,,,,,,,,,,,,,,,,47,58,67,60,61
M. Vera,23,170,65,74,775000,68,44,60,62,62,62,,,,,,,,,,,,,,,,,,,,,44,60,62,62,62
M. Andersen,21,194,65,74,775000,47,34,44,47,65,72,,,,,,,,,,,,,,,,,,,,,34,44,47,65,72
A. Ndom,23,188,65,74,775000,54,54,59,66,64,67,,,,,,,,,,,,,,,,,,,,,54,59,66,64,67
M. Leitsch,21,188,65,74,775000,69,37,53,56,64,69,,,,,,,,,,,,,,,,,,,,,37,53,56,64,69
Igor,21,185,65,74,775000,69,31,48,47,64,73,,,,,,,,,,,,,,,,,,,,,31,48,47,64,73
I. Marega,21,195,65,74,775000,43,35,53,53,62,80,,,,,,,,,,,,,,,,,,,,,35,53,53,62,80
H. Ouro-Sama,21,185,65,74,775000,65,30,46,48,65,65,,,,,,,,,,,,,,,,,,,,,30,46,48,65,65
F. Carstens,20,191,65,74,775000,56,27,42,43,63,73,,,,,,,,,,,,,,,,,,,,,27,42,43,63,73
S. Méndez,22,178,65,74,775000,68,58,62,60,63,63,,,,,,,,,,,,,,,,,,,,,58,62,60,63,63
D. Rodríguez,23,171,65,73,775000,69,60,65,67,50,55,,,,,,,,,,,,,,,,,,,,,60,65,67,50,55
J. Lindsay,23,183,65,73,775000,61,59,62,70,59,63,,,,,,,,,,,,,,,,,,,,,59,62,70,59,63
B. Stevenson,22,182,65,73,775000,70,60,65,64,54,52,,,,,,,,,,,,,,,,,,,,,60,65,64,54,52
S. Aloi,22,176,65,73,775000,78,56,64,68,60,61,,,,,,,,,,,,,,,,,,,,,56,64,68,60,61
Héctor,23,180,65,72,775000,67,64,51,66,31,51,,,,,,,,,,,,,,,,,,,,,64,51,66,31,51
J. Günther-Schmidt,24,183,65,72,775000,70,63,51,65,23,61,,,,,,,,,,,,,,,,,,,,,63,51,65,23,61
Sergio Buenacasa,23,182,65,72,775000,67,65,46,66,25,52,,,,,,,,,,,,,,,,,,,,,65,46,66,25,52
T. Nishimura,22,178,65,72,775000,76,65,57,67,22,65,,,,,,,,,,,,,,,,,,,,,65,57,67,22,65
Asier Benito,24,183,65,72,775000,72,64,54,65,28,56,,,,,,,,,,,,,,,,,,,,,64,54,65,28,56
M. Svensson,21,175,65,72,775000,80,59,59,67,30,46,,,,,,,,,,,,,,,,,,,,,59,59,67,30,46
C. Morra,24,185,65,72,775000,66,64,42,63,23,67,,,,,,,,,,,,,,,,,,,,,64,42,63,23,67
M. Nzola,22,185,65,72,775000,74,63,56,64,28,70,,,,,,,,,,,,,,,,,,,,,63,56,64,28,70
C. Kühlwetter,23,180,65,72,775000,69,63,52,61,32,70,,,,,,,,,,,,,,,,,,,,,63,52,61,32,70
Ruan Teles,21,172,65,72,775000,77,65,59,70,30,48,,,,,,,,,,,,,,,,,,,,,65,59,70,30,48
Álex Centelles,19,186,64,77,775000,66,48,65,66,59,65,,,,,,,,,,,,,,,,,,,,,48,65,66,59,65
C. Vidal,19,181,64,77,775000,54,32,41,45,67,58,,,,,,,,,,,,,,,,,,,,,32,41,45,67,58
M. Busi,19,181,64,77,775000,73,48,56,69,59,65,,,,,,,,,,,,,,,,,,,,,48,56,69,59,65
Baba Fernandes,19,188,64,77,775000,51,30,39,42,64,70,,,,,,,,,,,,,,,,,,,,,30,39,42,64,70
Dani Vivian,19,183,64,77,775000,58,36,47,47,63,66,,,,,,,,,,,,,,,,,,,,,36,47,47,63,66
A. Dobos,19,171,64,76,775000,72,62,65,68,22,46,,,,,,,,,,,,,,,,,,,,,62,65,68,22,46
O. Boussaid,19,166,64,76,775000,75,55,61,72,33,42,,,,,,,,,,,,,,,,,,,,,55,61,72,33,42
K. Wojtkowski,21,173,64,75,775000,79,57,62,69,38,57,,,,,,,,,,,,,,,,,,,,,57,62,69,38,57
J. Jones,21,177,64,75,775000,87,59,57,69,26,46,,,,,,,,,,,,,,,,,,,,,59,57,69,26,46
J. Lewis,22,171,64,75,775000,72,62,57,70,29,54,,,,,,,,,,,,,,,,,,,,,62,57,70,29,54
P. Sabbag,22,188,64,75,775000,55,64,44,58,32,66,,,,,,,,,,,,,,,,,,,,,64,44,58,32,66
C. D'Urso,21,178,64,75,775000,66,50,66,65,43,48,,,,,,,,,,,,,,,,,,,,,50,66,65,43,48
J. Eskesen,20,175,64,75,775000,75,50,60,67,55,55,,,,,,,,,,,,,,,,,,,,,50,60,67,55,55
E. Amenyido,21,180,64,75,775000,78,58,54,65,38,69,,,,,,,,,,,,,,,,,,,,,58,54,65,38,69
D. Lajud,20,176,64,75,775000,76,64,57,64,23,58,,,,,,,,,,,,,,,,,,,,,64,57,64,23,58
D. Fitz,20,175,64,75,775000,70,60,60,66,32,46,,,,,,,,,,,,,,,,,,,,,60,60,66,32,46
D. Osei Yaw,20,187,64,75,775000,79,62,53,66,33,58,,,,,,,,,,,,,,,,,,,,,62,53,66,33,58
Riki,21,175,64,75,775000,67,58,62,64,44,52,,,,,,,,,,,,,,,,,,,,,58,62,64,44,52
L. Štor,20,178,64,75,775000,80,60,54,67,30,61,,,,,,,,,,,,,,,,,,,,,60,54,67,30,61
D. Sikan,18,180,63,83,775000,74,64,42,62,19,50,,,,,,,,,,,,,,,,,,,,,64,42,62,19,50
D. Loader,18,182,63,81,775000,75,61,49,69,19,51,,,,,,,,,,,,,,,,,,,,,61,49,69,19,51
N. Umyarov,19,182,63,81,775000,64,45,61,61,62,58,,,,,,,,,,,,,,,,,,,,,45,61,61,62,58
O. Güçtekin,20,173,63,80,775000,58,45,64,66,59,52,,,,,,,,,,,,,,,,,,,,,45,64,66,59,52
G. Marsh,20,178,63,80,775000,61,44,58,57,61,62,,,,,,,,,,,,,,,,,,,,,44,58,57,61,62
F. Caligara,19,180,63,80,775000,55,52,61,63,60,60,,,,,,,,,,,,,,,,,,,,,52,61,63,60,60
M. Mampala,18,183,63,79,775000,76,59,52,62,33,61,,,,,,,,,,,,,,,,,,,,,59,52,62,33,61
E. Seçgin,19,180,63,79,775000,67,54,59,64,59,61,,,,,,,,,,,,,,,,,,,,,54,59,64,59,61
C. Styles,19,167,63,78,775000,67,57,60,67,53,57,,,,,,,,,,,,,,,,,,,,,57,60,67,53,57
N. Nartey,19,185,63,78,775000,66,45,60,69,48,58,,,,,,,,,,,,,,,,,,,,,45,60,69,48,58
P. Gueye,20,187,63,78,775000,64,42,56,58,61,70,,,,,,,,,,,,,,,,,,,,,42,56,58,61,70
M. Obafemi,18,169,63,78,775000,79,61,49,62,23,50,,,,,,,,,,,,,,,,,,,,,61,49,62,23,50
P. Will,20,185,63,78,775000,60,49,59,59,60,72,,,,,,,,,,,,,,,,,,,,,49,59,59,60,72
E. Le Fée,19,170,63,78,775000,64,50,64,68,49,41,,,,,,,,,,,,,,,,,,,,,50,64,68,49,41
M. Camara,19,175,63,77,775000,68,50,59,65,57,59,,,,,,,,,,,,,,,,,,,,,50,59,65,57,59
G. Gillet,35,186,71,71,750000,57,67,67,67,69,75,,,,,,,,,,,,,,,,,,,,,67,67,67,69,75
S. Motta,35,172,71,71,750000,62,66,76,72,62,64,,,,,,,,,,,,,,,,,,,,,66,76,72,62,64
A. Farnerud,35,182,70,70,750000,60,67,71,68,61,59,,,,,,,,,,,,,,,,,,,,,67,71,68,61,59
R. Robayo,35,183,70,70,750000,48,59,70,64,63,70,,,,,,,,,,,,,,,,,,,,,59,70,64,63,70
D. Pavlovic,31,183,69,69,750000,67,42,71,66,67,68,,,,,,,,,,,,,,,,,,,,,42,71,66,67,68
S. Pocognoli,31,182,69,69,750000,68,58,66,66,68,74,,,,,,,,,,,,,,,,,,,,,58,66,66,68,74
L. Wallace,31,185,69,69,750000,73,51,59,67,65,74,,,,,,,,,,,,,,,,,,,,,51,59,67,65,74
S. Logan,31,175,69,69,750000,77,49,63,69,66,71,,,,,,,,,,,,,,,,,,,,,49,63,69,66,71
V. Rüfli,31,180,69,69,750000,71,56,66,67,65,76,,,,,,,,,,,,,,,,,,,,,56,66,67,65,76
Sílvio,31,176,69,69,750000,67,56,66,67,69,65,,,,,,,,,,,,,,,,,,,,,56,66,67,69,65
M. Ciofani,31,183,69,69,750000,65,44,59,60,70,75,,,,,,,,,,,,,,,,,,,,,44,59,60,70,75
J. Morrow,31,175,69,69,750000,68,62,65,66,67,73,,,,,,,,,,,,,,,,,,,,,62,65,66,67,73
Jaimosa Cavaco,31,168,69,69,750000,75,63,52,56,66,51,,,,,,,,,,,,,,,,,,,,,63,52,56,66,51
Jonaldo Monteiro,31,179,69,69,750000,74,51,66,60,64,71,,,,,,,,,,,,,,,,,,,,,51,66,60,64,71
D. Marcq,30,182,68,68,750000,44,48,60,58,69,69,,,,,,,,,,,,,,,,,,,,,48,60,58,69,69
J. Mattock,29,181,68,68,750000,71,45,61,64,65,70,,,,,,,,,,,,,,,,,,,,,45,61,64,65,70
J. Spearing,30,171,68,68,750000,66,52,63,68,66,72,,,,,,,,,,,,,,,,,,,,,52,63,68,66,72
V. Anita,30,168,68,68,750000,69,51,65,70,64,63,,,,,,,,,,,,,,,,,,,,,51,65,70,64,63
J. Fontaine,30,177,68,68,750000,66,66,70,65,60,68,,,,,,,,,,,,,,,,,,,,,66,70,65,60,68
T. Smith,29,188,68,68,750000,56,32,53,49,66,78,,,,,,,,,,,,,,,,,,,,,32,53,49,66,78
T. Hiariej,30,178,68,68,750000,67,59,67,66,65,71,,,,,,,,,,,,,,,,,,,,,59,67,66,65,71
H. Rodríguez,29,184,68,68,750000,52,48,52,54,67,70,,,,,,,,,,,,,,,,,,,,,48,52,54,67,70
R. Tait,29,179,68,68,750000,76,40,59,62,62,78,,,,,,,,,,,,,,,,,,,,,40,59,62,62,78
B. Rymaniak,29,190,68,68,750000,71,42,58,61,66,81,,,,,,,,,,,,,,,,,,,,,42,58,61,66,81
M. Gaus,29,183,68,68,750000,81,61,61,64,61,78,,,,,,,,,,,,,,,,,,,,,61,61,64,61,78
Yu Yang,29,183,68,68,750000,64,25,42,47,66,76,,,,,,,,,,,,,,,,,,,,,25,42,47,66,76
Marc Mateu,29,180,68,68,750000,60,67,71,71,65,65,,,,,,,,,,,,,,,,,,,,,67,71,71,65,65
M. Saunier,29,182,68,68,750000,43,36,52,56,66,69,,,,,,,,,,,,,,,,,,,,,36,52,56,66,69
Isma López,29,179,68,68,750000,81,58,65,66,59,71,,,,,,,,,,,,,,,,,,,,,58,65,66,59,71
E. Demir,29,178,68,68,750000,72,50,68,70,64,65,,,,,,,,,,,,,,,,,,,,,50,68,70,64,65
Borja Granero,29,189,68,68,750000,63,61,58,56,65,76,,,,,,,,,,,,,,,,,,,,,61,58,56,65,76
D. Mohamed,30,182,68,68,750000,65,57,66,64,67,71,,,,,,,,,,,,,,,,,,,,,57,66,64,67,71
B. Röcker,29,197,68,68,750000,31,30,43,38,68,76,,,,,,,,,,,,,,,,,,,,,30,43,38,68,76
Y. Sané,29,191,68,68,750000,64,47,52,56,65,76,,,,,,,,,,,,,,,,,,,,,47,52,56,65,76
A. Mățel,29,175,68,68,750000,71,53,62,68,65,67,,,,,,,,,,,,,,,,,,,,,53,62,68,65,67
D. Buballa,29,187,68,68,750000,81,43,60,65,63,75,,,,,,,,,,,,,,,,,,,,,43,60,65,63,75
J. Arboleda,29,182,68,68,750000,78,40,62,65,64,72,,,,,,,,,,,,,,,,,,,,,40,62,65,64,72
R. Lindkvist,29,183,68,68,750000,91,55,64,63,59,71,,,,,,,,,,,,,,,,,,,,,55,64,63,59,71
J. Iglesias,30,171,68,68,750000,65,57,67,67,62,66,,,,,,,,,,,,,,,,,,,,,57,67,67,62,66
S. Sasaki,29,176,68,68,750000,70,31,53,66,67,67,,,,,,,,,,,,,,,,,,,,,31,53,66,67,67
D. Suzuki,29,182,68,68,750000,68,36,58,61,67,73,,,,,,,,,,,,,,,,,,,,,36,58,61,67,73
D. Hägele,30,186,68,68,750000,66,58,64,63,63,76,,,,,,,,,,,,,,,,,,,,,58,64,63,63,76
T. Aldred,28,188,67,68,750000,48,30,39,38,63,81,,,,,,,,,,,,,,,,,,,,,30,39,38,63,81
C. Shields,28,186,67,68,750000,46,55,60,58,64,79,,,,,,,,,,,,,,,,,,,,,55,60,58,64,79
R. Aya,28,184,67,68,750000,69,45,53,53,65,71,,,,,,,,,,,,,,,,,,,,,45,53,53,65,71
J. Cools,28,189,67,68,750000,50,52,64,56,68,70,,,,,,,,,,,,,,,,,,,,,52,64,56,68,70
S. Gallucci,28,180,67,68,750000,62,49,60,55,68,72,,,,,,,,,,,,,,,,,,,,,49,60,55,68,72
T. Leugers,28,184,67,68,750000,67,52,63,64,64,71,,,,,,,,,,,,,,,,,,,,,52,63,64,64,71
M. Deplagne,27,183,67,68,750000,51,28,62,48,69,73,,,,,,,,,,,,,,,,,,,,,28,62,48,69,73
R. Laursen,27,182,67,68,750000,84,36,57,62,59,66,,,,,,,,,,,,,,,,,,,,,36,57,62,59,66
A. Lazaar,27,184,67,68,750000,65,57,64,70,65,62,,,,,,,,,,,,,,,,,,,,,57,64,70,65,62
M. Endres,28,189,67,68,750000,51,27,48,39,65,72,,,,,,,,,,,,,,,,,,,,,27,48,39,65,72
Y. Boé-Kane,28,185,67,68,750000,59,43,58,58,66,73,,,,,,,,,,,,,,,,,,,,,43,58,58,66,73
B. Sweat,27,188,67,68,750000,69,43,64,66,66,69,,,,,,,,,,,,,,,,,,,,,43,64,66,66,69
A. Delamea,28,183,67,68,750000,56,32,48,56,66,70,,,,,,,,,,,,,,,,,,,,,32,48,56,66,70
F. Obilor,28,189,67,68,750000,74,23,36,43,66,78,,,,,,,,,,,,,,,,,,,,,23,36,43,66,78
K. Agard,29,176,67,67,750000,82,64,56,66,40,70,,,,,,,,,,,,,,,,,,,,,64,56,66,40,70
S. Wüthrich,29,178,67,67,750000,67,62,64,70,48,63,,,,,,,,,,,,,,,,,,,,,62,64,70,48,63
A. Nuhiu,29,197,67,67,750000,34,66,59,65,42,80,,,,,,,,,,,,,,,,,,,,,66,59,65,42,80
N. Gorobsov,29,179,67,67,750000,71,57,62,71,60,59,,,,,,,,,,,,,,,,,,,,,57,62,71,60,59
T. Taguchi,28,176,67,67,750000,72,55,65,68,52,66,,,,,,,,,,,,,,,,,,,,,55,65,68,52,66
M. Makuszewski,29,176,67,67,750000,87,61,62,65,44,65,,,,,,,,,,,,,,,,,,,,,61,62,65,44,65
Hernán,28,181,67,67,750000,53,60,64,65,65,71,,,,,,,,,,,,,,,,,,,,,60,64,65,65,71
Noguera,29,175,67,67,750000,74,61,68,69,57,38,,,,,,,,,,,,,,,,,,,,,61,68,69,57,38
Gerard Badía,29,175,67,67,750000,76,62,65,67,31,57,,,,,,,,,,,,,,,,,,,,,62,65,67,31,57
M. Lieder,29,188,67,67,750000,73,63,50,67,23,73,,,,,,,,,,,,,,,,,,,,,63,50,67,23,73
M. Saeid,28,170,67,67,750000,71,52,66,70,55,65,,,,,,,,,,,,,,,,,,,,,52,66,70,55,65
D. Nazarov,29,184,67,67,750000,77,67,64,70,32,64,,,,,,,,,,,,,,,,,,,,,67,64,70,32,64
S. Lex,29,178,67,67,750000,89,60,59,69,28,57,,,,,,,,,,,,,,,,,,,,,60,59,69,28,57
D. Vallejos,29,173,67,67,750000,70,66,58,64,33,72,,,,,,,,,,,,,,,,,,,,,66,58,64,33,72
J. Kauko,28,188,67,67,750000,61,60,59,63,64,83,,,,,,,,,,,,,,,,,,,,,60,59,63,64,83
M. Mirahmetjan,28,182,67,67,750000,67,63,68,64,65,64,,,,,,,,,,,,,,,,,,,,,63,68,64,65,64
G. Stewart,29,178,67,67,750000,74,65,66,71,30,61,,,,,,,,,,,,,,,,,,,,,65,66,71,30,61
A. Nalini,29,180,67,67,750000,69,63,61,70,26,56,,,,,,,,,,,,,,,,,,,,,63,61,70,26,56
T. D'Orazio,29,185,67,67,750000,74,62,61,68,59,66,,,,,,,,,,,,,,,,,,,,,62,61,68,59,66
F. Mercado,29,174,67,67,750000,67,67,50,68,22,59,,,,,,,,,,,,,,,,,,,,,67,50,68,22,59
H. Mita,28,173,67,67,750000,65,63,66,64,58,67,,,,,,,,,,,,,,,,,,,,,63,66,64,58,67
Ramon Lopes,29,185,67,67,750000,58,65,61,68,34,69,,,,,,,,,,,,,,,,,,,,,65,61,68,34,69
J. Opoku,29,187,67,67,750000,68,67,65,70,42,66,,,,,,,,,,,,,,,,,,,,,67,65,70,42,66
C. Andriamahitsinoro,29,176,67,67,750000,87,65,58,67,28,64,,,,,,,,,,,,,,,,,,,,,65,58,67,28,64
R. Blanco,29,163,67,67,750000,65,62,68,68,34,51,,,,,,,,,,,,,,,,,,,,,62,68,68,34,51
X. Mlambo,28,170,67,67,750000,71,50,69,69,54,55,,,,,,,,,,,,,,,,,,,,,50,69,69,54,55
G. Costa,29,171,67,67,750000,76,61,65,69,22,58,,,,,,,,,,,,,,,,,,,,,61,65,69,22,58
K. Suzuki,29,178,67,67,750000,67,68,53,64,23,61,,,,,,,,,,,,,,,,,,,,,68,53,64,23,61
N. Lavanchy,25,174,66,71,750000,80,60,61,66,59,63,,,,,,,,,,,,,,,,,,,,,60,61,66,59,63
C. Nelson,26,183,66,71,750000,70,36,51,56,62,82,,,,,,,,,,,,,,,,,,,,,36,51,56,62,82
M. Ødegaard,26,186,66,71,750000,59,27,50,52,67,71,,,,,,,,,,,,,,,,,,,,,27,50,52,67,71
J. Naismith,25,188,66,71,750000,79,47,59,61,61,78,,,,,,,,,,,,,,,,,,,,,47,59,61,61,78
T. Al Absi,26,177,66,71,750000,57,25,38,47,66,73,,,,,,,,,,,,,,,,,,,,,25,38,47,66,73
K. Pedersen,26,185,66,71,750000,58,36,49,50,66,73,,,,,,,,,,,,,,,,,,,,,36,49,50,66,73
L. Pavez Muñoz,23,173,66,71,750000,81,50,55,61,61,66,,,,,,,,,,,,,,,,,,,,,50,55,61,61,66
A. Lundqvist,25,175,66,71,750000,69,52,64,62,63,57,,,,,,,,,,,,,,,,,,,,,52,64,62,63,57
E. Gómez,25,176,66,71,750000,76,52,61,69,59,70,,,,,,,,,,,,,,,,,,,,,52,61,69,59,70
S. Filip,25,179,66,71,750000,72,50,58,58,61,79,,,,,,,,,,,,,,,,,,,,,50,58,58,61,79
A. Soto,24,180,66,71,750000,57,60,55,61,68,72,,,,,,,,,,,,,,,,,,,,,60,55,61,68,72
K. Koizumi,24,173,66,71,750000,78,48,54,55,63,66,,,,,,,,,,,,,,,,,,,,,48,54,55,63,66
Gustavo Cascardo,22,174,66,71,750000,82,45,56,67,62,60,,,,,,,,,,,,,,,,,,,,,45,56,67,62,60
Manu Sánchez,23,183,66,71,750000,73,34,52,61,64,60,,,,,,,,,,,,,,,,,,,,,34,52,61,64,60
A. Jackson,25,187,66,70,750000,51,30,41,53,65,65,,,,,,,,,,,,,,,,,,,,,30,41,53,65,65
A. Grant,25,191,66,70,750000,41,33,39,39,66,74,,,,,,,,,,,,,,,,,,,,,33,39,39,66,74
Derik,26,183,66,70,750000,69,42,57,61,64,72,,,,,,,,,,,,,,,,,,,,,42,57,61,64,72
M. Heylen,25,187,66,70,750000,49,37,55,46,66,69,,,,,,,,,,,,,,,,,,,,,37,55,46,66,69
D. Bakker,24,178,66,70,750000,59,55,63,66,64,69,,,,,,,,,,,,,,,,,,,,,55,63,66,64,69
E. Monthe,24,193,66,70,750000,65,40,47,49,63,78,,,,,,,,,,,,,,,,,,,,,40,47,49,63,78
I. Alba,24,175,66,70,750000,76,64,62,64,60,70,,,,,,,,,,,,,,,,,,,,,64,62,64,60,70
C. Flórez,24,180,66,70,750000,69,43,59,53,65,73,,,,,,,,,,,,,,,,,,,,,43,59,53,65,73
Marcelo Djaló,25,192,66,70,750000,41,30,30,42,65,74,,,,,,,,,,,,,,,,,,,,,30,30,42,65,74
Liao Lisheng,26,180,66,70,750000,67,59,67,64,65,61,,,,,,,,,,,,,,,,,,,,,59,67,64,65,61
G. Lloris,23,191,66,70,750000,46,36,49,50,66,67,,,,,,,,,,,,,,,,,,,,,36,49,50,66,67
P. Lemonnier,25,182,66,70,750000,60,28,40,49,66,70,,,,,,,,,,,,,,,,,,,,,28,40,49,66,70
E. Ekpolo,24,180,66,70,750000,76,37,57,64,61,78,,,,,,,,,,,,,,,,,,,,,37,57,64,61,78
J. Hendry,24,192,66,70,750000,71,33,51,61,64,73,,,,,,,,,,,,,,,,,,,,,33,51,61,64,73
R. Rebolledo,22,171,66,70,750000,73,26,54,64,63,65,,,,,,,,,,,,,,,,,,,,,26,54,64,63,65
S. Reese,25,180,66,70,750000,56,37,49,49,66,66,,,,,,,,,,,,,,,,,,,,,37,49,49,66,66
Hugo Gomes,24,187,66,70,750000,58,28,45,42,65,70,,,,,,,,,,,,,,,,,,,,,28,45,42,65,70
A. Gasbarro,24,182,66,70,750000,72,31,48,62,62,74,,,,,,,,,,,,,,,,,,,,,31,48,62,62,74
Jesiel,25,186,66,70,750000,54,30,44,43,67,69,,,,,,,,,,,,,,,,,,,,,30,44,43,67,69
L. Crepulja,25,178,66,70,750000,66,57,62,66,62,69,,,,,,,,,,,,,,,,,,,,,57,62,66,62,69
Kim Min Tae,25,187,66,70,750000,71,35,58,54,64,74,,,,,,,,,,,,,,,,,,,,,35,58,54,64,74
Pité,24,189,66,70,750000,58,52,60,68,65,68,,,,,,,,,,,,,,,,,,,,,52,60,68,65,68
Pablo Larrea,25,175,66,70,750000,60,58,63,66,61,60,,,,,,,,,,,,,,,,,,,,,58,63,66,61,60
A. Absalem,22,175,66,70,750000,75,34,49,64,65,62,,,,,,,,,,,,,,,,,,,,,34,49,64,65,62
B. Boulahroud,26,176,66,70,750000,71,58,64,65,64,59,,,,,,,,,,,,,,,,,,,,,58,64,65,64,59
M. Barać,24,190,66,70,750000,57,49,51,51,63,78,,,,,,,,,,,,,,,,,,,,,49,51,51,63,78
J. Bachmann,23,190,66,69,750000,52,45,56,55,66,79,,,,,,,,,,,,,,,,,,,,,45,56,55,66,79
S. Ugarković,24,187,66,69,750000,71,45,58,65,64,72,,,,,,,,,,,,,,,,,,,,,45,58,65,64,72
Luis Felipe,23,185,66,69,750000,60,45,57,60,63,68,,,,,,,,,,,,,,,,,,,,,45,57,60,63,68
Guarrotxena,26,175,66,67,750000,75,64,62,66,51,72,,,,,,,,,,,,,,,,,,,,,64,62,66,51,72
H. Hansson,26,182,66,67,750000,76,65,63,67,47,73,,,,,,,,,,,,,,,,,,,,,65,63,67,47,73
D. De Belder,27,182,66,67,750000,66,67,60,62,36,69,,,,,,,,,,,,,,,,,,,,,67,60,62,36,69
S. Kroon,26,183,66,67,750000,87,58,58,67,41,60,,,,,,,,,,,,,,,,,,,,,58,58,67,41,60
Z. Tripić,26,182,66,67,750000,75,64,63,68,40,72,,,,,,,,,,,,,,,,,,,,,64,63,68,40,72
M. Busellato,26,174,66,67,750000,73,52,63,68,61,76,,,,,,,,,,,,,,,,,,,,,52,63,68,61,76
G. De Luca,27,168,66,67,750000,90,66,59,71,19,56,,,,,,,,,,,,,,,,,,,,,66,59,71,19,56
F. Diarra,27,178,66,67,750000,77,66,54,65,29,68,,,,,,,,,,,,,,,,,,,,,66,54,65,29,68
P. Frick,27,182,66,67,750000,73,62,56,58,36,82,,,,,,,,,,,,,,,,,,,,,62,56,58,36,82
P. González,26,174,66,67,750000,68,58,66,64,63,71,,,,,,,,,,,,,,,,,,,,,58,66,64,63,71
Pablo Valcarce,26,172,66,67,750000,75,63,61,67,50,65,,,,,,,,,,,,,,,,,,,,,63,61,67,50,65
S. Lizana,26,163,66,67,750000,74,58,54,72,41,58,,,,,,,,,,,,,,,,,,,,,58,54,72,41,58
C. Rivas,27,170,66,67,750000,82,65,66,71,26,52,,,,,,,,,,,,,,,,,,,,,65,66,71,26,52
T. Akindele,27,185,66,67,750000,81,63,51,64,27,68,,,,,,,,,,,,,,,,,,,,,63,51,64,27,68
L. Berry,26,177,66,67,750000,67,62,64,66,59,68,,,,,,,,,,,,,,,,,,,,,62,64,66,59,68
Lukian,27,182,66,67,750000,77,64,52,64,21,70,,,,,,,,,,,,,,,,,,,,,64,52,64,21,70
D. Vega,26,178,66,67,750000,81,60,58,69,34,53,,,,,,,,,,,,,,,,,,,,,60,58,69,34,53
J. Leiva,25,180,66,67,750000,74,62,66,69,41,58,,,,,,,,,,,,,,,,,,,,,62,66,69,41,58
L. Strizzolo,27,188,66,67,750000,71,65,47,56,31,71,,,,,,,,,,,,,,,,,,,,,65,47,56,31,71
N. Butzen,26,179,66,67,750000,79,48,60,67,58,69,,,,,,,,,,,,,,,,,,,,,48,60,67,58,69
D. Gomis,26,173,66,67,750000,71,60,61,68,38,52,,,,,,,,,,,,,,,,,,,,,60,61,68,38,52
F. Viteritti,26,174,66,67,750000,80,64,61,69,35,62,,,,,,,,,,,,,,,,,,,,,64,61,69,35,62
S. Pittman,26,176,66,67,750000,76,63,62,68,56,62,,,,,,,,,,,,,,,,,,,,,63,62,68,56,62
S. Miakushko,26,170,66,67,750000,74,56,62,68,41,47,,,,,,,,,,,,,,,,,,,,,56,62,68,41,47
B. Cargill,23,189,65,74,750000,58,30,57,57,65,67,,,,,,,,,,,,,,,,,,,,,30,57,57,65,67
Óscar Gil,24,184,65,74,750000,39,43,56,49,64,67,,,,,,,,,,,,,,,,,,,,,43,56,49,64,67
J. Bree,21,178,65,74,750000,69,40,59,61,63,65,,,,,,,,,,,,,,,,,,,,,40,59,61,63,65
J. Williams,23,183,65,74,750000,57,42,59,58,63,69,,,,,,,,,,,,,,,,,,,,,42,59,58,63,69
N. Castrillón,23,180,65,74,750000,69,29,47,54,63,69,,,,,,,,,,,,,,,,,,,,,29,47,54,63,69
R. Lauritsen,23,189,65,74,750000,62,33,53,50,63,71,,,,,,,,,,,,,,,,,,,,,33,53,50,63,71
Gao Zhunyi,23,186,65,74,750000,69,49,60,57,63,71,,,,,,,,,,,,,,,,,,,,,49,60,57,63,71
K. Pestka,20,187,65,74,750000,74,25,59,59,62,60,,,,,,,,,,,,,,,,,,,,,25,59,59,62,60
M. Munetsi,23,187,65,74,750000,65,38,52,49,67,62,,,,,,,,,,,,,,,,,,,,,38,52,49,67,62
I. Drešević,22,186,65,74,750000,55,43,57,60,62,68,,,,,,,,,,,,,,,,,,,,,43,57,60,62,68
T. De Smet,21,183,65,74,750000,68,47,55,57,65,66,,,,,,,,,,,,,,,,,,,,,47,55,57,65,66
J. Pendant,22,177,65,74,750000,68,32,55,58,65,63,,,,,,,,,,,,,,,,,,,,,32,55,58,65,63
Glauder,23,184,65,74,750000,71,35,49,59,65,74,,,,,,,,,,,,,,,,,,,,,35,49,59,65,74
J. Serrano,21,180,65,74,750000,69,37,55,61,65,55,,,,,,,,,,,,,,,,,,,,,37,55,61,65,55
G. Risso Patrón,23,179,65,74,750000,71,37,52,61,64,60,,,,,,,,,,,,,,,,,,,,,37,52,61,64,60
E. Andersson,23,178,65,72,750000,61,52,67,68,50,59,,,,,,,,,,,,,,,,,,,,,52,67,68,50,59
M. Pepić,23,178,65,72,750000,68,55,64,70,59,64,,,,,,,,,,,,,,,,,,,,,55,64,70,59,64
F. Di Mariano,23,177,65,72,750000,71,57,59,70,30,47,,,,,,,,,,,,,,,,,,,,,57,59,70,30,47
L. Chávez,23,177,65,72,750000,71,61,66,69,58,50,,,,,,,,,,,,,,,,,,,,,61,66,69,58,50
L. Kinsella,23,175,65,72,750000,74,53,61,65,65,77,,,,,,,,,,,,,,,,,,,,,53,61,65,65,77
M. Cardona,23,183,65,72,750000,67,57,65,66,34,65,,,,,,,,,,,,,,,,,,,,,57,65,66,34,65
He Chao,24,178,65,72,750000,60,43,66,61,68,74,,,,,,,,,,,,,,,,,,,,,43,66,61,68,74
M. Latour,23,175,65,72,750000,75,58,58,68,28,44,,,,,,,,,,,,,,,,,,,,,58,58,68,28,44
G. Castrovilli,22,179,65,72,750000,70,55,65,70,47,40,,,,,,,,,,,,,,,,,,,,,55,65,70,47,40
C. Colkett,22,176,65,72,750000,62,52,69,65,57,62,,,,,,,,,,,,,,,,,,,,,52,69,65,57,62
B. Barry,23,182,65,72,750000,76,53,60,71,39,49,,,,,,,,,,,,,,,,,,,,,53,60,71,39,49
R. Amin,23,179,65,72,750000,45,51,64,66,56,70,,,,,,,,,,,,,,,,,,,,,51,64,66,56,70
L. Putaro,22,187,65,72,750000,69,64,57,68,39,64,,,,,,,,,,,,,,,,,,,,,64,57,68,39,64
M. Ali,21,185,65,72,750000,63,52,60,64,57,64,,,,,,,,,,,,,,,,,,,,,52,60,64,57,64
R. Moise,23,175,65,72,750000,69,59,58,64,50,68,,,,,,,,,,,,,,,,,,,,,59,58,64,50,68
Guridi,24,179,65,72,750000,58,58,61,66,52,34,,,,,,,,,,,,,,,,,,,,,58,61,66,52,34
S. Ahannach,23,173,65,72,750000,71,61,60,70,38,52,,,,,,,,,,,,,,,,,,,,,61,60,70,38,52
M. Costly,23,183,65,72,750000,82,50,58,66,57,63,,,,,,,,,,,,,,,,,,,,,50,58,66,57,63
R. Kapić,23,179,65,72,750000,67,49,62,63,57,62,,,,,,,,,,,,,,,,,,,,,49,62,63,57,62
Y. Ibrahimaj,23,178,65,72,750000,78,59,65,67,52,63,,,,,,,,,,,,,,,,,,,,,59,65,67,52,63
M. Castro,23,172,65,72,750000,69,63,66,65,49,59,,,,,,,,,,,,,,,,,,,,,63,66,65,49,59
E. Lombardo,22,174,65,72,750000,73,57,65,68,35,45,,,,,,,,,,,,,,,,,,,,,57,65,68,35,45
S. Tarashaj,24,176,65,71,750000,74,62,60,66,27,63,,,,,,,,,,,,,,,,,,,,,62,60,66,27,63
J. Hiwula,24,178,65,71,750000,81,62,54,65,29,58,,,,,,,,,,,,,,,,,,,,,62,54,65,29,58
A. Tahiri,24,179,65,71,750000,70,56,65,69,39,42,,,,,,,,,,,,,,,,,,,,,56,65,69,39,42
J. Hamilton,23,183,65,71,750000,77,61,46,60,25,69,,,,,,,,,,,,,,,,,,,,,61,46,60,25,69
J. Pohl,23,183,65,71,750000,87,58,53,63,37,72,,,,,,,,,,,,,,,,,,,,,58,53,63,37,72
Y. Rahmani,24,179,65,71,750000,72,58,62,68,31,46,,,,,,,,,,,,,,,,,,,,,58,62,68,31,46
T. Agyepong,23,170,65,71,750000,87,53,57,68,32,59,,,,,,,,,,,,,,,,,,,,,53,57,68,32,59
M. Hilßner,24,183,65,71,750000,66,67,65,63,34,68,,,,,,,,,,,,,,,,,,,,,67,65,63,34,68
Isi,24,169,65,71,750000,81,64,56,66,34,59,,,,,,,,,,,,,,,,,,,,,64,56,66,34,59
Na Sang Ho,22,173,65,71,750000,71,65,48,64,31,67,,,,,,,,,,,,,,,,,,,,,65,48,64,31,67
R. Scheu,24,178,65,71,750000,85,54,57,61,47,72,,,,,,,,,,,,,,,,,,,,,54,57,61,47,72
B. Kraev,22,185,65,71,750000,68,61,62,66,41,59,,,,,,,,,,,,,,,,,,,,,61,62,66,41,59
Joca,23,168,65,71,750000,67,52,60,73,34,37,,,,,,,,,,,,,,,,,,,,,52,60,73,34,37
R. Taylor,24,183,65,71,750000,79,64,60,65,53,69,,,,,,,,,,,,,,,,,,,,,64,60,65,53,69
N. Sessa,23,172,65,71,750000,77,58,60,71,33,50,,,,,,,,,,,,,,,,,,,,,58,60,71,33,50
M. Kolar,24,185,65,71,750000,70,64,49,64,23,62,,,,,,,,,,,,,,,,,,,,,64,49,64,23,62
A. Lotti,23,179,65,71,750000,76,63,50,67,25,54,,,,,,,,,,,,,,,,,,,,,63,50,67,25,54
Isma Cerro,23,178,65,71,750000,71,60,61,68,26,57,,,,,,,,,,,,,,,,,,,,,60,61,68,26,57
F. Castro,24,178,65,71,750000,72,67,58,68,28,45,,,,,,,,,,,,,,,,,,,,,67,58,68,28,45
A. Abdu,22,177,65,71,750000,69,66,47,62,20,56,,,,,,,,,,,,,,,,,,,,,66,47,62,20,56
S. Gassama,24,190,65,71,750000,60,67,47,59,32,69,,,,,,,,,,,,,,,,,,,,,67,47,59,32,69
A. Traoré,24,177,65,71,750000,84,60,55,68,17,50,,,,,,,,,,,,,,,,,,,,,60,55,68,17,50
W. Togui,22,181,65,71,750000,77,66,49,60,21,68,,,,,,,,,,,,,,,,,,,,,66,49,60,21,68
S. Weissman,23,174,65,71,750000,77,65,53,72,22,52,,,,,,,,,,,,,,,,,,,,,65,53,72,22,52
Mathiola,21,180,65,71,750000,62,54,62,71,35,50,,,,,,,,,,,,,,,,,,,,,54,62,71,35,50
R. Poole,21,184,64,76,750000,67,31,55,58,61,70,,,,,,,,,,,,,,,,,,,,,31,55,58,61,70
O. Gonzalez,21,184,64,76,750000,62,28,34,50,62,72,,,,,,,,,,,,,,,,,,,,,28,34,50,62,72
S. Wharton,21,192,64,76,750000,58,29,44,51,62,71,,,,,,,,,,,,,,,,,,,,,29,44,51,62,71
D. Anyembe,20,189,64,76,750000,84,45,57,66,57,64,,,,,,,,,,,,,,,,,,,,,45,57,66,57,64
Luís Silva,20,184,64,76,750000,64,35,46,51,62,66,,,,,,,,,,,,,,,,,,,,,35,46,51,62,66
F. Bersano,21,163,64,76,750000,77,31,49,63,63,50,,,,,,,,,,,,,,,,,,,,,31,49,63,63,50
C. Sickinger,21,183,64,76,750000,66,47,56,57,61,69,,,,,,,,,,,,,,,,,,,,,47,56,57,61,69
Carlos Isaac,21,184,64,76,750000,63,28,48,56,64,62,,,,,,,,,,,,,,,,,,,,,28,48,56,64,62
B. Slisz,20,179,64,76,750000,67,38,58,57,60,70,,,,,,,,,,,,,,,,,,,,,38,58,57,60,70
Ibañez,20,186,64,76,750000,59,32,36,40,66,64,,,,,,,,,,,,,,,,,,,,,32,36,40,66,64
Luquinha,18,167,64,76,750000,75,54,61,71,31,44,,,,,,,,,,,,,,,,,,,,,54,61,71,31,44
D. Barlaser,22,184,64,75,750000,54,57,64,64,51,47,,,,,,,,,,,,,,,,,,,,,57,64,64,51,47
R. Lucena,22,167,64,75,750000,68,56,61,65,57,58,,,,,,,,,,,,,,,,,,,,,56,61,65,57,58
O. Pikhalyonok,22,174,64,75,750000,66,52,61,62,48,54,,,,,,,,,,,,,,,,,,,,,52,61,62,48,54
Jaume,22,182,64,75,750000,62,47,61,64,59,59,,,,,,,,,,,,,,,,,,,,,47,61,64,59,59
André Almeida,19,174,64,75,750000,61,56,60,68,53,57,,,,,,,,,,,,,,,,,,,,,56,60,68,53,57
G. Scamacca,20,195,64,74,750000,51,65,49,63,34,64,,,,,,,,,,,,,,,,,,,,,65,49,63,34,64
R. Kolo-Muani,20,187,64,74,750000,66,63,49,65,26,52,,,,,,,,,,,,,,,,,,,,,63,49,65,26,52
D. Wenzel-Halls,21,175,64,74,750000,80,64,48,64,24,56,,,,,,,,,,,,,,,,,,,,,64,48,64,24,56
M. Akçay,21,182,64,74,750000,68,64,50,64,19,55,,,,,,,,,,,,,,,,,,,,,64,50,64,19,55
I. Botella,20,181,64,74,750000,67,63,44,58,20,66,,,,,,,,,,,,,,,,,,,,,63,44,58,20,66
K. Nakamura,18,180,63,81,750000,76,54,53,71,31,64,,,,,,,,,,,,,,,,,,,,,54,53,71,31,64
O. Batista Meier,18,178,63,81,750000,75,61,50,73,29,42,,,,,,,,,,,,,,,,,,,,,61,50,73,29,42
L. Dajaku,18,180,63,81,750000,70,61,53,68,21,54,,,,,,,,,,,,,,,,,,,,,61,53,68,21,54
S. Keita,18,174,63,81,750000,72,56,58,64,24,45,,,,,,,,,,,,,,,,,,,,,56,58,64,24,45
Unai Vencedor,18,176,63,81,750000,66,56,64,65,54,62,,,,,,,,,,,,,,,,,,,,,56,64,65,54,62
E. Dina Ebimbe,18,183,63,81,750000,73,46,62,64,58,70,,,,,,,,,,,,,,,,,,,,,46,62,64,58,70
T. Puchacz,20,180,63,80,750000,83,46,54,62,59,66,,,,,,,,,,,,,,,,,,,,,46,54,62,59,66
M. Lacroix,19,190,63,80,750000,69,29,38,40,61,72,,,,,,,,,,,,,,,,,,,,,29,38,40,61,72
D. Bettella,19,185,63,80,750000,51,25,38,47,64,58,,,,,,,,,,,,,,,,,,,,,25,38,47,64,58
E. Herrera,20,172,63,79,750000,76,47,53,63,58,60,,,,,,,,,,,,,,,,,,,,,47,53,63,58,60
V. Burgoa,18,175,63,79,750000,68,56,57,68,59,57,,,,,,,,,,,,,,,,,,,,,56,57,68,59,57
A. Reyes,19,184,63,79,750000,68,30,38,45,62,75,,,,,,,,,,,,,,,,,,,,,30,38,45,62,75
J. Bamert,21,183,63,78,750000,56,27,45,50,63,67,,,,,,,,,,,,,,,,,,,,,27,45,50,63,67
Y. Güveli,21,194,63,78,750000,50,31,40,39,63,71,,,,,,,,,,,,,,,,,,,,,31,40,39,63,71
S. Barreto,20,184,63,78,750000,58,29,40,45,62,64,,,,,,,,,,,,,,,,,,,,,29,40,45,62,64
A. Rizzo,20,180,63,78,750000,81,55,60,64,58,57,,,,,,,,,,,,,,,,,,,,,55,60,64,58,57
Clemente,20,180,63,78,750000,58,31,49,45,63,64,,,,,,,,,,,,,,,,,,,,,31,49,45,63,64
T. Cissokho,19,200,63,78,750000,54,33,35,35,63,72,,,,,,,,,,,,,,,,,,,,,33,35,35,63,72
A. Pelmard,19,179,63,78,750000,73,33,52,53,63,58,,,,,,,,,,,,,,,,,,,,,33,52,53,63,58
A. Phliponeau,19,176,63,78,750000,57,43,63,60,60,54,,,,,,,,,,,,,,,,,,,,,43,63,60,60,54
C. Brittain,21,181,63,77,750000,78,49,57,65,57,62,,,,,,,,,,,,,,,,,,,,,49,57,65,57,62
M. Nani,21,189,63,77,750000,60,31,41,49,62,69,,,,,,,,,,,,,,,,,,,,,31,41,49,62,69
A. Bamba,19,183,63,77,750000,54,33,48,52,61,67,,,,,,,,,,,,,,,,,,,,,33,48,52,61,67
N. Stierlin,19,182,63,77,750000,62,55,57,56,60,69,,,,,,,,,,,,,,,,,,,,,55,57,56,60,69
V. Screciu,19,170,63,77,750000,64,34,57,56,63,57,,,,,,,,,,,,,,,,,,,,,34,57,56,63,57
E. Frederiksen,18,178,63,77,750000,73,52,61,70,39,45,,,,,,,,,,,,,,,,,,,,,52,61,70,39,45
M. Herrera,20,180,63,77,750000,64,32,48,64,64,60,,,,,,,,,,,,,,,,,,,,,32,48,64,64,60
B. Ojeda,19,172,63,77,750000,74,53,56,64,59,63,,,,,,,,,,,,,,,,,,,,,53,56,64,59,63
K. Koné,18,186,63,77,750000,72,44,58,69,54,58,,,,,,,,,,,,,,,,,,,,,44,58,69,54,58
S. Kavrazlı,17,178,63,77,750000,66,63,50,61,21,55,,,,,,,,,,,,,,,,,,,,,63,50,61,21,55
N. Colombo,20,180,63,77,750000,61,39,44,46,61,63,,,,,,,,,,,,,,,,,,,,,39,44,46,61,63
M. Angeleri,36,183,73,73,725000,61,49,64,58,76,77,,,,,,,,,,,,,,,,,,,,,49,64,58,76,77
A. Turan,35,186,71,71,725000,32,37,56,55,72,64,,,,,,,,,,,,,,,,,,,,,37,56,55,72,64
M. Stefani,35,180,71,71,725000,60,43,53,49,72,69,,,,,,,,,,,,,,,,,,,,,43,53,49,72,69
M. Caligiuri,35,180,71,71,725000,51,56,64,65,70,70,,,,,,,,,,,,,,,,,,,,,56,64,65,70,70
C. Săpunaru,35,187,71,71,725000,55,67,64,66,68,76,,,,,,,,,,,,,,,,,,,,,67,64,66,68,76
Pombaxinho,35,191,71,71,725000,52,45,56,48,73,69,,,,,,,,,,,,,,,,,,,,,45,56,48,73,69
Heitinho Zanon,35,187,71,71,725000,61,34,47,39,70,76,,,,,,,,,,,,,,,,,,,,,34,47,39,70,76
Oriol Riera,32,184,68,68,725000,65,67,58,63,39,71,,,,,,,,,,,,,,,,,,,,,67,58,63,39,71
C. Kazim-Richards,32,187,68,68,725000,60,69,66,63,34,79,,,,,,,,,,,,,,,,,,,,,69,66,63,34,79
J. Sainati,30,183,68,68,725000,68,31,53,45,65,80,,,,,,,,,,,,,,,,,,,,,31,53,45,65,80
L. Nestor,30,179,68,68,725000,60,40,55,49,67,73,,,,,,,,,,,,,,,,,,,,,40,55,49,67,73
M. Sadlok,30,186,68,68,725000,77,56,62,62,66,77,,,,,,,,,,,,,,,,,,,,,56,62,62,66,77
E. Hovland,30,191,68,68,725000,59,25,46,43,66,75,,,,,,,,,,,,,,,,,,,,,25,46,43,66,75
N. Vidrio,30,183,68,68,725000,53,48,59,59,67,72,,,,,,,,,,,,,,,,,,,,,48,59,59,67,72
N. Backman,30,186,68,68,725000,53,50,50,51,68,71,,,,,,,,,,,,,,,,,,,,,50,50,51,68,71
Borja Viguera,32,184,68,68,725000,67,68,59,67,29,64,,,,,,,,,,,,,,,,,,,,,68,59,67,29,64
J. Raitala,30,181,68,68,725000,61,47,65,64,66,73,,,,,,,,,,,,,,,,,,,,,47,65,64,66,73
D. Ulvestad,30,189,68,68,725000,41,45,46,44,67,74,,,,,,,,,,,,,,,,,,,,,45,46,44,67,74
M. Wittek,30,193,68,68,725000,58,43,40,43,68,77,,,,,,,,,,,,,,,,,,,,,43,40,43,68,77
Deivid,30,188,68,68,725000,56,39,57,63,66,73,,,,,,,,,,,,,,,,,,,,,39,57,63,66,73
D. Cvetinović,30,186,68,68,725000,61,46,54,56,66,78,,,,,,,,,,,,,,,,,,,,,46,54,56,66,78
N. Proschwitz,32,192,68,68,725000,42,69,52,55,28,80,,,,,,,,,,,,,,,,,,,,,69,52,55,28,80
J. Anibaba,30,183,68,68,725000,58,44,55,53,67,74,,,,,,,,,,,,,,,,,,,,,44,55,53,67,74
Kim Oh Gyu,30,183,68,68,725000,72,41,60,44,65,80,,,,,,,,,,,,,,,,,,,,,41,60,44,65,80
B. Romo,30,186,68,68,725000,51,28,46,47,66,78,,,,,,,,,,,,,,,,,,,,,28,46,47,66,78
F. Gardoș,30,193,68,68,725000,34,49,52,54,67,75,,,,,,,,,,,,,,,,,,,,,49,52,54,67,75
H. Pertuz,30,183,68,68,725000,53,26,46,39,67,74,,,,,,,,,,,,,,,,,,,,,26,46,39,67,74
S. Nachreiner,30,187,68,68,725000,40,23,37,37,69,72,,,,,,,,,,,,,,,,,,,,,23,37,37,69,72
M. Modolo,30,186,68,68,725000,67,45,49,49,65,80,,,,,,,,,,,,,,,,,,,,,45,49,49,65,80
M. Herrera,30,183,68,68,725000,55,36,46,50,68,66,,,,,,,,,,,,,,,,,,,,,36,46,50,68,66
A. Rolin,30,186,68,68,725000,56,28,36,48,67,69,,,,,,,,,,,,,,,,,,,,,28,36,48,67,69
F. Torijano,30,182,68,68,725000,65,33,48,47,67,71,,,,,,,,,,,,,,,,,,,,,33,48,47,67,71
J. López,30,194,68,68,725000,33,39,37,40,68,80,,,,,,,,,,,,,,,,,,,,,39,37,40,68,80
J. Duque,32,183,68,68,725000,67,67,55,67,26,69,,,,,,,,,,,,,,,,,,,,,67,55,67,26,69
N. Valentini,30,184,68,68,725000,46,29,42,54,67,74,,,,,,,,,,,,,,,,,,,,,29,42,54,67,74
Ren Hang,30,185,68,68,725000,70,49,59,60,66,75,,,,,,,,,,,,,,,,,,,,,49,59,60,66,75
Gonzalo Verdú,30,185,68,68,725000,60,48,53,56,68,75,,,,,,,,,,,,,,,,,,,,,48,53,56,68,75
J. Nation,29,188,67,68,725000,51,33,48,48,64,75,,,,,,,,,,,,,,,,,,,,,33,48,48,64,75
D. Fällman,29,187,67,68,725000,53,29,41,42,66,72,,,,,,,,,,,,,,,,,,,,,29,41,42,66,72
T. Pettersson,29,190,67,68,725000,52,53,56,57,63,79,,,,,,,,,,,,,,,,,,,,,53,56,57,63,79
M. Miers,29,185,67,68,725000,58,34,42,43,69,64,,,,,,,,,,,,,,,,,,,,,34,42,43,69,64
J. Vaughan,30,182,67,67,725000,73,66,53,64,44,72,,,,,,,,,,,,,,,,,,,,,66,53,64,44,72
C. Maguire,30,170,67,67,725000,73,67,64,67,40,72,,,,,,,,,,,,,,,,,,,,,67,64,67,40,72
S. Baldock,30,170,67,67,725000,73,66,53,68,36,61,,,,,,,,,,,,,,,,,,,,,66,53,68,36,61
L. Akins,30,185,67,67,725000,74,66,59,66,59,78,,,,,,,,,,,,,,,,,,,,,66,59,66,59,78
E. Knudtzon,30,178,67,67,725000,92,62,57,67,45,69,,,,,,,,,,,,,,,,,,,,,62,57,67,45,69
C. Martin,30,185,67,67,725000,42,68,57,61,42,73,,,,,,,,,,,,,,,,,,,,,68,57,61,42,73
T. Høiland,30,177,67,67,725000,81,65,51,67,33,74,,,,,,,,,,,,,,,,,,,,,65,51,67,33,74
C. Evans,30,183,67,67,725000,61,68,54,60,39,72,,,,,,,,,,,,,,,,,,,,,68,54,60,39,72
K. Yoda,30,182,67,67,725000,82,63,61,70,52,61,,,,,,,,,,,,,,,,,,,,,63,61,70,52,61
Z. Ondrášek,30,185,67,67,725000,67,64,52,58,32,81,,,,,,,,,,,,,,,,,,,,,64,52,58,32,81
F. Di Tacchio,29,186,67,67,725000,56,50,58,58,64,86,,,,,,,,,,,,,,,,,,,,,50,58,58,64,86
S. Kurata,30,172,67,67,725000,51,65,67,70,59,63,,,,,,,,,,,,,,,,,,,,,65,67,70,59,63
H. Milić,30,183,67,67,725000,68,53,66,71,66,61,,,,,,,,,,,,,,,,,,,,,53,66,71,66,61
F. Berenguer,30,182,67,67,725000,80,63,64,67,48,65,,,,,,,,,,,,,,,,,,,,,63,64,67,48,65
J. Tinhan,30,178,67,67,725000,76,65,58,69,36,63,,,,,,,,,,,,,,,,,,,,,65,58,69,36,63
R. Grange,30,177,67,67,725000,72,67,67,66,33,60,,,,,,,,,,,,,,,,,,,,,67,67,66,33,60
R. Bocalon,30,186,67,67,725000,73,65,46,64,36,64,,,,,,,,,,,,,,,,,,,,,65,46,64,36,64
M. Jonckheere,29,177,67,67,725000,48,59,68,67,60,56,,,,,,,,,,,,,,,,,,,,,59,68,67,60,56
S. Schipplock,30,186,67,67,725000,67,64,57,62,39,78,,,,,,,,,,,,,,,,,,,,,64,57,62,39,78
M. Fetsch,30,189,67,67,725000,58,61,52,57,39,76,,,,,,,,,,,,,,,,,,,,,61,52,57,39,76
Cerrajería,30,185,67,67,725000,65,55,67,65,43,64,,,,,,,,,,,,,,,,,,,,,55,67,65,43,64
L. Silva,30,182,67,67,725000,64,69,65,66,49,69,,,,,,,,,,,,,,,,,,,,,69,65,66,49,69
Cassiano,30,184,67,67,725000,66,66,50,61,23,61,,,,,,,,,,,,,,,,,,,,,66,50,61,23,61
F. Godoy,29,174,67,67,725000,63,57,63,63,64,68,,,,,,,,,,,,,,,,,,,,,57,63,63,64,68
K. Azamoum,29,178,67,67,725000,60,56,69,63,61,63,,,,,,,,,,,,,,,,,,,,,56,69,63,61,63
A. Vargas,30,170,67,67,725000,63,61,69,68,36,55,,,,,,,,,,,,,,,,,,,,,61,69,68,36,55
Piao Cheng,29,176,67,67,725000,73,59,66,69,59,69,,,,,,,,,,,,,,,,,,,,,59,66,69,59,69
J. Huentelaf,30,177,67,67,725000,83,65,60,68,28,66,,,,,,,,,,,,,,,,,,,,,65,60,68,28,66
Lu Wenjun,30,185,67,67,725000,77,64,56,66,30,67,,,,,,,,,,,,,,,,,,,,,64,56,66,30,67
T. Aoki,29,179,67,67,725000,70,57,64,63,65,76,,,,,,,,,,,,,,,,,,,,,57,64,63,65,76
S. Nagasawa,30,192,67,67,725000,42,69,48,61,29,66,,,,,,,,,,,,,,,,,,,,,69,48,61,29,66
M. Abdulrahman,30,173,67,67,725000,68,55,66,72,51,58,,,,,,,,,,,,,,,,,,,,,55,66,72,51,58
C. Martschinko,25,175,66,70,725000,80,54,56,68,63,73,,,,,,,,,,,,,,,,,,,,,54,56,68,63,73
J. Rafferty,25,184,66,70,725000,76,34,59,62,63,68,,,,,,,,,,,,,,,,,,,,,34,59,62,63,68
C. Mancilla,26,184,66,70,725000,65,43,41,51,65,73,,,,,,,,,,,,,,,,,,,,,43,41,51,65,73
J. Bandowski,25,190,66,70,725000,87,57,58,63,59,68,,,,,,,,,,,,,,,,,,,,,57,58,63,59,68
G. Paquiez,25,182,66,70,725000,71,43,60,58,64,68,,,,,,,,,,,,,,,,,,,,,43,60,58,64,68
N. Datković,26,189,66,70,725000,51,18,36,35,64,75,,,,,,,,,,,,,,,,,,,,,18,36,35,64,75
Kang Sang Woo,25,176,66,70,725000,79,60,59,65,64,55,,,,,,,,,,,,,,,,,,,,,60,59,65,64,55
He Guan,26,181,66,70,725000,59,30,38,37,68,69,,,,,,,,,,,,,,,,,,,,,30,38,37,68,69
F. Belli,25,179,66,70,725000,79,34,53,57,62,63,,,,,,,,,,,,,,,,,,,,,34,53,57,62,63
D. Widgren,25,180,66,70,725000,68,45,67,63,62,65,,,,,,,,,,,,,,,,,,,,,45,67,63,62,65
Vitor Costa,25,182,66,70,725000,71,56,60,64,63,66,,,,,,,,,,,,,,,,,,,,,56,60,64,63,66
D. Schmidt,26,183,66,70,725000,65,37,41,53,66,70,,,,,,,,,,,,,,,,,,,,,37,41,53,66,70
P. Kurzweg,25,180,66,70,725000,82,47,64,66,57,71,,,,,,,,,,,,,,,,,,,,,47,64,66,57,71
V. Kovačević,26,190,66,70,725000,54,24,42,38,65,71,,,,,,,,,,,,,,,,,,,,,24,42,38,65,71
Son,25,178,66,70,725000,69,46,57,66,65,60,,,,,,,,,,,,,,,,,,,,,46,57,66,65,60
N. Næss,26,183,66,69,725000,55,52,62,56,64,73,,,,,,,,,,,,,,,,,,,,,52,62,56,64,73
Lee Jong Sung,26,187,66,69,725000,57,54,60,61,64,75,,,,,,,,,,,,,,,,,,,,,54,60,61,64,75
M. Chacón,25,175,66,69,725000,72,48,60,66,60,68,,,,,,,,,,,,,,,,,,,,,48,60,66,60,68
Y. Mbone,26,185,66,69,725000,51,49,57,58,64,75,,,,,,,,,,,,,,,,,,,,,49,57,58,64,75
A. Uryga,25,191,66,69,725000,37,47,55,56,64,75,,,,,,,,,,,,,,,,,,,,,47,55,56,64,75
T. Peyre,26,184,66,69,725000,64,34,50,50,66,70,,,,,,,,,,,,,,,,,,,,,34,50,50,66,70
D. Douline,26,181,66,69,725000,51,52,56,58,65,68,,,,,,,,,,,,,,,,,,,,,52,56,58,65,68
E. Castañeda,26,182,66,69,725000,55,50,43,39,65,67,,,,,,,,,,,,,,,,,,,,,50,43,39,65,67
T. Albutat,26,184,66,69,725000,65,53,57,60,65,73,,,,,,,,,,,,,,,,,,,,,53,57,60,65,73
M. Hofmann,25,183,66,69,725000,64,39,49,47,65,71,,,,,,,,,,,,,,,,,,,,,39,49,47,65,71
J. Elsey,25,187,66,69,725000,54,24,42,48,65,75,,,,,,,,,,,,,,,,,,,,,24,42,48,65,75
A. Empereur,25,186,66,69,725000,64,28,48,48,67,68,,,,,,,,,,,,,,,,,,,,,28,48,48,67,68
Eduardo,26,184,66,69,725000,60,33,44,50,63,80,,,,,,,,,,,,,,,,,,,,,33,44,50,63,80
S. Schäfer,25,189,66,69,725000,62,27,45,47,65,70,,,,,,,,,,,,,,,,,,,,,27,45,47,65,70
J. Cascante,25,188,66,69,725000,53,37,44,48,64,70,,,,,,,,,,,,,,,,,,,,,37,44,48,64,70
L. Ćirković,26,192,66,69,725000,68,32,46,43,65,71,,,,,,,,,,,,,,,,,,,,,32,46,43,65,71
T. Tlolane,24,170,66,69,725000,69,26,57,64,62,60,,,,,,,,,,,,,,,,,,,,,26,57,64,62,60
A. Šimunec,24,193,66,69,725000,61,33,38,37,67,71,,,,,,,,,,,,,,,,,,,,,33,38,37,67,71
C. Sloth,27,179,66,67,725000,67,62,61,67,51,59,,,,,,,,,,,,,,,,,,,,,62,61,67,51,59
L. Hyam,27,178,66,67,725000,72,55,63,66,66,73,,,,,,,,,,,,,,,,,,,,,55,63,66,66,73
R. Benson,27,175,66,67,725000,76,63,63,68,58,70,,,,,,,,,,,,,,,,,,,,,63,63,68,58,70
A. Blomqvist,27,182,66,67,725000,63,65,69,64,48,61,,,,,,,,,,,,,,,,,,,,,65,69,64,48,61
K. Nagasawa,27,172,66,67,725000,72,60,66,68,51,65,,,,,,,,,,,,,,,,,,,,,60,66,68,51,65
L. Guaycochea,27,178,66,67,725000,74,59,62,68,61,63,,,,,,,,,,,,,,,,,,,,,59,62,68,61,63
N. Yeri,27,174,66,67,725000,72,57,64,67,64,73,,,,,,,,,,,,,,,,,,,,,57,64,67,64,73
A. Diop,27,196,66,67,725000,71,61,62,64,63,70,,,,,,,,,,,,,,,,,,,,,61,62,64,63,70
A. Fukuta,27,170,66,67,725000,76,51,62,67,57,66,,,,,,,,,,,,,,,,,,,,,51,62,67,57,66
M. Komenda,22,184,65,73,725000,81,39,52,57,63,76,,,,,,,,,,,,,,,,,,,,,39,52,57,63,76
E. Caicedo,24,186,65,73,725000,38,38,34,41,65,72,,,,,,,,,,,,,,,,,,,,,38,34,41,65,72
A. Hanche-Olsen,22,185,65,73,725000,67,34,48,56,63,69,,,,,,,,,,,,,,,,,,,,,34,48,56,63,69
G. Fechner,21,188,65,73,725000,65,41,58,58,64,67,,,,,,,,,,,,,,,,,,,,,41,58,58,64,67
N. Landgraf,23,180,65,73,725000,74,41,56,62,63,68,,,,,,,,,,,,,,,,,,,,,41,56,62,63,68
J. Bellegarde,21,170,65,73,725000,69,48,62,69,63,59,,,,,,,,,,,,,,,,,,,,,48,62,69,63,59
L. Bergsma,22,185,65,73,725000,65,32,54,55,64,67,,,,,,,,,,,,,,,,,,,,,32,54,55,64,67
J. Hayes,24,183,65,73,725000,70,45,62,67,59,63,,,,,,,,,,,,,,,,,,,,,45,62,67,59,63
V. Retamal,21,169,65,73,725000,71,36,59,65,63,64,,,,,,,,,,,,,,,,,,,,,36,59,65,63,64
Fabio González,22,176,65,73,725000,62,55,60,62,63,62,,,,,,,,,,,,,,,,,,,,,55,60,62,63,62
A. Abeid,21,174,65,73,725000,71,42,54,62,63,65,,,,,,,,,,,,,,,,,,,,,42,54,62,63,65
B. Diaby,21,187,65,73,725000,75,25,55,62,59,77,,,,,,,,,,,,,,,,,,,,,25,55,62,59,77
S. Svarnas,24,183,65,73,725000,64,36,43,45,67,63,,,,,,,,,,,,,,,,,,,,,36,43,45,67,63
A. Pieper,21,191,65,73,725000,60,32,44,44,64,67,,,,,,,,,,,,,,,,,,,,,32,44,44,64,67
Z. Šarlija,22,189,65,73,725000,61,30,47,40,65,65,,,,,,,,,,,,,,,,,,,,,30,47,40,65,65
F. Torres,22,187,65,73,725000,63,35,46,55,65,65,,,,,,,,,,,,,,,,,,,,,35,46,55,65,65
Riccieli,20,184,65,73,725000,50,33,39,44,63,71,,,,,,,,,,,,,,,,,,,,,33,39,44,63,71
C. Camps,23,180,65,71,725000,71,64,64,64,57,64,,,,,,,,,,,,,,,,,,,,,64,64,64,57,64
S. Goss,23,178,65,71,725000,60,48,69,64,54,59,,,,,,,,,,,,,,,,,,,,,48,69,64,54,59
J. Karlström,24,182,65,71,725000,64,54,63,62,65,71,,,,,,,,,,,,,,,,,,,,,54,63,62,65,71
V. Slivka,24,190,65,71,725000,52,57,64,68,59,67,,,,,,,,,,,,,,,,,,,,,57,64,68,59,67
I. Colman,24,173,65,71,725000,69,58,63,66,51,61,,,,,,,,,,,,,,,,,,,,,58,63,66,51,61
S. Omeonga,23,177,65,71,725000,73,42,62,73,61,57,,,,,,,,,,,,,,,,,,,,,42,62,73,61,57
A. Romero,23,184,65,71,725000,52,45,64,61,62,65,,,,,,,,,,,,,,,,,,,,,45,64,61,62,65
C. Krempicki,24,178,65,71,725000,68,55,58,66,57,74,,,,,,,,,,,,,,,,,,,,,55,58,66,57,74
A. Ivanov,23,170,65,71,725000,56,52,63,62,50,64,,,,,,,,,,,,,,,,,,,,,52,63,62,50,64
D. Cole,24,185,65,70,725000,90,63,47,64,25,59,,,,,,,,,,,,,,,,,,,,,63,47,64,25,59
J. Pigott,25,183,65,70,725000,68,63,48,64,26,65,,,,,,,,,,,,,,,,,,,,,63,48,64,26,65
F. Olinga,23,178,65,70,725000,73,56,59,73,19,47,,,,,,,,,,,,,,,,,,,,,56,59,73,19,47
S. Mauk,23,174,65,70,725000,67,60,62,66,54,66,,,,,,,,,,,,,,,,,,,,,60,62,66,54,66
A. Al Ghamdi,24,175,65,70,725000,75,66,60,67,37,68,,,,,,,,,,,,,,,,,,,,,66,60,67,37,68
M. Aaquist,24,171,65,70,725000,75,55,55,69,53,62,,,,,,,,,,,,,,,,,,,,,55,55,69,53,62
R. Contreras,23,182,65,70,725000,67,64,51,62,32,67,,,,,,,,,,,,,,,,,,,,,64,51,62,32,67
C. Tanner,24,174,65,70,725000,76,59,62,69,31,57,,,,,,,,,,,,,,,,,,,,,59,62,69,31,57
V. Sulejmani,23,185,65,70,725000,65,63,55,65,41,72,,,,,,,,,,,,,,,,,,,,,63,55,65,41,72
M. Osei Kwadwo,24,171,65,70,725000,82,53,58,73,31,51,,,,,,,,,,,,,,,,,,,,,53,58,73,31,51
D. Dos Santos,22,176,65,70,725000,86,55,59,69,29,49,,,,,,,,,,,,,,,,,,,,,55,59,69,29,49
Iván Calero,24,174,65,70,725000,69,46,62,71,35,50,,,,,,,,,,,,,,,,,,,,,46,62,71,35,50
D. Baumann,24,178,65,70,725000,68,62,52,62,28,70,,,,,,,,,,,,,,,,,,,,,62,52,62,28,70
V. Sanogo,24,186,65,70,725000,75,61,52,62,26,79,,,,,,,,,,,,,,,,,,,,,61,52,62,26,79
R. Edwards,23,175,65,70,725000,78,55,60,68,58,62,,,,,,,,,,,,,,,,,,,,,55,60,68,58,62
F. Hansch,23,183,65,70,725000,86,63,53,70,21,58,,,,,,,,,,,,,,,,,,,,,63,53,70,21,58
M. Kleinsorge,23,170,65,70,725000,82,61,55,68,28,56,,,,,,,,,,,,,,,,,,,,,61,55,68,28,56
M. Eisa,24,183,65,70,725000,76,63,50,64,24,64,,,,,,,,,,,,,,,,,,,,,63,50,64,24,64
M. Košťál,23,179,65,70,725000,83,54,62,64,37,48,,,,,,,,,,,,,,,,,,,,,54,62,64,37,48
Claudio,25,186,65,70,725000,57,66,47,57,28,63,,,,,,,,,,,,,,,,,,,,,66,47,57,28,63
G. Mainero,24,177,65,70,725000,86,58,59,67,43,69,,,,,,,,,,,,,,,,,,,,,58,59,67,43,69
E. Sosa,23,170,65,70,725000,69,59,58,69,39,56,,,,,,,,,,,,,,,,,,,,,59,58,69,39,56
J. Donisa,25,184,65,70,725000,74,65,60,64,38,57,,,,,,,,,,,,,,,,,,,,,65,60,64,38,57
A. Luković,24,189,65,70,725000,72,65,61,64,39,72,,,,,,,,,,,,,,,,,,,,,65,61,64,39,72
Kaxe,25,183,65,70,725000,66,57,64,63,48,57,,,,,,,,,,,,,,,,,,,,,57,64,63,48,57
B. Moussiti-Oko,24,184,65,69,725000,61,64,39,58,26,71,,,,,,,,,,,,,,,,,,,,,64,39,58,26,71
Ricardo Rodrigues,24,174,65,69,725000,73,64,55,66,28,51,,,,,,,,,,,,,,,,,,,,,64,55,66,28,51
V. Demaku,19,180,64,76,725000,53,35,55,60,60,68,,,,,,,,,,,,,,,,,,,,,35,55,60,60,68
Dani Molina,23,183,64,75,725000,48,59,66,65,61,41,,,,,,,,,,,,,,,,,,,,,59,66,65,61,41
J. Marimón,20,182,64,75,725000,72,55,49,64,63,71,,,,,,,,,,,,,,,,,,,,,55,49,64,63,71
J. Esquivel,21,177,64,75,725000,70,33,55,60,63,66,,,,,,,,,,,,,,,,,,,,,33,55,60,63,66
B. Passi,21,189,64,75,725000,46,39,58,54,62,70,,,,,,,,,,,,,,,,,,,,,39,58,54,62,70
H. Weigelt,21,189,64,75,725000,58,27,43,40,65,64,,,,,,,,,,,,,,,,,,,,,27,43,40,65,64
Pelayo Suárez,20,182,64,75,725000,51,30,43,45,63,68,,,,,,,,,,,,,,,,,,,,,30,43,45,63,68
Y. Bourhane,20,184,64,75,725000,58,39,59,60,60,67,,,,,,,,,,,,,,,,,,,,,39,59,60,60,67
F. Aksoy,21,189,64,75,725000,39,35,42,51,65,66,,,,,,,,,,,,,,,,,,,,,35,42,51,65,66
D. Martínez,21,182,64,75,725000,64,33,45,46,65,69,,,,,,,,,,,,,,,,,,,,,33,45,46,65,69
David Alba,20,180,64,75,725000,44,22,40,39,65,54,,,,,,,,,,,,,,,,,,,,,22,40,39,65,54
M. Awoudja,21,188,64,75,725000,60,34,50,41,61,70,,,,,,,,,,,,,,,,,,,,,34,50,41,61,70
Perera,22,186,64,75,725000,62,33,60,54,61,68,,,,,,,,,,,,,,,,,,,,,33,60,54,61,68
A. Colorado,20,180,64,75,725000,72,41,54,63,61,71,,,,,,,,,,,,,,,,,,,,,41,54,63,61,71
Rui Pires,21,184,64,75,725000,67,46,59,64,60,69,,,,,,,,,,,,,,,,,,,,,46,59,64,60,69
G. Kiltie,22,173,64,74,725000,67,54,61,68,46,62,,,,,,,,,,,,,,,,,,,,,54,61,68,46,62
C. Chaplin,22,168,64,74,725000,78,64,54,64,35,61,,,,,,,,,,,,,,,,,,,,,64,54,64,35,61
C. Senior,22,176,64,74,725000,90,55,53,69,34,51,,,,,,,,,,,,,,,,,,,,,55,53,69,34,51
M. Gómez,22,185,64,74,725000,71,61,43,63,30,62,,,,,,,,,,,,,,,,,,,,,61,43,63,30,62
M. Listkowski,21,178,64,74,725000,77,56,58,70,33,56,,,,,,,,,,,,,,,,,,,,,56,58,70,33,56
L. de la Torre,21,178,64,74,725000,66,49,61,68,40,41,,,,,,,,,,,,,,,,,,,,,49,61,68,40,41
B. Hanlan,22,182,64,74,725000,85,61,47,63,31,74,,,,,,,,,,,,,,,,,,,,,61,47,63,31,74
A. Laukart,20,183,64,74,725000,73,59,60,65,46,59,,,,,,,,,,,,,,,,,,,,,59,60,65,46,59
B. Figueroa,20,176,64,74,725000,67,59,60,65,26,56,,,,,,,,,,,,,,,,,,,,,59,60,65,26,56
T. Reijnders,20,185,64,74,725000,76,57,63,68,52,58,,,,,,,,,,,,,,,,,,,,,57,63,68,52,58
D. Hashioka,20,182,64,74,725000,73,53,56,63,49,75,,,,,,,,,,,,,,,,,,,,,53,56,63,49,75
C. Mueller,22,175,64,74,725000,81,60,55,66,25,53,,,,,,,,,,,,,,,,,,,,,60,55,66,25,53
A. Bussaglia,22,172,64,74,725000,78,58,60,69,42,51,,,,,,,,,,,,,,,,,,,,,58,60,69,42,51
M. Hjulmand,20,185,64,74,725000,61,49,60,62,59,66,,,,,,,,,,,,,,,,,,,,,49,60,62,59,66
Miguel Marí,22,185,64,74,725000,61,50,64,63,50,51,,,,,,,,,,,,,,,,,,,,,50,64,63,50,51
K. Watanabe,20,165,64,74,725000,66,51,63,68,52,49,,,,,,,,,,,,,,,,,,,,,51,63,68,52,49
M. Viviani,18,183,63,83,725000,71,55,63,62,59,61,,,,,,,,,,,,,,,,,,,,,55,63,62,59,61
J. Garner,18,183,63,83,725000,63,54,61,58,61,60,,,,,,,,,,,,,,,,,,,,,54,61,58,61,60
A. Perea,18,185,63,83,725000,69,44,53,59,60,65,,,,,,,,,,,,,,,,,,,,,44,53,59,60,65
K. Goudmijn,17,173,63,81,725000,75,50,62,66,45,40,,,,,,,,,,,,,,,,,,,,,50,62,66,45,40
L. Kharabadze,19,184,63,80,725000,80,48,52,64,56,71,,,,,,,,,,,,,,,,,,,,,48,52,64,56,71
G. Busio,17,170,63,79,725000,63,61,61,69,51,57,,,,,,,,,,,,,,,,,,,,,61,61,69,51,57
Pelayo Morilla,17,180,63,79,725000,74,59,58,66,26,56,,,,,,,,,,,,,,,,,,,,,59,58,66,26,56
Luan Cândido,19,177,63,79,725000,71,51,56,68,59,60,,,,,,,,,,,,,,,,,,,,,51,56,68,59,60
A. Candela,19,185,63,79,725000,86,47,54,63,59,65,,,,,,,,,,,,,,,,,,,,,47,54,63,59,65
F. Marchwiński,17,185,63,78,725000,66,54,62,62,48,60,,,,,,,,,,,,,,,,,,,,,54,62,62,48,60
L. Davis,19,177,63,78,725000,76,31,50,59,59,57,,,,,,,,,,,,,,,,,,,,,31,50,59,59,57
Amilcar Silva,19,175,63,78,725000,78,44,50,64,58,64,,,,,,,,,,,,,,,,,,,,,44,50,64,58,64
A. Poulsen,19,188,63,77,725000,72,44,56,64,60,62,,,,,,,,,,,,,,,,,,,,,44,56,64,60,62
Víctor Gómez,19,166,63,77,725000,65,31,56,59,63,58,,,,,,,,,,,,,,,,,,,,,31,56,59,63,58
W. Johnson,32,178,69,69,700000,57,65,66,64,65,72,,,,,,,,,,,,,,,,,,,,,65,66,64,65,72
B. Nehrig,32,180,69,69,700000,65,52,63,62,67,76,,,,,,,,,,,,,,,,,,,,,52,63,62,67,76
C. Carmona,32,173,69,69,700000,63,59,67,65,66,71,,,,,,,,,,,,,,,,,,,,,59,67,65,66,71
Marc Pedraza,32,184,69,69,700000,65,54,59,64,65,70,,,,,,,,,,,,,,,,,,,,,54,59,64,65,70
M. Stoppelkamp,32,180,68,68,700000,76,65,64,70,53,69,,,,,,,,,,,,,,,,,,,,,65,64,70,53,69
D. Bottinelli,32,167,68,68,700000,52,64,71,68,39,65,,,,,,,,,,,,,,,,,,,,,64,71,68,39,65
I. Dia,32,173,68,68,700000,76,70,65,72,27,53,,,,,,,,,,,,,,,,,,,,,70,65,72,27,53
M. Carlini,32,175,68,68,700000,79,60,66,68,28,60,,,,,,,,,,,,,,,,,,,,,60,66,68,28,60
J. Paganoni,30,169,68,68,700000,75,56,61,67,64,66,,,,,,,,,,,,,,,,,,,,,56,61,67,64,66
M. Zullo,30,170,68,68,700000,77,51,63,69,63,68,,,,,,,,,,,,,,,,,,,,,51,63,69,63,68
F. Santos,32,171,68,68,700000,71,64,64,71,40,63,,,,,,,,,,,,,,,,,,,,,64,64,71,40,63
M. Ponce,30,176,68,68,700000,66,54,62,65,64,78,,,,,,,,,,,,,,,,,,,,,54,62,65,64,78
K. Großkreutz,30,186,68,68,700000,68,62,66,61,62,76,,,,,,,,,,,,,,,,,,,,,62,66,61,62,76
Lillo,30,176,68,68,700000,66,49,58,57,65,76,,,,,,,,,,,,,,,,,,,,,49,58,57,65,76
O. Cissokho,32,175,68,68,700000,72,54,64,66,41,67,,,,,,,,,,,,,,,,,,,,,54,64,66,41,67
E. Salomonsson,30,183,68,68,700000,81,60,61,60,60,75,,,,,,,,,,,,,,,,,,,,,60,61,60,60,75
T. Perthel,30,185,68,68,700000,77,58,65,67,63,76,,,,,,,,,,,,,,,,,,,,,58,65,67,63,76
M. Leovac,30,180,68,68,700000,80,50,62,68,63,72,,,,,,,,,,,,,,,,,,,,,50,62,68,63,72
L. Schmitz,30,183,68,68,700000,66,57,62,61,67,74,,,,,,,,,,,,,,,,,,,,,57,62,61,67,74
F. Koch,30,180,68,68,700000,77,50,55,64,65,70,,,,,,,,,,,,,,,,,,,,,50,55,64,65,70
L. Laverone,30,175,68,68,700000,87,50,67,67,58,77,,,,,,,,,,,,,,,,,,,,,50,67,67,58,77
L. Palun,30,179,68,68,700000,72,52,60,62,66,69,,,,,,,,,,,,,,,,,,,,,52,60,62,66,69
D. Zbozień,30,186,68,68,700000,79,52,59,62,66,74,,,,,,,,,,,,,,,,,,,,,52,59,62,66,74
M. Osuna,30,177,68,68,700000,64,60,64,66,68,69,,,,,,,,,,,,,,,,,,,,,60,64,66,68,69
Jiang Zhipeng,30,178,68,68,700000,79,57,68,67,64,65,,,,,,,,,,,,,,,,,,,,,57,68,67,64,65
O. Ovacıklı,30,179,68,68,700000,64,39,61,63,67,64,,,,,,,,,,,,,,,,,,,,,39,61,63,67,64
Wang Shenchao,30,180,68,68,700000,70,29,50,60,67,70,,,,,,,,,,,,,,,,,,,,,29,50,60,67,70
A. Taugourdeau,30,182,67,67,700000,60,58,68,65,63,66,,,,,,,,,,,,,,,,,,,,,58,68,65,63,66
P. Schönfeld,30,186,67,67,700000,70,62,66,68,54,74,,,,,,,,,,,,,,,,,,,,,62,66,68,54,74
R. Thelander,27,190,67,67,700000,47,30,41,40,67,68,,,,,,,,,,,,,,,,,,,,,30,41,40,67,68
S. Nilsen,27,184,67,67,700000,50,53,60,63,64,76,,,,,,,,,,,,,,,,,,,,,53,60,63,64,76
V. Achim,30,182,67,67,700000,59,61,60,67,62,71,,,,,,,,,,,,,,,,,,,,,61,60,67,62,71
Romário Pires,30,181,67,67,700000,68,56,59,66,55,64,,,,,,,,,,,,,,,,,,,,,56,59,66,55,64
J. Walsh,27,180,66,69,700000,66,39,53,52,64,72,,,,,,,,,,,,,,,,,,,,,39,53,52,64,72
Campabadal,26,178,66,69,700000,71,40,53,61,65,67,,,,,,,,,,,,,,,,,,,,,40,53,61,65,67
K. Haraldseid,25,180,66,69,700000,73,53,61,64,62,72,,,,,,,,,,,,,,,,,,,,,53,61,64,62,72
R. Jansson,27,187,66,69,700000,58,28,53,56,65,68,,,,,,,,,,,,,,,,,,,,,28,53,56,65,68
T. Vion,25,185,66,69,700000,66,60,62,63,62,73,,,,,,,,,,,,,,,,,,,,,60,62,63,62,73
M. Benning,25,178,66,69,700000,74,60,62,64,60,72,,,,,,,,,,,,,,,,,,,,,60,62,64,60,72
L. Woudenberg,25,186,66,69,700000,68,36,57,59,61,74,,,,,,,,,,,,,,,,,,,,,36,57,59,61,74
M. Kopczyński,27,180,66,69,700000,60,48,59,62,64,67,,,,,,,,,,,,,,,,,,,,,48,59,62,64,67
D. Giraldo,27,178,66,69,700000,70,46,61,61,63,73,,,,,,,,,,,,,,,,,,,,,46,61,61,63,73
H. Obando,26,186,66,69,700000,88,32,52,58,63,75,,,,,,,,,,,,,,,,,,,,,32,52,58,63,75
Woo Ju Sung,26,184,66,69,700000,63,47,55,58,64,75,,,,,,,,,,,,,,,,,,,,,47,55,58,64,75
Sun Jie,27,191,66,69,700000,43,40,51,56,64,79,,,,,,,,,,,,,,,,,,,,,40,51,56,64,79
M. Ballmert,25,173,66,69,700000,71,38,51,62,65,68,,,,,,,,,,,,,,,,,,,,,38,51,62,65,68
Ricardinho,25,180,66,69,700000,75,55,58,61,63,58,,,,,,,,,,,,,,,,,,,,,55,58,61,63,58
Fu Huan,25,182,66,69,700000,75,32,61,62,61,64,,,,,,,,,,,,,,,,,,,,,32,61,62,61,64
A. Al Obaid,26,171,66,69,700000,78,59,64,64,59,69,,,,,,,,,,,,,,,,,,,,,59,64,64,59,69
K. Matsubara,26,180,66,69,700000,71,49,59,62,61,70,,,,,,,,,,,,,,,,,,,,,49,59,62,61,70
M. Massop,25,183,66,69,700000,63,33,53,62,66,68,,,,,,,,,,,,,,,,,,,,,33,53,62,66,68
J. Żubrowski,27,181,66,69,700000,53,48,62,63,62,71,,,,,,,,,,,,,,,,,,,,,48,62,63,62,71
A. Czerwiński,26,181,66,69,700000,79,41,58,64,63,68,,,,,,,,,,,,,,,,,,,,,41,58,64,63,68
J. Mora,26,176,66,69,700000,78,47,56,66,63,63,,,,,,,,,,,,,,,,,,,,,47,56,66,63,63
E. Vandenabeele,27,184,66,69,700000,58,38,43,46,65,71,,,,,,,,,,,,,,,,,,,,,38,43,46,65,71
A. Răuță,27,177,66,69,700000,58,35,56,51,64,72,,,,,,,,,,,,,,,,,,,,,35,56,51,64,72
J. Cousins,25,177,66,68,700000,75,55,59,66,60,71,,,,,,,,,,,,,,,,,,,,,55,59,66,60,71
D. Pedersen,26,185,66,68,700000,69,45,61,60,63,73,,,,,,,,,,,,,,,,,,,,,45,61,60,63,73
M. Fornasier,25,186,66,68,700000,57,18,34,46,67,65,,,,,,,,,,,,,,,,,,,,,18,34,46,67,65
J. Donachie,26,195,66,68,700000,68,32,48,43,65,72,,,,,,,,,,,,,,,,,,,,,32,48,43,65,72
S. Scherder,26,189,66,68,700000,61,39,48,41,64,66,,,,,,,,,,,,,,,,,,,,,39,48,41,64,66
N. Freire,25,186,66,68,700000,53,29,37,48,64,73,,,,,,,,,,,,,,,,,,,,,29,37,48,64,73
X. Schenk,26,187,66,68,700000,61,45,60,59,62,76,,,,,,,,,,,,,,,,,,,,,45,60,59,62,76
D. Rienstra,26,174,66,68,700000,66,54,63,65,62,64,,,,,,,,,,,,,,,,,,,,,54,63,65,62,64
Hwang Hyun Soo,23,183,66,68,700000,61,43,34,39,65,70,,,,,,,,,,,,,,,,,,,,,43,34,39,65,70
M. Wostry,26,184,66,68,700000,44,39,44,43,65,72,,,,,,,,,,,,,,,,,,,,,39,44,43,65,72
K. Dougall,26,184,66,68,700000,69,47,58,65,65,71,,,,,,,,,,,,,,,,,,,,,47,58,65,65,71
J. Schwadorf,26,177,66,66,700000,77,55,60,70,28,59,,,,,,,,,,,,,,,,,,,,,55,60,70,28,59
N. Maturana,25,163,66,66,700000,76,60,65,67,45,55,,,,,,,,,,,,,,,,,,,,,60,65,67,45,55
G. Nepomuceno,26,174,66,66,700000,79,64,56,71,30,58,,,,,,,,,,,,,,,,,,,,,64,56,71,30,58
Zé Uilton,26,175,66,66,700000,74,58,58,71,22,46,,,,,,,,,,,,,,,,,,,,,58,58,71,22,46
J. Hanson,23,178,65,73,700000,56,48,62,54,67,71,,,,,,,,,,,,,,,,,,,,,48,62,54,67,71
M. Udol,23,178,65,73,700000,73,37,56,63,64,66,,,,,,,,,,,,,,,,,,,,,37,56,63,64,66
M. Millar,22,186,65,73,700000,84,52,57,70,59,75,,,,,,,,,,,,,,,,,,,,,52,57,70,59,75
J. Dacosta,23,182,65,73,700000,77,32,57,63,61,71,,,,,,,,,,,,,,,,,,,,,32,57,63,61,71
J. Riley,22,183,65,73,700000,77,42,58,63,61,66,,,,,,,,,,,,,,,,,,,,,42,58,63,61,66
N. Tenaglia,23,182,65,73,700000,73,31,55,63,63,60,,,,,,,,,,,,,,,,,,,,,31,55,63,63,60
A. Herrera,22,180,65,73,700000,71,32,54,63,64,70,,,,,,,,,,,,,,,,,,,,,32,54,63,64,70
C. Cauz,22,188,65,73,700000,74,43,53,60,65,65,,,,,,,,,,,,,,,,,,,,,43,53,60,65,65
G. Rea,24,184,65,72,700000,63,32,50,55,67,73,,,,,,,,,,,,,,,,,,,,,32,50,55,67,73
E. Smith,22,192,65,72,700000,64,56,61,62,57,74,,,,,,,,,,,,,,,,,,,,,56,61,62,57,74
D. Ball,23,185,65,72,700000,60,41,55,57,65,70,,,,,,,,,,,,,,,,,,,,,41,55,57,65,70
F. Cristaldo,22,170,65,72,700000,73,56,62,69,57,66,,,,,,,,,,,,,,,,,,,,,56,62,69,57,66
Clavería,23,177,65,72,700000,58,63,55,60,62,66,,,,,,,,,,,,,,,,,,,,,63,55,60,62,66
E. Serje,23,178,65,72,700000,58,47,53,60,61,68,,,,,,,,,,,,,,,,,,,,,47,53,60,61,68
S. Ngezana,21,185,65,72,700000,70,25,34,38,68,66,,,,,,,,,,,,,,,,,,,,,25,34,38,68,66
W. Vorsager,22,189,65,72,700000,58,49,59,60,66,67,,,,,,,,,,,,,,,,,,,,,49,59,60,66,67
D. Cornelius,21,187,65,72,700000,60,29,41,43,63,73,,,,,,,,,,,,,,,,,,,,,29,41,43,63,73
M. Diaby,22,197,65,72,700000,34,45,51,49,67,70,,,,,,,,,,,,,,,,,,,,,45,51,49,67,70
S. Kersten,21,191,65,72,700000,65,44,49,46,64,66,,,,,,,,,,,,,,,,,,,,,44,49,46,64,66
B. Jopek,25,183,65,70,700000,72,58,66,70,48,65,,,,,,,,,,,,,,,,,,,,,58,66,70,48,65
M. Lundemo,25,189,65,70,700000,59,57,63,63,57,70,,,,,,,,,,,,,,,,,,,,,57,63,63,57,70
Jung Won Jin,24,176,65,70,700000,73,63,64,67,55,63,,,,,,,,,,,,,,,,,,,,,63,64,67,55,63
M. Nalepa,24,170,65,70,700000,70,56,60,65,62,76,,,,,,,,,,,,,,,,,,,,,56,60,65,62,76
S. Bösel,24,180,65,70,700000,67,54,59,65,52,74,,,,,,,,,,,,,,,,,,,,,54,59,65,52,74
J. Graham,24,182,65,69,700000,77,58,61,70,27,47,,,,,,,,,,,,,,,,,,,,,58,61,70,27,47
Jin Seong Wook,25,183,65,69,700000,74,60,49,63,26,75,,,,,,,,,,,,,,,,,,,,,60,49,63,26,75
A. Kamara,25,180,65,69,700000,77,61,45,59,24,78,,,,,,,,,,,,,,,,,,,,,61,45,59,24,78
Higinio,25,183,65,69,700000,65,64,51,63,36,61,,,,,,,,,,,,,,,,,,,,,64,51,63,36,61
A. Mastalli,23,178,65,69,700000,65,50,63,65,52,61,,,,,,,,,,,,,,,,,,,,,50,63,65,52,61
Guille Donoso,23,173,65,69,700000,70,55,64,67,39,53,,,,,,,,,,,,,,,,,,,,,55,64,67,39,53
Yoon Seung Won,24,186,65,69,700000,76,60,60,66,30,65,,,,,,,,,,,,,,,,,,,,,60,60,66,30,65
S. Bakış,25,188,65,69,700000,40,61,48,59,27,66,,,,,,,,,,,,,,,,,,,,,61,48,59,27,66
Mateus,24,167,65,69,700000,82,53,59,68,39,64,,,,,,,,,,,,,,,,,,,,,53,59,68,39,64
P. Kun,24,165,65,69,700000,86,44,61,66,43,59,,,,,,,,,,,,,,,,,,,,,44,61,66,43,59
L. Argudo,23,175,65,69,700000,71,57,62,66,47,60,,,,,,,,,,,,,,,,,,,,,57,62,66,47,60
P. Schmidt,25,185,65,69,700000,66,65,38,59,24,61,,,,,,,,,,,,,,,,,,,,,65,38,59,24,61
K. Jackson,25,181,65,68,700000,91,60,45,62,30,56,,,,,,,,,,,,,,,,,,,,,60,45,62,30,56
V. Vermeij,24,196,65,68,700000,51,62,50,56,29,68,,,,,,,,,,,,,,,,,,,,,62,50,56,29,68
A. Jackson-Hamel,25,185,65,68,700000,77,64,41,55,23,65,,,,,,,,,,,,,,,,,,,,,64,41,55,23,65
Castro,24,177,65,68,700000,73,64,57,65,33,66,,,,,,,,,,,,,,,,,,,,,64,57,65,33,66
F. Margiotta,25,177,65,68,700000,52,62,51,66,21,56,,,,,,,,,,,,,,,,,,,,,62,51,66,21,56
A. Arroyo,25,183,65,68,700000,69,61,38,55,24,65,,,,,,,,,,,,,,,,,,,,,61,38,55,24,65
S. Mai,25,195,65,68,700000,40,58,42,52,63,82,,,,,,,,,,,,,,,,,,,,,58,42,52,63,82
U. Bonnet,25,181,65,68,700000,70,63,41,66,29,60,,,,,,,,,,,,,,,,,,,,,63,41,66,29,60
M. Torres,23,180,64,75,700000,62,44,45,44,61,74,,,,,,,,,,,,,,,,,,,,,44,45,44,61,74
B. Mason,21,173,64,75,700000,81,40,57,62,60,63,,,,,,,,,,,,,,,,,,,,,40,57,62,60,63
H. Al Shamrani,22,180,64,75,700000,84,55,56,65,58,71,,,,,,,,,,,,,,,,,,,,,55,56,65,58,71
K. Fila,21,180,64,75,700000,81,47,59,59,60,68,,,,,,,,,,,,,,,,,,,,,47,59,59,60,68
Murilo,22,187,64,75,700000,63,36,44,40,63,66,,,,,,,,,,,,,,,,,,,,,36,44,40,63,66
Z. Brault-Guillard,20,171,64,75,700000,82,38,55,64,61,69,,,,,,,,,,,,,,,,,,,,,38,55,64,61,69
E. Linthorst,19,187,64,75,700000,69,50,58,63,62,69,,,,,,,,,,,,,,,,,,,,,50,58,63,62,69
S. Botman,19,193,64,75,700000,66,30,42,38,63,72,,,,,,,,,,,,,,,,,,,,,30,42,38,63,72
M. Ingebrigtsen,22,170,64,73,700000,82,62,54,68,42,53,,,,,,,,,,,,,,,,,,,,,62,54,68,42,53
R. Espejord,23,189,64,73,700000,62,62,49,58,29,64,,,,,,,,,,,,,,,,,,,,,62,49,58,29,64
P. Pflücke,22,170,64,73,700000,78,58,59,71,27,42,,,,,,,,,,,,,,,,,,,,,58,59,71,27,42
M. Litka,23,180,64,73,700000,74,59,57,68,36,47,,,,,,,,,,,,,,,,,,,,,59,57,68,36,47
M. Rodriguez,23,173,64,73,700000,64,62,62,68,39,51,,,,,,,,,,,,,,,,,,,,,62,62,68,39,51
B. Boutobba,20,173,64,73,700000,66,59,55,77,21,37,,,,,,,,,,,,,,,,,,,,,59,55,77,21,37
F. Barboza,22,171,64,73,700000,77,50,58,69,38,58,,,,,,,,,,,,,,,,,,,,,50,58,69,38,58
S. Saucedo,22,170,64,73,700000,66,60,62,69,42,46,,,,,,,,,,,,,,,,,,,,,60,62,69,42,46
D. Oldaker,20,178,64,73,700000,70,52,62,65,49,61,,,,,,,,,,,,,,,,,,,,,52,62,65,49,61
R. Ache,20,182,64,73,700000,75,59,43,60,28,63,,,,,,,,,,,,,,,,,,,,,59,43,60,28,63
R. Oaidă,21,182,64,73,700000,74,59,63,69,54,63,,,,,,,,,,,,,,,,,,,,,59,63,69,54,63
M. Soisalo,21,179,64,73,700000,75,61,56,68,29,48,,,,,,,,,,,,,,,,,,,,,61,56,68,29,48
K. Lankford,20,186,64,73,700000,77,53,59,68,21,58,,,,,,,,,,,,,,,,,,,,,53,59,68,21,58
A. Erlingmark,21,189,64,73,700000,63,54,57,59,66,74,,,,,,,,,,,,,,,,,,,,,54,57,59,66,74
L. Riveros,20,178,64,73,700000,70,64,59,65,35,63,,,,,,,,,,,,,,,,,,,,,64,59,65,35,63
E. Banda,21,177,64,73,700000,68,59,64,64,36,56,,,,,,,,,,,,,,,,,,,,,59,64,64,36,56
L. Lauberbach,21,194,64,73,700000,71,60,57,65,39,70,,,,,,,,,,,,,,,,,,,,,60,57,65,39,70
Y. Fekir,22,170,64,73,700000,73,56,60,71,30,56,,,,,,,,,,,,,,,,,,,,,56,60,71,30,56
G. Torres,23,181,64,73,700000,78,59,55,64,53,69,,,,,,,,,,,,,,,,,,,,,59,55,64,53,69
M. Merghem,21,178,64,73,700000,71,55,61,66,50,61,,,,,,,,,,,,,,,,,,,,,55,61,66,50,61
R. Rivas,20,178,64,73,700000,80,59,59,67,29,48,,,,,,,,,,,,,,,,,,,,,59,59,67,29,48
J. Þorsteinsson,20,177,64,73,700000,73,56,57,70,37,62,,,,,,,,,,,,,,,,,,,,,56,57,70,37,62
L. Selahi,20,173,64,73,700000,72,45,59,66,58,70,,,,,,,,,,,,,,,,,,,,,45,59,66,58,70
S. Friede,21,188,64,73,700000,65,56,61,62,62,73,,,,,,,,,,,,,,,,,,,,,56,61,62,62,73
L. Ameka Autchanga,22,174,64,73,700000,82,53,57,68,24,49,,,,,,,,,,,,,,,,,,,,,53,57,68,24,49
V. Arveladze,21,184,64,73,700000,69,60,60,65,27,61,,,,,,,,,,,,,,,,,,,,,60,60,65,27,61
Ricardo Schutte,21,180,64,73,700000,68,65,48,63,23,56,,,,,,,,,,,,,,,,,,,,,65,48,63,23,56
M. Szczepański,21,168,64,73,700000,76,57,60,64,36,60,,,,,,,,,,,,,,,,,,,,,57,60,64,36,60
C. Brym,20,180,64,73,700000,56,64,46,61,23,65,,,,,,,,,,,,,,,,,,,,,64,46,61,23,65
S. Obeng,22,183,64,73,700000,72,63,44,57,23,69,,,,,,,,,,,,,,,,,,,,,63,44,57,23,69
A. Gündüz,18,189,63,82,700000,58,30,39,38,63,65,,,,,,,,,,,,,,,,,,,,,30,39,38,63,65
Z. Medley,18,195,63,81,700000,62,30,38,47,64,64,,,,,,,,,,,,,,,,,,,,,30,38,47,64,64
N. Ferguson,18,181,63,81,700000,61,32,43,42,65,61,,,,,,,,,,,,,,,,,,,,,32,43,42,65,61
N. Katterbach,18,178,63,81,700000,68,39,52,64,62,52,,,,,,,,,,,,,,,,,,,,,39,52,64,62,52
Y. Bisseck,18,194,63,80,700000,61,33,43,44,63,66,,,,,,,,,,,,,,,,,,,,,33,43,44,63,66
S. Boey,18,178,63,80,700000,67,41,57,62,60,54,,,,,,,,,,,,,,,,,,,,,41,57,62,60,54
Y. Dhanda,20,173,63,76,700000,70,60,62,67,43,46,,,,,,,,,,,,,,,,,,,,,60,62,67,43,46
S. Ylätupa,19,171,63,76,700000,77,52,62,68,27,56,,,,,,,,,,,,,,,,,,,,,52,62,68,27,56
C. Villanueva,20,171,63,76,700000,69,62,59,65,44,65,,,,,,,,,,,,,,,,,,,,,62,59,65,44,65
D. Buffonge,20,178,63,76,700000,70,54,61,67,44,56,,,,,,,,,,,,,,,,,,,,,54,61,67,44,56
S. Kowalczyk,20,170,63,76,700000,78,53,55,67,31,51,,,,,,,,,,,,,,,,,,,,,53,55,67,31,51
B. Wiles,20,175,63,76,700000,71,50,61,65,48,66,,,,,,,,,,,,,,,,,,,,,50,61,65,48,66
A. Jallow,20,166,63,76,700000,77,48,62,70,24,42,,,,,,,,,,,,,,,,,,,,,48,62,70,24,42
M. Mattsson,20,174,63,76,700000,75,55,58,66,24,48,,,,,,,,,,,,,,,,,,,,,55,58,66,24,48
M. Shabani,20,185,63,76,700000,65,52,63,65,34,54,,,,,,,,,,,,,,,,,,,,,52,63,65,34,54
K. Magennis,20,178,63,76,700000,74,58,63,66,44,66,,,,,,,,,,,,,,,,,,,,,58,63,66,44,66
T. Cognat,21,173,63,76,700000,78,59,63,67,42,63,,,,,,,,,,,,,,,,,,,,,59,63,67,42,63
J. Sinisterra,20,173,63,76,700000,77,58,54,67,27,54,,,,,,,,,,,,,,,,,,,,,58,54,67,27,54
V. Constantin,21,174,63,76,700000,80,60,56,65,25,51,,,,,,,,,,,,,,,,,,,,,60,56,65,25,51
F. Díaz,35,169,71,71,675000,72,50,66,69,69,68,,,,,,,,,,,,,,,,,,,,,50,66,69,69,68
Heitor Gesse,35,178,71,71,675000,78,55,66,63,69,61,,,,,,,,,,,,,,,,,,,,,55,66,63,69,61
Tramontinaldo,35,175,71,71,675000,67,50,70,67,71,56,,,,,,,,,,,,,,,,,,,,,50,70,67,71,56
Silvosinho,35,177,71,71,675000,67,54,63,58,68,67,,,,,,,,,,,,,,,,,,,,,54,63,58,68,67
Tony Muttinho,35,183,71,71,675000,70,48,64,64,70,72,,,,,,,,,,,,,,,,,,,,,48,64,64,70,72
João Bardinho,35,177,71,71,675000,75,58,71,74,68,57,,,,,,,,,,,,,,,,,,,,,58,71,74,68,57
Pita,34,187,70,70,675000,31,69,73,64,66,68,,,,,,,,,,,,,,,,,,,,,69,73,64,66,68
G. Peñalba,34,194,70,70,675000,51,66,70,65,67,76,,,,,,,,,,,,,,,,,,,,,66,70,65,67,76
M. Bogado,34,170,70,70,675000,64,67,69,69,64,67,,,,,,,,,,,,,,,,,,,,,67,69,69,64,67
J. Rzeźniczak,32,183,69,69,675000,72,51,55,56,66,82,,,,,,,,,,,,,,,,,,,,,51,55,56,66,82
M. Sonnleitner,32,182,69,69,675000,70,36,50,52,66,72,,,,,,,,,,,,,,,,,,,,,36,50,52,66,72
M. Troest,32,189,69,69,675000,43,26,39,44,66,80,,,,,,,,,,,,,,,,,,,,,26,39,44,66,80
Jesús Rueda,32,186,69,69,675000,49,57,58,53,68,77,,,,,,,,,,,,,,,,,,,,,57,58,53,68,77
S. Gonther,32,186,69,69,675000,51,33,45,41,69,68,,,,,,,,,,,,,,,,,,,,,33,45,41,69,68
Lombán,32,185,69,69,675000,48,54,60,53,69,69,,,,,,,,,,,,,,,,,,,,,54,60,53,69,69
D. Schmidt,32,187,69,69,675000,63,32,51,50,68,78,,,,,,,,,,,,,,,,,,,,,32,51,50,68,78
E. Reijnen,32,190,69,69,675000,37,30,56,54,67,72,,,,,,,,,,,,,,,,,,,,,30,56,54,67,72
M. Mancienne,31,186,68,68,675000,72,35,55,60,66,73,,,,,,,,,,,,,,,,,,,,,35,55,60,66,73
M. Bostwick,31,193,68,68,675000,50,58,48,48,64,88,,,,,,,,,,,,,,,,,,,,,58,48,48,64,88
P. Gibaud,31,184,68,68,675000,65,45,55,57,66,74,,,,,,,,,,,,,,,,,,,,,45,55,57,66,74
C. Gardner,32,176,68,68,675000,51,69,68,65,66,73,,,,,,,,,,,,,,,,,,,,,69,68,65,66,73
Dai Lin,31,188,68,68,675000,61,54,54,55,67,75,,,,,,,,,,,,,,,,,,,,,54,54,55,67,75
P. Fabian,31,193,68,68,675000,41,26,44,44,68,72,,,,,,,,,,,,,,,,,,,,,26,44,44,68,72
D. Toth,32,173,68,68,675000,68,58,70,66,65,66,,,,,,,,,,,,,,,,,,,,,58,70,66,65,66
Javi Castellano,31,182,68,68,675000,44,40,61,54,67,70,,,,,,,,,,,,,,,,,,,,,40,61,54,67,70
Héctor Rodas,31,190,68,68,675000,49,42,48,46,67,73,,,,,,,,,,,,,,,,,,,,,42,48,46,67,73
J. Leist,31,192,68,68,675000,43,29,42,44,66,79,,,,,,,,,,,,,,,,,,,,,29,42,44,66,79
D. Hediger,32,175,68,68,675000,71,62,65,63,62,87,,,,,,,,,,,,,,,,,,,,,62,65,63,62,87
G. Bunoza,31,197,68,68,675000,43,37,49,45,65,83,,,,,,,,,,,,,,,,,,,,,37,49,45,65,83
J. Williams,31,188,68,68,675000,61,46,59,57,67,74,,,,,,,,,,,,,,,,,,,,,46,59,57,67,74
F. Seymour,31,174,68,68,675000,69,53,62,56,66,79,,,,,,,,,,,,,,,,,,,,,53,62,56,66,79
F. Bong,31,187,68,68,675000,48,23,47,40,67,79,,,,,,,,,,,,,,,,,,,,,23,47,40,67,79
Éverton Luiz,31,173,68,68,675000,54,55,64,66,68,64,,,,,,,,,,,,,,,,,,,,,55,64,66,68,64
Gégé,31,184,68,68,675000,48,34,54,55,66,75,,,,,,,,,,,,,,,,,,,,,34,54,55,66,75
R. Rodríguez,31,183,68,68,675000,72,46,59,60,66,81,,,,,,,,,,,,,,,,,,,,,46,59,60,66,81
J. Mahecha,31,176,68,68,675000,55,60,68,65,66,63,,,,,,,,,,,,,,,,,,,,,60,68,65,66,63
I. Kecojević,31,191,68,68,675000,52,41,47,49,66,77,,,,,,,,,,,,,,,,,,,,,41,47,49,66,77
M. Arini,32,178,68,68,675000,56,50,63,64,59,81,,,,,,,,,,,,,,,,,,,,,50,63,64,59,81
H. Takahashi,31,184,68,68,675000,48,51,61,59,67,72,,,,,,,,,,,,,,,,,,,,,51,61,59,67,72
C. Osmanpaşa,31,182,68,68,675000,51,32,54,58,69,71,,,,,,,,,,,,,,,,,,,,,32,54,58,69,71
J. Miño,31,181,68,68,675000,72,50,57,57,65,85,,,,,,,,,,,,,,,,,,,,,50,57,57,65,85
Y. Takahagi,32,183,68,68,675000,35,61,68,65,55,61,,,,,,,,,,,,,,,,,,,,,61,68,65,55,61
B. Pitman,31,183,67,67,675000,48,70,60,61,29,65,,,,,,,,,,,,,,,,,,,,,70,60,61,29,65
A. Piccolo,31,175,67,67,675000,80,63,62,71,24,63,,,,,,,,,,,,,,,,,,,,,63,62,71,24,63
Zheng Long,31,178,67,67,675000,77,61,64,68,36,63,,,,,,,,,,,,,,,,,,,,,61,64,68,36,63
E. Kujović,31,194,67,67,675000,33,70,52,56,31,66,,,,,,,,,,,,,,,,,,,,,70,52,56,31,66
C. Noone,31,177,67,67,675000,77,59,62,71,39,57,,,,,,,,,,,,,,,,,,,,,59,62,71,39,57
C. Pontius,31,183,67,67,675000,58,68,65,67,55,71,,,,,,,,,,,,,,,,,,,,,68,65,67,55,71
Airam,31,180,67,67,675000,68,64,57,62,27,68,,,,,,,,,,,,,,,,,,,,,64,57,62,27,68
A. Straith,28,188,67,67,675000,57,34,50,52,65,77,,,,,,,,,,,,,,,,,,,,,34,50,52,65,77
E. O'Kane,28,173,67,67,675000,70,52,66,70,61,61,,,,,,,,,,,,,,,,,,,,,52,66,70,61,61
L. Marín,27,183,67,67,675000,70,51,60,66,65,74,,,,,,,,,,,,,,,,,,,,,51,60,66,65,74
L. Palmer,27,183,67,67,675000,75,58,64,65,61,72,,,,,,,,,,,,,,,,,,,,,58,64,65,61,72
L. Gikiewicz,31,189,67,67,675000,56,65,49,63,34,77,,,,,,,,,,,,,,,,,,,,,65,49,63,34,77
Nam Joon Jae,31,183,67,67,675000,82,61,58,69,30,70,,,,,,,,,,,,,,,,,,,,,61,58,69,30,70
R. Smallwood,28,180,67,67,675000,59,56,59,59,66,75,,,,,,,,,,,,,,,,,,,,,56,59,59,66,75
Park Jin Po,31,173,67,67,675000,82,62,61,67,68,74,,,,,,,,,,,,,,,,,,,,,62,61,67,68,74
A. Montalto,31,186,67,67,675000,57,69,48,64,31,69,,,,,,,,,,,,,,,,,,,,,69,48,64,31,69
M. Pušić,31,187,67,67,675000,66,65,58,64,41,76,,,,,,,,,,,,,,,,,,,,,65,58,64,41,76
S. Thesker,28,190,67,67,675000,42,39,46,52,68,73,,,,,,,,,,,,,,,,,,,,,39,46,52,68,73
M. Jahfali,28,185,67,67,675000,65,36,50,46,65,74,,,,,,,,,,,,,,,,,,,,,36,50,46,65,74
C. Arias,31,175,67,67,675000,70,65,53,64,35,62,,,,,,,,,,,,,,,,,,,,,65,53,64,35,62
D. Lovitz,27,178,67,67,675000,74,53,61,65,65,73,,,,,,,,,,,,,,,,,,,,,53,61,65,65,73
O. Salinas,31,169,67,67,675000,89,63,56,68,28,72,,,,,,,,,,,,,,,,,,,,,63,56,68,28,72
S. Aytaç,27,187,67,67,675000,73,49,61,66,66,73,,,,,,,,,,,,,,,,,,,,,49,61,66,66,73
L. Memela,31,167,67,67,675000,72,66,63,70,44,57,,,,,,,,,,,,,,,,,,,,,66,63,70,44,57
Kaio Aldair,27,175,67,67,675000,81,56,62,66,63,61,,,,,,,,,,,,,,,,,,,,,56,62,66,63,61
Breno Laranjeiro,31,181,67,67,675000,71,56,67,66,41,52,,,,,,,,,,,,,,,,,,,,,56,67,66,41,52
F. Bejan,28,187,67,67,675000,44,32,39,45,65,73,,,,,,,,,,,,,,,,,,,,,32,39,45,65,73
T. Ugajin,31,172,67,67,675000,70,61,65,67,55,68,,,,,,,,,,,,,,,,,,,,,61,65,67,55,68
Ricardo Alves,28,181,67,67,675000,68,40,49,52,65,71,,,,,,,,,,,,,,,,,,,,,40,49,52,65,71
Welliton Helmes,31,172,67,67,675000,74,63,61,71,30,55,,,,,,,,,,,,,,,,,,,,,63,61,71,30,55
Frederico Rendel,31,181,67,67,675000,77,65,62,66,36,69,,,,,,,,,,,,,,,,,,,,,65,62,66,36,69
Alex Doneiro,31,175,67,67,675000,66,71,58,68,28,57,,,,,,,,,,,,,,,,,,,,,71,58,68,28,57
Venanzio Meirás,31,184,67,67,675000,50,68,67,65,35,54,,,,,,,,,,,,,,,,,,,,,68,67,65,35,54
O. Sangante,28,188,67,67,675000,60,46,59,61,64,76,,,,,,,,,,,,,,,,,,,,,46,59,61,64,76
M. Ehmer,27,189,66,68,675000,62,53,54,60,66,71,,,,,,,,,,,,,,,,,,,,,53,54,60,66,71
J. Riedel,27,182,66,68,675000,74,36,53,63,65,69,,,,,,,,,,,,,,,,,,,,,36,53,63,65,69
Min Sang Gi,27,184,66,68,675000,79,38,38,48,63,79,,,,,,,,,,,,,,,,,,,,,38,38,48,63,79
S. Wootton,27,188,66,68,675000,50,24,50,55,66,70,,,,,,,,,,,,,,,,,,,,,24,50,55,66,70
C. Schoppenhauer,27,185,66,68,675000,49,21,37,41,67,69,,,,,,,,,,,,,,,,,,,,,21,37,41,67,69
Marquinhos Pedroso,25,178,66,68,675000,77,33,61,67,60,72,,,,,,,,,,,,,,,,,,,,,33,61,67,60,72
Luís Rocha,26,177,66,68,675000,73,60,67,68,62,66,,,,,,,,,,,,,,,,,,,,,60,67,68,62,66
A. Bušuladžić,27,187,66,68,675000,72,59,61,64,61,79,,,,,,,,,,,,,,,,,,,,,59,61,64,61,79
T. Ogihara,27,184,66,68,675000,67,43,63,61,61,70,,,,,,,,,,,,,,,,,,,,,43,63,61,61,70
M. Dube,26,168,66,68,675000,73,34,55,64,66,57,,,,,,,,,,,,,,,,,,,,,34,55,64,66,57
C. Rismark,27,193,66,68,675000,54,27,54,58,63,77,,,,,,,,,,,,,,,,,,,,,27,54,58,63,77
S. Gbegnon,27,188,66,68,675000,63,48,58,54,62,72,,,,,,,,,,,,,,,,,,,,,48,58,54,62,72
A. Atouchi,27,182,66,68,675000,59,30,38,36,69,66,,,,,,,,,,,,,,,,,,,,,30,38,36,69,66
N. Bakker,26,189,66,67,675000,68,34,52,53,65,71,,,,,,,,,,,,,,,,,,,,,34,52,53,65,71
P. Göbel,25,169,66,67,675000,76,55,70,69,56,66,,,,,,,,,,,,,,,,,,,,,55,70,69,56,66
N. Hagglund,26,185,66,67,675000,47,29,56,52,63,72,,,,,,,,,,,,,,,,,,,,,29,56,52,63,72
Arthur Henrique,25,176,66,67,675000,64,49,66,69,63,60,,,,,,,,,,,,,,,,,,,,,49,66,69,63,60
M. Godden,27,185,66,66,675000,64,65,42,64,27,66,,,,,,,,,,,,,,,,,,,,,65,42,64,27,66
J. Baxter,27,175,66,66,675000,62,66,66,66,39,64,,,,,,,,,,,,,,,,,,,,,66,66,66,39,64
B. Inman,27,185,66,66,675000,79,59,59,67,43,56,,,,,,,,,,,,,,,,,,,,,59,59,67,43,56
A. Cook,28,185,66,66,675000,66,64,52,61,25,84,,,,,,,,,,,,,,,,,,,,,64,52,61,25,84
D. Rowe,27,183,66,66,675000,85,60,59,71,32,58,,,,,,,,,,,,,,,,,,,,,60,59,71,32,58
M. Sansores,28,174,66,66,675000,68,63,53,64,35,58,,,,,,,,,,,,,,,,,,,,,63,53,64,35,58
R. Torres,27,169,66,66,675000,74,61,63,72,40,45,,,,,,,,,,,,,,,,,,,,,61,63,72,40,45
M. Meilinger,27,180,66,66,675000,71,63,64,67,33,60,,,,,,,,,,,,,,,,,,,,,63,64,67,33,60
Y. Qasmi,28,183,66,66,675000,56,65,46,60,30,65,,,,,,,,,,,,,,,,,,,,,65,46,60,30,65
Yun Il Lok,27,178,66,66,675000,73,58,66,63,46,68,,,,,,,,,,,,,,,,,,,,,58,66,63,46,68
A. Luna,27,169,66,66,675000,85,63,63,68,35,45,,,,,,,,,,,,,,,,,,,,,63,63,68,35,45
B. Blume,27,176,66,66,675000,73,56,59,69,45,63,,,,,,,,,,,,,,,,,,,,,56,59,69,45,63
T. Lehne Olsen,28,187,66,66,675000,76,65,56,61,26,77,,,,,,,,,,,,,,,,,,,,,65,56,61,26,77
A. Vuletich,27,185,66,66,675000,67,62,54,61,30,78,,,,,,,,,,,,,,,,,,,,,62,54,61,30,78
Jeong Woo Jae,27,179,66,66,675000,73,60,63,66,63,68,,,,,,,,,,,,,,,,,,,,,60,63,66,63,68
M. Bilate,27,191,66,66,675000,80,65,47,58,24,76,,,,,,,,,,,,,,,,,,,,,65,47,58,24,76
Danilo Sacrio,27,176,66,66,675000,86,64,45,68,27,59,,,,,,,,,,,,,,,,,,,,,64,45,68,27,59
Y. Komai,27,168,66,66,675000,74,61,63,69,53,52,,,,,,,,,,,,,,,,,,,,,61,63,69,53,52
Kauã Reisende,27,182,66,66,675000,70,59,62,65,28,54,,,,,,,,,,,,,,,,,,,,,59,62,65,28,54
Luis Marleiro,27,178,66,66,675000,81,67,52,62,36,73,,,,,,,,,,,,,,,,,,,,,67,52,62,36,73
M. Bär,27,184,66,66,675000,75,56,63,66,38,62,,,,,,,,,,,,,,,,,,,,,56,63,66,38,62
F. Serrarens,28,188,66,66,675000,69,65,56,61,34,72,,,,,,,,,,,,,,,,,,,,,65,56,61,34,72
N. Vélez,28,173,66,66,675000,66,65,54,70,20,59,,,,,,,,,,,,,,,,,,,,,65,54,70,20,59
J. Maroof,27,177,66,66,675000,82,61,59,65,39,66,,,,,,,,,,,,,,,,,,,,,61,59,65,39,66
S. Srnić,27,174,66,66,675000,64,62,65,67,41,52,,,,,,,,,,,,,,,,,,,,,62,65,67,41,52
N. Bilbija,28,181,66,66,675000,68,65,59,67,33,72,,,,,,,,,,,,,,,,,,,,,65,59,67,33,72
J. Willis,24,180,65,72,675000,77,25,43,56,63,72,,,,,,,,,,,,,,,,,,,,,25,43,56,63,72
R. Yalçın,25,183,65,72,675000,60,45,62,68,60,65,,,,,,,,,,,,,,,,,,,,,45,62,68,60,65
M. Desler,24,184,65,72,675000,78,58,59,66,60,59,,,,,,,,,,,,,,,,,,,,,58,59,66,60,59
I. Ssewankambo,23,179,65,72,675000,79,36,57,61,59,84,,,,,,,,,,,,,,,,,,,,,36,57,61,59,84
C. Elder,24,180,65,72,675000,74,34,56,62,62,67,,,,,,,,,,,,,,,,,,,,,34,56,62,62,67
M. Derrien,25,182,65,72,675000,57,32,43,42,65,65,,,,,,,,,,,,,,,,,,,,,32,43,42,65,65
B. Purrington,23,178,65,72,675000,70,45,59,63,63,68,,,,,,,,,,,,,,,,,,,,,45,59,63,63,68
N. Sonko Sundberg,23,187,65,72,675000,70,44,46,50,62,75,,,,,,,,,,,,,,,,,,,,,44,46,50,62,75
G. Wüthrich,24,192,65,72,675000,52,28,43,47,65,73,,,,,,,,,,,,,,,,,,,,,28,43,47,65,73
D. van Bruggen,23,185,65,72,675000,64,56,49,54,62,72,,,,,,,,,,,,,,,,,,,,,56,49,54,62,72
F. Rawson,22,193,65,72,675000,58,27,45,47,63,74,,,,,,,,,,,,,,,,,,,,,27,45,47,63,74
T. Moore,21,173,65,72,675000,83,37,53,60,60,65,,,,,,,,,,,,,,,,,,,,,37,53,60,60,65
H. Matynia,23,182,65,72,675000,79,45,52,59,61,57,,,,,,,,,,,,,,,,,,,,,45,52,59,61,57
Carlos Blanco,23,188,65,72,675000,33,39,52,51,66,62,,,,,,,,,,,,,,,,,,,,,39,52,51,66,62
P. Jaquez,23,181,65,72,675000,59,28,43,50,65,64,,,,,,,,,,,,,,,,,,,,,28,43,50,65,64
R. Sweeney,22,193,65,72,675000,65,34,50,52,63,77,,,,,,,,,,,,,,,,,,,,,34,50,52,63,77
B. Karamoko,24,195,65,72,675000,50,29,39,39,62,77,,,,,,,,,,,,,,,,,,,,,29,39,39,62,77
E. Yao,23,182,65,72,675000,69,31,43,54,62,72,,,,,,,,,,,,,,,,,,,,,31,43,54,62,72
G. Dulanto,23,194,65,72,675000,46,37,43,40,65,75,,,,,,,,,,,,,,,,,,,,,37,43,40,65,75
M. Caufriez,22,185,65,72,675000,52,25,47,46,63,70,,,,,,,,,,,,,,,,,,,,,25,47,46,63,70
J. Lelieveld,21,178,65,72,675000,73,44,57,61,63,65,,,,,,,,,,,,,,,,,,,,,44,57,61,63,65
D. Schad,22,176,65,72,675000,83,39,55,62,58,64,,,,,,,,,,,,,,,,,,,,,39,55,62,58,64
Josema,23,184,65,72,675000,60,31,42,41,64,63,,,,,,,,,,,,,,,,,,,,,31,42,41,64,63
K. Ford,23,188,65,72,675000,65,27,35,44,62,78,,,,,,,,,,,,,,,,,,,,,27,35,44,62,78
H. Suárez,25,171,65,72,675000,65,59,60,64,61,62,,,,,,,,,,,,,,,,,,,,,59,60,64,61,62
T. Dekker,21,184,65,72,675000,72,29,58,59,63,66,,,,,,,,,,,,,,,,,,,,,29,58,59,63,66
D. Volkmer,23,194,65,72,675000,51,36,49,44,63,72,,,,,,,,,,,,,,,,,,,,,36,49,44,63,72
E. Karic,22,186,65,72,675000,75,40,55,61,58,70,,,,,,,,,,,,,,,,,,,,,40,55,61,58,70
D. Crnomarković,25,188,65,72,675000,69,27,40,42,65,67,,,,,,,,,,,,,,,,,,,,,27,40,42,65,67
Henrique Gomes,23,185,65,72,675000,60,31,47,62,65,68,,,,,,,,,,,,,,,,,,,,,31,47,62,65,68
R. Inniss,24,196,65,71,675000,32,33,42,38,63,77,,,,,,,,,,,,,,,,,,,,,33,42,38,63,77
A. Dźwigała,23,185,65,71,675000,67,43,51,53,61,71,,,,,,,,,,,,,,,,,,,,,43,51,53,61,71
B. Kwiecień,25,189,65,71,675000,64,53,54,55,63,82,,,,,,,,,,,,,,,,,,,,,53,54,55,63,82
H. McGahey,23,187,65,71,675000,76,32,47,48,64,73,,,,,,,,,,,,,,,,,,,,,32,47,48,64,73
E. O'Connell,23,191,65,71,675000,48,41,50,56,61,73,,,,,,,,,,,,,,,,,,,,,41,50,56,61,73
L. Klemenz,23,191,65,71,675000,63,23,38,35,63,72,,,,,,,,,,,,,,,,,,,,,23,38,35,63,72
Lucas Marques,24,178,65,71,675000,65,52,58,60,63,68,,,,,,,,,,,,,,,,,,,,,52,58,60,63,68
G. Lillard,23,193,65,71,675000,49,27,42,37,65,72,,,,,,,,,,,,,,,,,,,,,27,42,37,65,72
S. Hatanaka,23,184,65,71,675000,60,34,50,47,63,72,,,,,,,,,,,,,,,,,,,,,34,50,47,63,72
M. Crooks,25,192,65,69,675000,66,54,58,64,60,77,,,,,,,,,,,,,,,,,,,,,54,58,64,60,77
G. Lefebvre,25,174,65,69,675000,66,52,64,64,60,55,,,,,,,,,,,,,,,,,,,,,52,64,64,60,55
F. Ávila,25,179,65,69,675000,79,39,62,70,61,63,,,,,,,,,,,,,,,,,,,,,39,62,70,61,63
Marcelo Freitas,25,183,65,69,675000,54,62,64,67,51,73,,,,,,,,,,,,,,,,,,,,,62,64,67,51,73
T. Puangchan,25,178,65,69,675000,66,52,59,64,61,67,,,,,,,,,,,,,,,,,,,,,52,59,64,61,67
I. Biceanu,25,178,65,69,675000,70,55,58,64,53,66,,,,,,,,,,,,,,,,,,,,,55,58,64,53,66
D. Hočko,25,175,65,69,675000,64,49,62,65,59,60,,,,,,,,,,,,,,,,,,,,,49,62,65,59,60
L. Madrigal,26,191,65,68,675000,35,64,59,57,36,73,,,,,,,,,,,,,,,,,,,,,64,59,57,36,73
J. Clark,25,183,65,68,675000,80,56,61,67,47,61,,,,,,,,,,,,,,,,,,,,,56,61,67,47,61
S. Tronstad,23,174,65,68,675000,67,59,61,68,57,59,,,,,,,,,,,,,,,,,,,,,59,61,68,57,59
Y. Otubanjo,26,177,65,68,675000,74,64,49,67,21,59,,,,,,,,,,,,,,,,,,,,,64,49,67,21,59
J. Becerra,25,168,65,68,675000,82,48,62,70,46,50,,,,,,,,,,,,,,,,,,,,,48,62,70,46,50
H. Rivera,25,175,65,68,675000,70,58,64,66,42,62,,,,,,,,,,,,,,,,,,,,,58,64,66,42,62
C. Palomeque,25,170,65,68,675000,84,60,60,70,38,65,,,,,,,,,,,,,,,,,,,,,60,60,70,38,65
F. Kath,24,186,65,68,675000,74,56,58,68,40,60,,,,,,,,,,,,,,,,,,,,,56,58,68,40,60
G. De Feo,25,171,65,68,675000,80,58,56,71,26,48,,,,,,,,,,,,,,,,,,,,,58,56,71,26,48
Luís Cortez,25,174,65,68,675000,68,59,64,67,38,51,,,,,,,,,,,,,,,,,,,,,59,64,67,38,51
O. Mfulu,25,183,65,68,675000,59,45,59,62,66,74,,,,,,,,,,,,,,,,,,,,,45,59,62,66,74
A. Al Bishi,25,173,65,68,675000,89,55,58,67,27,66,,,,,,,,,,,,,,,,,,,,,55,58,67,27,66
B. Vécsei,25,185,65,68,675000,57,61,66,70,54,69,,,,,,,,,,,,,,,,,,,,,61,66,70,54,69
K. Shelton,26,191,65,68,675000,75,56,56,65,37,72,,,,,,,,,,,,,,,,,,,,,56,56,65,37,72
K. Anderson,24,178,65,68,675000,82,64,56,68,21,54,,,,,,,,,,,,,,,,,,,,,64,56,68,21,54
Rafa de Vicente,25,180,65,68,675000,64,58,67,66,49,57,,,,,,,,,,,,,,,,,,,,,58,67,66,49,57
S. Skålevik,26,180,65,68,675000,73,64,51,61,26,61,,,,,,,,,,,,,,,,,,,,,64,51,61,26,61
F. Gytkjær,26,180,65,68,675000,70,63,56,67,31,60,,,,,,,,,,,,,,,,,,,,,63,56,67,31,60
G. Iancu,25,186,65,68,675000,69,65,64,64,41,70,,,,,,,,,,,,,,,,,,,,,65,64,64,41,70
F. Barceló,26,174,65,68,675000,70,65,46,64,26,53,,,,,,,,,,,,,,,,,,,,,65,46,64,26,53
N. Hansen,24,178,65,68,675000,81,57,60,64,45,60,,,,,,,,,,,,,,,,,,,,,57,60,64,45,60
J. Hernández,26,182,65,68,675000,73,66,46,59,23,62,,,,,,,,,,,,,,,,,,,,,66,46,59,23,62
W. Semedo,25,185,65,68,675000,73,63,60,67,36,63,,,,,,,,,,,,,,,,,,,,,63,60,67,36,63
Lucas Xavier,24,179,65,68,675000,67,58,64,67,28,49,,,,,,,,,,,,,,,,,,,,,58,64,67,28,49
C. Lavery,26,180,65,67,675000,75,65,56,66,36,66,,,,,,,,,,,,,,,,,,,,,65,56,66,36,66
M. Aramu,24,180,65,67,675000,73,61,66,73,45,57,,,,,,,,,,,,,,,,,,,,,61,66,73,45,57
M. Al Saiari,26,182,65,67,675000,69,61,53,61,36,69,,,,,,,,,,,,,,,,,,,,,61,53,61,36,69
S. Buș,26,185,65,67,675000,67,65,48,60,31,70,,,,,,,,,,,,,,,,,,,,,65,48,60,31,70
Lim Chan Wool,24,176,65,67,675000,73,59,64,65,45,65,,,,,,,,,,,,,,,,,,,,,59,64,65,45,65
Vitinho,19,175,64,75,675000,74,30,58,71,59,64,,,,,,,,,,,,,,,,,,,,,30,58,71,59,64
L. Šatka,23,188,64,74,675000,55,29,44,49,64,66,,,,,,,,,,,,,,,,,,,,,29,44,49,64,66
K. Bryan,22,185,64,74,675000,62,51,58,61,61,71,,,,,,,,,,,,,,,,,,,,,51,58,61,61,71
R. Sykes,20,196,64,74,675000,62,30,40,48,62,72,,,,,,,,,,,,,,,,,,,,,30,40,48,62,72
O. Kiomourtzoglou,21,188,64,74,675000,67,39,52,55,63,74,,,,,,,,,,,,,,,,,,,,,39,52,55,63,74
S. McLoughlin,22,191,64,74,675000,54,31,49,54,62,70,,,,,,,,,,,,,,,,,,,,,31,49,54,62,70
E. Zehir,21,183,64,74,675000,66,38,55,59,63,65,,,,,,,,,,,,,,,,,,,,,38,55,59,63,65
Miguel Ángel,21,191,64,74,675000,40,27,35,36,62,64,,,,,,,,,,,,,,,,,,,,,27,35,36,62,64
F. Sgarbi,21,191,64,74,675000,62,29,37,36,64,69,,,,,,,,,,,,,,,,,,,,,29,37,36,64,69
D. Abels,22,179,64,74,675000,55,26,36,46,64,66,,,,,,,,,,,,,,,,,,,,,26,36,46,64,66
M. O'Hara,23,183,64,73,675000,71,53,61,64,53,73,,,,,,,,,,,,,,,,,,,,,53,61,64,53,73
G. Zelalem,22,180,64,73,675000,55,50,66,66,44,53,,,,,,,,,,,,,,,,,,,,,50,66,66,44,53
K. Dempsey,23,178,64,73,675000,71,57,65,66,42,65,,,,,,,,,,,,,,,,,,,,,57,65,66,42,65
A. Cannon,23,176,64,73,675000,77,50,62,66,60,67,,,,,,,,,,,,,,,,,,,,,50,62,66,60,67
C. Nwakali,22,173,64,73,675000,75,60,60,65,61,68,,,,,,,,,,,,,,,,,,,,,60,60,65,61,68
J. Segre,22,185,64,73,675000,60,60,60,63,53,59,,,,,,,,,,,,,,,,,,,,,60,60,63,53,59
S. Briñone,22,190,64,73,675000,53,46,57,60,61,75,,,,,,,,,,,,,,,,,,,,,46,57,60,61,75
Jorge Vilela,23,178,64,73,675000,65,55,63,65,50,61,,,,,,,,,,,,,,,,,,,,,55,63,65,50,61
M. Kallesøe,22,193,64,72,675000,78,62,54,63,41,67,,,,,,,,,,,,,,,,,,,,,62,54,63,41,67
R. Hardie,22,188,64,72,675000,86,62,43,63,23,56,,,,,,,,,,,,,,,,,,,,,62,43,63,23,56
Lee Sang Heon,21,178,64,72,675000,71,60,57,67,45,60,,,,,,,,,,,,,,,,,,,,,60,57,67,45,60
E. Huth,22,185,64,72,675000,78,63,47,64,20,66,,,,,,,,,,,,,,,,,,,,,63,47,64,20,66
J. Cortizo,23,172,64,72,675000,77,62,61,66,44,57,,,,,,,,,,,,,,,,,,,,,62,61,66,44,57
A. Danladi,23,178,64,72,675000,77,63,54,65,39,63,,,,,,,,,,,,,,,,,,,,,63,54,65,39,63
M. Dembélé,22,184,64,72,675000,76,64,46,60,21,58,,,,,,,,,,,,,,,,,,,,,64,46,60,21,58
T. Chahed,23,184,64,72,675000,80,52,57,68,31,58,,,,,,,,,,,,,,,,,,,,,52,57,68,31,58
J. Guillemenot,21,182,64,72,675000,70,61,51,62,33,62,,,,,,,,,,,,,,,,,,,,,61,51,62,33,62
A. Cruz,23,170,64,72,675000,72,53,57,67,57,61,,,,,,,,,,,,,,,,,,,,,53,57,67,57,61
R. Karjalainen,23,185,64,72,675000,73,62,57,62,32,58,,,,,,,,,,,,,,,,,,,,,62,57,62,32,58
D. Hanslik,22,186,64,72,675000,70,64,53,59,25,65,,,,,,,,,,,,,,,,,,,,,64,53,59,25,65
S. Özcan,23,166,64,72,675000,81,54,57,69,42,52,,,,,,,,,,,,,,,,,,,,,54,57,69,42,52
Kirian,23,180,64,72,675000,66,54,63,63,47,57,,,,,,,,,,,,,,,,,,,,,54,63,63,47,57
H. Massengo,17,177,63,83,675000,69,47,59,62,61,62,,,,,,,,,,,,,,,,,,,,,47,59,62,61,62
J. Gvardiol,17,186,63,82,675000,73,31,47,56,59,75,,,,,,,,,,,,,,,,,,,,,31,47,56,59,75
G. Gül,20,180,63,76,675000,63,27,49,58,62,67,,,,,,,,,,,,,,,,,,,,,27,49,58,62,67
K. Sterling,20,175,63,75,675000,76,65,41,62,23,49,,,,,,,,,,,,,,,,,,,,,65,41,62,23,49
B. Vazquez,20,191,63,75,675000,68,60,47,57,20,66,,,,,,,,,,,,,,,,,,,,,60,47,57,20,66
B. Ngissah,21,184,63,75,675000,66,62,47,61,29,59,,,,,,,,,,,,,,,,,,,,,62,47,61,29,59
M. Toye,20,191,63,75,675000,71,60,40,63,29,68,,,,,,,,,,,,,,,,,,,,,60,40,63,29,68
E. Aguirre,20,176,63,75,675000,78,62,46,63,19,53,,,,,,,,,,,,,,,,,,,,,62,46,63,19,53
Leandro Cardoso,20,180,63,75,675000,71,61,51,64,23,54,,,,,,,,,,,,,,,,,,,,,61,51,64,23,54
B. Gilmour,18,170,62,84,675000,59,50,65,65,45,42,,,,,,,,,,,,,,,,,,,,,50,65,65,45,42
B. Fofana,20,182,62,80,675000,77,58,53,69,29,50,,,,,,,,,,,,,,,,,,,,,58,53,69,29,50
C. Slattery,20,190,62,79,675000,60,58,57,61,43,64,,,,,,,,,,,,,,,,,,,,,58,57,61,43,64
J. Kade,20,181,62,79,675000,67,52,59,67,61,36,,,,,,,,,,,,,,,,,,,,,52,59,67,61,36
A. Adouyev,20,181,62,79,675000,74,54,59,71,47,54,,,,,,,,,,,,,,,,,,,,,54,59,71,47,54
J. Mlakar,20,183,62,78,675000,63,61,48,60,24,59,,,,,,,,,,,,,,,,,,,,,61,48,60,24,59
A. Pululu,20,175,62,78,675000,82,59,47,66,23,61,,,,,,,,,,,,,,,,,,,,,59,47,66,23,61
A. Opoku,20,185,62,78,675000,72,50,58,66,44,57,,,,,,,,,,,,,,,,,,,,,50,58,66,44,57
B. Anderson,20,177,62,78,675000,73,62,45,63,18,45,,,,,,,,,,,,,,,,,,,,,62,45,63,18,45
O. Fernandez,20,175,62,78,675000,74,51,57,67,44,58,,,,,,,,,,,,,,,,,,,,,51,57,67,44,58
D. Salazar,20,180,62,77,675000,68,60,46,66,28,56,,,,,,,,,,,,,,,,,,,,,60,46,66,28,56
D. Keillor-Dunn,21,180,62,77,675000,78,53,55,63,26,53,,,,,,,,,,,,,,,,,,,,,53,55,63,26,53
T. Kehinde,21,178,62,77,675000,75,50,59,64,39,62,,,,,,,,,,,,,,,,,,,,,50,59,64,39,62
J. Villalba,20,174,62,77,675000,69,66,49,64,24,44,,,,,,,,,,,,,,,,,,,,,66,49,64,24,44
D. Otto,20,185,62,77,675000,65,62,47,55,23,59,,,,,,,,,,,,,,,,,,,,,62,47,55,23,59
M. Trovato,21,182,62,77,675000,68,60,59,64,33,54,,,,,,,,,,,,,,,,,,,,,60,59,64,33,54
R. Tugarev,20,170,62,77,675000,75,54,61,57,50,47,,,,,,,,,,,,,,,,,,,,,54,61,57,50,47
A. Schäfer,20,179,62,77,675000,75,49,57,61,52,47,,,,,,,,,,,,,,,,,,,,,49,57,61,52,47
B. Ashley-Seal,20,187,62,76,675000,76,58,43,59,24,60,,,,,,,,,,,,,,,,,,,,,58,43,59,24,60
G. Simeone,20,181,62,76,675000,59,62,47,56,31,62,,,,,,,,,,,,,,,,,,,,,62,47,56,31,62
Baselga,20,178,62,76,675000,66,63,52,64,25,51,,,,,,,,,,,,,,,,,,,,,63,52,64,25,51
R. Uldrikis,21,198,62,76,675000,45,61,50,54,33,77,,,,,,,,,,,,,,,,,,,,,61,50,54,33,77
Dani Sandoval,21,178,62,76,675000,78,58,56,65,19,49,,,,,,,,,,,,,,,,,,,,,58,56,65,19,49
T. Hoogland,34,183,70,70,650000,46,61,60,62,69,70,,,,,,,,,,,,,,,,,,,,,61,60,62,69,70
Claiton,34,188,70,70,650000,45,23,36,51,69,72,,,,,,,,,,,,,,,,,,,,,23,36,51,69,72
M. Mantovani,34,184,70,70,650000,33,42,53,57,71,69,,,,,,,,,,,,,,,,,,,,,42,53,57,71,69
D. Peralta,34,188,70,70,650000,33,51,50,58,68,79,,,,,,,,,,,,,,,,,,,,,51,50,58,68,79
F. Klein,32,182,69,69,650000,71,59,66,69,66,72,,,,,,,,,,,,,,,,,,,,,59,66,69,66,72
U. Uçar,32,180,69,69,650000,60,42,62,69,68,70,,,,,,,,,,,,,,,,,,,,,42,62,69,68,70
Park Chu Young,33,182,69,69,650000,64,70,68,69,37,61,,,,,,,,,,,,,,,,,,,,,70,68,69,37,61
D. Milićević,33,172,69,69,650000,54,69,73,68,36,42,,,,,,,,,,,,,,,,,,,,,69,73,68,36,42
G. Boyd,33,186,69,69,650000,59,68,68,71,63,62,,,,,,,,,,,,,,,,,,,,,68,68,71,63,62
J. van den Bergh,32,183,69,69,650000,68,40,63,65,67,68,,,,,,,,,,,,,,,,,,,,,40,63,65,67,68
A. Dona Ndoh,33,186,69,69,650000,67,68,54,59,27,76,,,,,,,,,,,,,,,,,,,,,68,54,59,27,76
Mano,32,170,69,69,650000,77,48,60,70,65,61,,,,,,,,,,,,,,,,,,,,,48,60,70,65,61
Leandro Carrijo,33,186,69,69,650000,59,70,54,64,26,70,,,,,,,,,,,,,,,,,,,,,70,54,64,26,70
B. Parker,33,170,69,69,650000,73,70,67,74,38,54,,,,,,,,,,,,,,,,,,,,,70,67,74,38,54
S. Beitashour,32,178,69,69,650000,71,51,66,68,66,72,,,,,,,,,,,,,,,,,,,,,51,66,68,66,72
C. Tainmont,33,184,69,69,650000,64,67,69,67,42,68,,,,,,,,,,,,,,,,,,,,,67,69,67,42,68
E. Juárez,31,180,68,68,650000,71,55,66,66,65,74,,,,,,,,,,,,,,,,,,,,,55,66,66,65,74
D. Gray,31,183,68,68,650000,70,42,60,63,67,75,,,,,,,,,,,,,,,,,,,,,42,60,63,67,75
Canella,31,179,68,68,650000,69,49,65,65,66,74,,,,,,,,,,,,,,,,,,,,,49,65,65,66,74
Zou Zheng,31,178,68,68,650000,77,53,63,65,67,65,,,,,,,,,,,,,,,,,,,,,53,63,65,67,65
A. Feick,31,179,68,68,650000,69,62,62,64,67,71,,,,,,,,,,,,,,,,,,,,,62,62,64,67,71
F. Migliore,31,173,68,68,650000,72,36,61,66,63,77,,,,,,,,,,,,,,,,,,,,,36,61,66,63,77
A. Meijers,31,176,68,68,650000,71,57,68,70,65,72,,,,,,,,,,,,,,,,,,,,,57,68,70,65,72
F. Renzetti,31,173,68,68,650000,80,52,62,64,62,74,,,,,,,,,,,,,,,,,,,,,52,62,64,62,74
Dani Castellano,31,180,68,68,650000,72,51,64,71,64,72,,,,,,,,,,,,,,,,,,,,,51,64,71,64,72
J. Cuffaut,31,180,68,68,650000,69,39,62,61,66,73,,,,,,,,,,,,,,,,,,,,,39,62,61,66,73
R. Kristiansen,31,183,68,68,650000,83,45,57,65,63,67,,,,,,,,,,,,,,,,,,,,,45,57,65,63,67
J. Mombris,31,187,68,68,650000,75,34,55,61,64,72,,,,,,,,,,,,,,,,,,,,,34,55,61,64,72
F. Cordero,31,172,68,68,650000,74,57,65,67,62,64,,,,,,,,,,,,,,,,,,,,,57,65,67,62,64
G. Díaz,31,175,68,68,650000,69,61,70,72,62,73,,,,,,,,,,,,,,,,,,,,,61,70,72,62,73
M. Costanzo,31,179,67,67,650000,54,67,65,67,53,57,,,,,,,,,,,,,,,,,,,,,67,65,67,53,57
K. Pearce,29,188,67,67,650000,67,38,43,58,64,82,,,,,,,,,,,,,,,,,,,,,38,43,58,64,82
G. Corral,28,172,67,67,650000,68,55,62,64,64,66,,,,,,,,,,,,,,,,,,,,,55,62,64,64,66
M. Bruscagin,29,182,67,67,650000,56,23,52,54,66,69,,,,,,,,,,,,,,,,,,,,,23,52,54,66,69
M. Jurman,29,191,67,67,650000,43,41,54,48,66,78,,,,,,,,,,,,,,,,,,,,,41,54,48,66,78
M. Davidson,31,183,67,67,650000,72,59,62,67,62,79,,,,,,,,,,,,,,,,,,,,,59,62,67,62,79
N. Thompson,28,172,67,67,650000,68,38,54,62,68,81,,,,,,,,,,,,,,,,,,,,,38,54,62,68,81
A. Soiledis,28,181,67,67,650000,70,42,61,67,63,65,,,,,,,,,,,,,,,,,,,,,42,61,67,63,65
A. Uludağ,28,180,67,67,650000,73,61,62,67,65,69,,,,,,,,,,,,,,,,,,,,,61,62,67,65,69
K. Kanak,28,173,67,67,650000,81,65,59,74,60,66,,,,,,,,,,,,,,,,,,,,,65,59,74,60,66
A. Calisir,29,180,67,67,650000,60,32,54,56,66,71,,,,,,,,,,,,,,,,,,,,,32,54,56,66,71
E. Borelli,28,164,67,67,650000,71,42,57,64,65,62,,,,,,,,,,,,,,,,,,,,,42,57,64,65,62
J. Lauridsen,28,180,67,67,650000,74,45,65,65,62,67,,,,,,,,,,,,,,,,,,,,,45,65,65,62,67
Sin Se Gye,28,178,67,67,650000,86,58,66,63,60,70,,,,,,,,,,,,,,,,,,,,,58,66,63,60,70
Héctor,28,171,67,67,650000,82,45,58,67,63,69,,,,,,,,,,,,,,,,,,,,,45,58,67,63,69
W. Kamavuaka,29,188,67,67,650000,64,43,56,57,69,75,,,,,,,,,,,,,,,,,,,,,43,56,57,69,75
Tekio,28,175,67,67,650000,69,39,54,52,66,77,,,,,,,,,,,,,,,,,,,,,39,54,52,66,77
M. Dos Santos,29,182,67,67,650000,57,40,54,51,63,75,,,,,,,,,,,,,,,,,,,,,40,54,51,63,75
M. Welzmüller,29,177,67,67,650000,68,49,66,61,62,68,,,,,,,,,,,,,,,,,,,,,49,66,61,62,68
A. Jovanović,29,196,67,67,650000,59,28,34,40,69,75,,,,,,,,,,,,,,,,,,,,,28,34,40,69,75
A. Barrios,28,183,67,67,650000,72,53,57,57,67,71,,,,,,,,,,,,,,,,,,,,,53,57,57,67,71
M. Sušić,28,181,67,67,650000,70,46,60,63,63,71,,,,,,,,,,,,,,,,,,,,,46,60,63,63,71
J. Gómez,28,182,67,67,650000,69,46,59,61,66,76,,,,,,,,,,,,,,,,,,,,,46,59,61,66,76
W. Francis,28,175,67,67,650000,73,49,62,62,65,66,,,,,,,,,,,,,,,,,,,,,49,62,62,65,66
K. Fisker,31,170,67,67,650000,69,63,69,70,46,74,,,,,,,,,,,,,,,,,,,,,63,69,70,46,74
Bai Jiajun,28,166,67,67,650000,74,48,59,63,62,62,,,,,,,,,,,,,,,,,,,,,48,59,63,62,62
R. Noya,29,194,67,67,650000,46,35,43,43,64,77,,,,,,,,,,,,,,,,,,,,,35,43,43,64,77
J. Christjansen,31,182,67,67,650000,69,58,62,65,60,77,,,,,,,,,,,,,,,,,,,,,58,62,65,60,77
A. Cissé,29,180,67,67,650000,60,42,57,65,67,65,,,,,,,,,,,,,,,,,,,,,42,57,65,67,65
A. Boyle,28,178,66,68,650000,54,37,51,49,65,75,,,,,,,,,,,,,,,,,,,,,37,51,49,65,75
Q. Jansen,28,193,66,68,650000,64,39,43,43,65,72,,,,,,,,,,,,,,,,,,,,,39,43,43,65,72
H. Pell,27,193,66,67,650000,67,61,60,62,60,80,,,,,,,,,,,,,,,,,,,,,61,60,62,60,80
B. Kopacz,27,188,66,67,650000,67,33,52,50,66,76,,,,,,,,,,,,,,,,,,,,,33,52,50,66,76
A. De Vitis,27,184,66,67,650000,64,61,63,66,64,72,,,,,,,,,,,,,,,,,,,,,61,63,66,64,72
R. Pietrzak,27,176,66,67,650000,75,55,58,63,62,66,,,,,,,,,,,,,,,,,,,,,55,58,63,62,66
M. Thiede,27,178,66,67,650000,72,46,62,66,61,64,,,,,,,,,,,,,,,,,,,,,46,62,66,61,64
J. Bartkowski,27,181,66,67,650000,77,39,59,60,60,66,,,,,,,,,,,,,,,,,,,,,39,59,60,60,66
T. Naylor,28,188,66,67,650000,62,58,59,62,65,79,,,,,,,,,,,,,,,,,,,,,58,59,62,65,79
A. Jung,27,185,66,67,650000,71,59,65,64,63,74,,,,,,,,,,,,,,,,,,,,,59,65,64,63,74
F. Evangelista,27,185,66,67,650000,66,52,59,63,65,71,,,,,,,,,,,,,,,,,,,,,52,59,63,65,71
Q. Moll,28,182,66,67,650000,58,50,61,57,63,68,,,,,,,,,,,,,,,,,,,,,50,61,57,63,68
M. Lackner,28,193,66,67,650000,40,43,57,55,66,76,,,,,,,,,,,,,,,,,,,,,43,57,55,66,76
Kwon Kyung Won,27,188,66,67,650000,54,37,58,58,63,75,,,,,,,,,,,,,,,,,,,,,37,58,58,63,75
R. Gabriel,28,195,66,67,650000,41,45,57,60,61,85,,,,,,,,,,,,,,,,,,,,,45,57,60,61,85
F. Milo,27,180,66,67,650000,80,57,57,71,61,71,,,,,,,,,,,,,,,,,,,,,57,57,71,61,71
Michael Pinto,26,176,66,67,650000,68,34,59,68,63,66,,,,,,,,,,,,,,,,,,,,,34,59,68,63,66
F. Viáfara,27,167,66,67,650000,86,52,52,67,59,54,,,,,,,,,,,,,,,,,,,,,52,52,67,59,54
F. Görgülü,27,187,66,67,650000,60,35,52,53,65,62,,,,,,,,,,,,,,,,,,,,,35,52,53,65,62
M. Orihuela,27,177,66,67,650000,69,51,61,68,62,57,,,,,,,,,,,,,,,,,,,,,51,61,68,62,57
E. Janža,26,175,66,67,650000,73,44,61,57,65,62,,,,,,,,,,,,,,,,,,,,,44,61,57,65,62
I. Maela,26,170,66,67,650000,69,39,42,66,68,52,,,,,,,,,,,,,,,,,,,,,39,42,66,68,52
A. Batsula,27,186,66,67,650000,65,41,60,59,64,72,,,,,,,,,,,,,,,,,,,,,41,60,59,64,72
R. Schwartz,29,183,66,66,650000,67,67,57,64,31,71,,,,,,,,,,,,,,,,,,,,,67,57,64,31,71
R. Munsy,29,188,66,66,650000,78,64,46,63,33,73,,,,,,,,,,,,,,,,,,,,,64,46,63,33,73
A. Jacobsen,29,182,66,66,650000,77,64,53,67,37,59,,,,,,,,,,,,,,,,,,,,,64,53,67,37,59
S. Scannell,28,175,66,66,650000,81,61,57,69,37,70,,,,,,,,,,,,,,,,,,,,,61,57,69,37,70
J. Devitt,28,178,66,66,650000,75,63,64,67,38,49,,,,,,,,,,,,,,,,,,,,,63,64,67,38,49
N. Toko,28,174,66,66,650000,88,54,59,69,60,78,,,,,,,,,,,,,,,,,,,,,54,59,69,60,78
Óscar Sielva,27,177,66,66,650000,63,52,68,66,51,53,,,,,,,,,,,,,,,,,,,,,52,68,66,51,53
D. Gustafsson,28,177,66,66,650000,91,60,52,69,44,63,,,,,,,,,,,,,,,,,,,,,60,52,69,44,63
Ricardinho,29,175,66,66,650000,73,66,63,69,45,65,,,,,,,,,,,,,,,,,,,,,66,63,69,45,65
O. Lee,27,181,66,66,650000,63,68,65,68,52,67,,,,,,,,,,,,,,,,,,,,,68,65,68,52,67
O. Clarke,27,180,66,66,650000,62,62,61,66,64,78,,,,,,,,,,,,,,,,,,,,,62,61,66,64,78
M. Rømer,27,181,66,66,650000,63,50,63,65,57,77,,,,,,,,,,,,,,,,,,,,,50,63,65,57,77
S. Mantom,27,175,66,66,650000,65,61,64,65,61,70,,,,,,,,,,,,,,,,,,,,,61,64,65,61,70
M. Jankowski,29,181,66,66,650000,74,61,60,65,48,69,,,,,,,,,,,,,,,,,,,,,61,60,65,48,69
C. Hemlein,28,181,66,66,650000,82,63,61,65,39,69,,,,,,,,,,,,,,,,,,,,,63,61,65,39,69
F. Signorelli,28,178,66,66,650000,65,53,65,65,61,70,,,,,,,,,,,,,,,,,,,,,53,65,65,61,70
M. O'Halloran,28,181,66,66,650000,89,65,57,68,30,63,,,,,,,,,,,,,,,,,,,,,65,57,68,30,63
P. Segbefia,28,179,66,66,650000,75,54,65,72,52,64,,,,,,,,,,,,,,,,,,,,,54,65,72,52,64
M. Barreto,28,174,66,66,650000,78,62,64,69,27,59,,,,,,,,,,,,,,,,,,,,,62,64,69,27,59
H. Shala,27,178,66,66,650000,74,63,62,72,52,62,,,,,,,,,,,,,,,,,,,,,63,62,72,52,62
T. Kløve,28,177,66,66,650000,77,59,62,71,55,58,,,,,,,,,,,,,,,,,,,,,59,62,71,55,58
H. Zuck,28,176,66,66,650000,72,49,64,69,31,49,,,,,,,,,,,,,,,,,,,,,49,64,69,31,49
M. Rusike,29,181,66,66,650000,75,67,59,66,24,65,,,,,,,,,,,,,,,,,,,,,67,59,66,24,65
Diogo Acosta,29,184,66,66,650000,72,60,50,64,19,58,,,,,,,,,,,,,,,,,,,,,60,50,64,19,58
Joo Min Kyu,29,183,66,66,650000,63,66,54,62,50,76,,,,,,,,,,,,,,,,,,,,,66,54,62,50,76
L. Doucouré,28,196,66,66,650000,69,63,57,66,33,70,,,,,,,,,,,,,,,,,,,,,63,57,66,33,70
C. Lizarazo,28,171,66,66,650000,75,60,65,67,42,57,,,,,,,,,,,,,,,,,,,,,60,65,67,42,57
C. Escobar,29,183,66,66,650000,62,64,50,61,31,76,,,,,,,,,,,,,,,,,,,,,64,50,61,31,76
I. Díaz,29,183,66,66,650000,70,63,49,62,25,76,,,,,,,,,,,,,,,,,,,,,63,49,62,25,76
A. Flores,28,168,66,66,650000,70,60,63,65,57,55,,,,,,,,,,,,,,,,,,,,,60,63,65,57,55
K. Opseth,29,189,66,66,650000,66,67,55,59,26,70,,,,,,,,,,,,,,,,,,,,,67,55,59,26,70
Kim Sung Ju,28,179,66,66,650000,65,60,64,66,57,66,,,,,,,,,,,,,,,,,,,,,60,64,66,57,66
M. Johnson,28,178,66,66,650000,87,55,61,69,52,57,,,,,,,,,,,,,,,,,,,,,55,61,69,52,57
K. Mahlasela,28,175,66,66,650000,75,48,60,73,48,47,,,,,,,,,,,,,,,,,,,,,48,60,73,48,47
T. Yonemoto,28,177,66,66,650000,66,56,60,63,67,72,,,,,,,,,,,,,,,,,,,,,56,60,63,67,72
K. Rodrigues Pires,27,170,66,66,650000,61,58,68,68,57,56,,,,,,,,,,,,,,,,,,,,,58,68,68,57,56
N. Granatowski,28,173,66,66,650000,79,60,55,68,40,73,,,,,,,,,,,,,,,,,,,,,60,55,68,40,73
B. Aloé,25,184,65,71,650000,48,32,39,43,67,69,,,,,,,,,,,,,,,,,,,,,32,39,43,67,69
T. James,23,180,65,71,650000,73,55,58,62,61,72,,,,,,,,,,,,,,,,,,,,,55,58,62,61,72
L. Coyle,23,173,65,71,650000,71,34,56,63,61,64,,,,,,,,,,,,,,,,,,,,,34,56,63,61,64
A. Ciranni,23,172,65,71,650000,71,52,64,65,62,47,,,,,,,,,,,,,,,,,,,,,52,64,65,62,47
J. Palacios,25,186,65,71,650000,49,25,48,37,65,69,,,,,,,,,,,,,,,,,,,,,25,48,37,65,69
Lucas Ahijado,24,178,65,71,650000,76,55,60,66,59,62,,,,,,,,,,,,,,,,,,,,,55,60,66,59,62
Gonçalo Tavares,22,180,65,71,650000,72,36,54,65,62,68,,,,,,,,,,,,,,,,,,,,,36,54,65,62,68
G. Hamer,22,168,65,71,650000,67,62,69,67,60,71,,,,,,,,,,,,,,,,,,,,,62,69,67,60,71
Seo Young Jae,24,182,65,71,650000,71,33,51,62,63,62,,,,,,,,,,,,,,,,,,,,,33,51,62,63,62
S. Ingolitsch,22,179,65,71,650000,64,32,53,62,65,64,,,,,,,,,,,,,,,,,,,,,32,53,62,65,64
R. Hirose,23,176,65,71,650000,78,35,57,66,60,67,,,,,,,,,,,,,,,,,,,,,35,57,66,60,67
I. Panțîru,23,179,65,71,650000,79,28,51,61,60,66,,,,,,,,,,,,,,,,,,,,,28,51,61,60,66
G. Muzinga,24,175,65,71,650000,69,43,53,65,63,69,,,,,,,,,,,,,,,,,,,,,43,53,65,63,69
M. Angha,25,188,65,70,650000,71,36,54,62,62,71,,,,,,,,,,,,,,,,,,,,,36,54,62,62,71
H. Toffolo,23,183,65,70,650000,76,52,60,63,61,67,,,,,,,,,,,,,,,,,,,,,52,60,63,61,67
B. Galloway,23,186,65,70,650000,73,38,57,58,64,64,,,,,,,,,,,,,,,,,,,,,38,57,58,64,64
S. O'Neill,25,188,65,70,650000,61,51,57,60,61,70,,,,,,,,,,,,,,,,,,,,,51,57,60,61,70
D. Wein,25,184,65,70,650000,61,48,62,55,61,71,,,,,,,,,,,,,,,,,,,,,48,62,55,61,71
C. Fiore,24,183,65,70,650000,67,36,62,58,63,67,,,,,,,,,,,,,,,,,,,,,36,62,58,63,67
T. Lapslie,23,168,65,70,650000,65,50,54,57,63,73,,,,,,,,,,,,,,,,,,,,,50,54,57,63,73
D. Balanta,25,186,65,70,650000,66,25,48,55,64,70,,,,,,,,,,,,,,,,,,,,,25,48,55,64,70
B. Ndoye,25,187,65,70,650000,57,61,57,58,60,80,,,,,,,,,,,,,,,,,,,,,61,57,58,60,80
Steven Pereira,25,184,65,70,650000,68,31,45,47,63,68,,,,,,,,,,,,,,,,,,,,,31,45,47,63,68
L. Jäger,25,184,65,70,650000,58,43,54,58,65,70,,,,,,,,,,,,,,,,,,,,,43,54,58,65,70
T. Ebuehi,23,187,65,70,650000,87,40,52,64,63,59,,,,,,,,,,,,,,,,,,,,,40,52,64,63,59
F. Strauss,24,195,65,70,650000,36,28,40,31,64,71,,,,,,,,,,,,,,,,,,,,,28,40,31,64,71
A. Portales,23,182,65,70,650000,68,36,54,56,63,72,,,,,,,,,,,,,,,,,,,,,36,54,56,63,72
M. Quiñones,23,173,65,70,650000,76,39,51,59,63,66,,,,,,,,,,,,,,,,,,,,,39,51,59,63,66
S. Sprangler,24,182,65,70,650000,70,45,58,59,63,72,,,,,,,,,,,,,,,,,,,,,45,58,59,63,72
J. van der Lely,23,177,65,70,650000,71,33,59,65,61,64,,,,,,,,,,,,,,,,,,,,,33,59,65,61,64
João Nunes,23,186,65,70,650000,71,33,59,58,62,73,,,,,,,,,,,,,,,,,,,,,33,59,58,62,73
M. Parra,25,184,65,70,650000,51,38,37,37,64,74,,,,,,,,,,,,,,,,,,,,,38,37,37,64,74
D. Graovac,25,185,65,70,650000,52,31,49,41,64,71,,,,,,,,,,,,,,,,,,,,,31,49,41,64,71
A. Crognale,24,196,65,70,650000,55,31,44,46,62,71,,,,,,,,,,,,,,,,,,,,,31,44,46,62,71
F. Weber,24,185,65,70,650000,67,31,44,42,63,74,,,,,,,,,,,,,,,,,,,,,31,44,42,63,74
D. Saddiki,22,179,65,70,650000,74,54,61,61,63,69,,,,,,,,,,,,,,,,,,,,,54,61,61,63,69
I. Rondanini,24,181,65,70,650000,82,42,51,61,63,69,,,,,,,,,,,,,,,,,,,,,42,51,61,63,69
W. Clar,24,177,65,70,650000,67,32,47,64,64,69,,,,,,,,,,,,,,,,,,,,,32,47,64,64,69
Sergio Ruiz,24,171,65,69,650000,68,59,61,64,58,63,,,,,,,,,,,,,,,,,,,,,59,61,64,58,63
O. Norburn,26,185,65,68,650000,74,61,64,66,52,76,,,,,,,,,,,,,,,,,,,,,61,64,66,52,76
L. Verna,26,184,65,68,650000,64,47,60,63,60,68,,,,,,,,,,,,,,,,,,,,,47,60,63,60,68
S. Scougall,26,170,65,68,650000,76,59,63,70,48,67,,,,,,,,,,,,,,,,,,,,,59,63,70,48,67
O. Banks,26,190,65,67,650000,54,60,64,60,60,75,,,,,,,,,,,,,,,,,,,,,60,64,60,60,75
C. Winchester,26,183,65,67,650000,72,60,64,67,57,73,,,,,,,,,,,,,,,,,,,,,60,64,67,57,73
S. Calvano,25,183,65,67,650000,66,53,66,64,53,62,,,,,,,,,,,,,,,,,,,,,53,66,64,53,62
S. Gündüz,25,171,65,67,650000,81,57,57,67,49,70,,,,,,,,,,,,,,,,,,,,,57,57,67,49,70
Moon Chang Jin,25,170,65,67,650000,72,60,66,71,41,54,,,,,,,,,,,,,,,,,,,,,60,66,71,41,54
Erivaldo,25,178,65,67,650000,75,62,55,71,37,49,,,,,,,,,,,,,,,,,,,,,62,55,71,37,49
F. David,26,180,65,67,650000,72,64,62,65,48,67,,,,,,,,,,,,,,,,,,,,,64,62,65,48,67
Jeong Hyun Cheol,26,187,65,67,650000,53,52,59,57,60,71,,,,,,,,,,,,,,,,,,,,,52,59,57,60,71
L. Görtler,25,186,65,67,650000,68,59,60,64,38,74,,,,,,,,,,,,,,,,,,,,,59,60,64,38,74
R. Gojani,26,174,65,67,650000,70,46,65,68,48,64,,,,,,,,,,,,,,,,,,,,,46,65,68,48,64
T. Arano,26,180,65,67,650000,65,60,64,65,45,70,,,,,,,,,,,,,,,,,,,,,60,64,65,45,70
A. De Bruyn,25,178,65,67,650000,70,67,59,70,31,55,,,,,,,,,,,,,,,,,,,,,67,59,70,31,55
K. Shirai,25,165,65,67,650000,81,57,58,69,30,51,,,,,,,,,,,,,,,,,,,,,57,58,69,30,51
E. Harrison,25,180,65,66,650000,82,60,52,64,38,76,,,,,,,,,,,,,,,,,,,,,60,52,64,38,76
E. Pérez,26,188,65,66,650000,66,61,54,60,28,66,,,,,,,,,,,,,,,,,,,,,61,54,60,28,66
F. Herbers,25,183,65,66,650000,68,64,61,64,48,64,,,,,,,,,,,,,,,,,,,,,64,61,64,48,64
B. Diakité,18,186,64,75,650000,63,38,55,52,65,66,,,,,,,,,,,,,,,,,,,,,38,55,52,65,66
M. Bola,21,185,64,74,650000,76,33,53,62,60,68,,,,,,,,,,,,,,,,,,,,,33,53,62,60,68
A. Angulo,22,173,64,74,650000,92,31,54,64,54,62,,,,,,,,,,,,,,,,,,,,,31,54,64,54,62
A. Ralston,20,178,64,74,650000,72,42,55,63,63,73,,,,,,,,,,,,,,,,,,,,,42,55,63,63,73
B. Morgado,21,176,64,74,650000,69,58,63,63,61,53,,,,,,,,,,,,,,,,,,,,,58,63,63,61,53
Kang Ji Hoon,22,177,64,74,650000,79,59,54,64,61,55,,,,,,,,,,,,,,,,,,,,,59,54,64,61,55
E. Bwomono,20,183,64,74,650000,84,42,55,63,60,66,,,,,,,,,,,,,,,,,,,,,42,55,63,60,66
O. Reabciuk,21,180,64,74,650000,74,30,50,65,60,60,,,,,,,,,,,,,,,,,,,,,30,50,65,60,60
Victor Luiz,21,177,64,74,650000,79,41,52,67,58,60,,,,,,,,,,,,,,,,,,,,,41,52,67,58,60
P. Medina,20,177,64,74,650000,79,37,58,62,61,56,,,,,,,,,,,,,,,,,,,,,37,58,62,61,56
N. Schlotterbeck,19,191,64,74,650000,58,29,39,39,65,65,,,,,,,,,,,,,,,,,,,,,29,39,39,65,65
G. Simion,21,179,64,74,650000,83,27,55,59,59,55,,,,,,,,,,,,,,,,,,,,,27,55,59,59,55
R. Boboc,20,180,64,74,650000,78,32,48,66,62,55,,,,,,,,,,,,,,,,,,,,,32,48,66,62,55
N. De Medina,21,182,64,73,650000,67,40,57,62,62,60,,,,,,,,,,,,,,,,,,,,,40,57,62,62,60
J. Fitzwater,21,188,64,73,650000,68,37,46,52,62,72,,,,,,,,,,,,,,,,,,,,,37,46,52,62,72
K. Machida,21,190,64,73,650000,78,28,39,38,62,75,,,,,,,,,,,,,,,,,,,,,28,39,38,62,75
Josín Martínez,21,180,64,73,650000,63,32,47,50,64,63,,,,,,,,,,,,,,,,,,,,,32,47,50,64,63
P. Staikos,23,178,64,73,650000,67,43,57,62,59,68,,,,,,,,,,,,,,,,,,,,,43,57,62,59,68
R. Basque,24,184,64,73,650000,71,55,63,65,61,68,,,,,,,,,,,,,,,,,,,,,55,63,65,61,68
F. Cardozo,18,170,64,73,650000,70,52,54,70,25,59,,,,,,,,,,,,,,,,,,,,,52,54,70,25,59
Maudo Jarjué,21,188,64,73,650000,63,29,38,54,64,68,,,,,,,,,,,,,,,,,,,,,29,38,54,64,68
A. Belmonte,23,185,64,72,650000,56,43,65,69,50,65,,,,,,,,,,,,,,,,,,,,,43,65,69,50,65
M. Mbaye,23,185,64,72,650000,73,48,58,64,60,78,,,,,,,,,,,,,,,,,,,,,48,58,64,60,78
D. Kılıç,23,177,64,72,650000,66,51,63,69,59,63,,,,,,,,,,,,,,,,,,,,,51,63,69,59,63
S. Skytte,22,190,64,72,650000,60,59,59,61,62,77,,,,,,,,,,,,,,,,,,,,,59,59,61,62,77
Han Seung Gyu,22,173,64,72,650000,80,57,65,68,45,61,,,,,,,,,,,,,,,,,,,,,57,65,68,45,61
E. Zaldívar,22,175,64,72,650000,73,57,63,66,51,62,,,,,,,,,,,,,,,,,,,,,57,63,66,51,62
F. Wagner,21,182,64,72,650000,66,59,55,64,60,66,,,,,,,,,,,,,,,,,,,,,59,55,64,60,66
L. Duarte,22,180,64,72,650000,68,54,62,66,59,66,,,,,,,,,,,,,,,,,,,,,54,62,66,59,66
O. Álvarez,24,178,64,71,650000,81,58,51,68,20,58,,,,,,,,,,,,,,,,,,,,,58,51,68,20,58
A. Bakayoko,23,193,64,71,650000,80,60,51,59,43,82,,,,,,,,,,,,,,,,,,,,,60,51,59,43,82
P. Tietz,21,190,64,71,650000,54,61,49,62,32,67,,,,,,,,,,,,,,,,,,,,,61,49,62,32,67
J. Martínez,24,180,64,71,650000,77,61,59,66,23,59,,,,,,,,,,,,,,,,,,,,,61,59,66,23,59
D. Undav,22,178,64,71,650000,62,63,44,63,31,71,,,,,,,,,,,,,,,,,,,,,63,44,63,31,71
P. Owusu,22,190,64,71,650000,73,62,44,53,36,71,,,,,,,,,,,,,,,,,,,,,62,44,53,36,71
P. Ayongo,22,178,64,71,650000,73,62,48,69,18,55,,,,,,,,,,,,,,,,,,,,,62,48,69,18,55
C. Neguț,23,176,64,71,650000,69,62,51,62,23,57,,,,,,,,,,,,,,,,,,,,,62,51,62,23,57
A. Georgen,20,172,63,76,650000,71,49,55,66,61,54,,,,,,,,,,,,,,,,,,,,,49,55,66,61,54
J. Tymon,20,180,63,76,650000,67,44,54,63,61,66,,,,,,,,,,,,,,,,,,,,,44,54,63,61,66
G. Kalulu,21,176,63,76,650000,76,39,51,61,64,65,,,,,,,,,,,,,,,,,,,,,39,51,61,64,65
D. Tchamba,20,191,63,76,650000,70,35,45,48,61,67,,,,,,,,,,,,,,,,,,,,,35,45,48,61,67
I. Magnusson,21,179,63,76,650000,80,47,55,65,54,63,,,,,,,,,,,,,,,,,,,,,47,55,65,54,63
Mujaid,19,180,63,76,650000,69,29,48,54,62,62,,,,,,,,,,,,,,,,,,,,,29,48,54,62,62
A. Zekaj,19,187,63,76,650000,61,45,58,58,61,68,,,,,,,,,,,,,,,,,,,,,45,58,58,61,68
J. Christensen,18,178,63,76,650000,65,45,60,63,62,61,,,,,,,,,,,,,,,,,,,,,45,60,63,62,61
R. Grigore,20,191,63,76,650000,54,27,41,40,59,73,,,,,,,,,,,,,,,,,,,,,27,41,40,59,73
A. Djerlek,18,173,63,76,650000,75,52,62,68,38,46,,,,,,,,,,,,,,,,,,,,,52,62,68,38,46
P. Akono,19,182,63,76,650000,69,48,56,63,64,70,,,,,,,,,,,,,,,,,,,,,48,56,63,64,70
L. Walsh,21,168,63,75,650000,67,60,62,64,52,56,,,,,,,,,,,,,,,,,,,,,60,62,64,52,56
Kenny Rocha Santos,19,174,63,75,650000,69,52,62,67,43,46,,,,,,,,,,,,,,,,,,,,,52,62,67,43,46
M. Ezzarfani,21,176,63,75,650000,72,58,59,67,32,48,,,,,,,,,,,,,,,,,,,,,58,59,67,32,48
F. Kanoute,20,186,63,75,650000,62,53,60,64,62,72,,,,,,,,,,,,,,,,,,,,,53,60,64,62,72
O. Macías,20,177,63,75,650000,73,56,64,65,46,56,,,,,,,,,,,,,,,,,,,,,56,64,65,46,56
S. Yatéké,19,184,63,75,650000,82,57,51,61,21,64,,,,,,,,,,,,,,,,,,,,,57,51,61,21,64
L. Miranda,21,175,63,75,650000,72,55,54,66,27,54,,,,,,,,,,,,,,,,,,,,,55,54,66,27,54
R. Balbuena,19,176,63,75,650000,81,60,57,70,37,50,,,,,,,,,,,,,,,,,,,,,60,57,70,37,50
M. Forss,20,185,63,74,650000,67,65,40,54,32,63,,,,,,,,,,,,,,,,,,,,,65,40,54,32,63
H. Moussaki,20,187,63,74,650000,69,65,47,60,23,58,,,,,,,,,,,,,,,,,,,,,65,47,60,23,58
T. Alberti,21,191,63,74,650000,66,60,46,56,33,70,,,,,,,,,,,,,,,,,,,,,60,46,56,33,70
Obama,19,170,62,82,650000,75,61,50,65,26,46,,,,,,,,,,,,,,,,,,,,,61,50,65,26,46
R. Griffiths,19,180,62,82,650000,69,62,45,54,25,62,,,,,,,,,,,,,,,,,,,,,62,45,54,25,62
Marc Aguado,19,178,62,82,650000,66,51,63,63,48,55,,,,,,,,,,,,,,,,,,,,,51,63,63,48,55
F. Hornby,19,188,62,81,650000,54,61,48,61,23,62,,,,,,,,,,,,,,,,,,,,,61,48,61,23,62
F. Vera,19,180,62,80,650000,64,54,62,65,52,57,,,,,,,,,,,,,,,,,,,,,54,62,65,52,57
M. Longstaff,19,180,62,80,650000,66,50,64,61,49,53,,,,,,,,,,,,,,,,,,,,,50,64,61,49,53
A. Ndiaye,19,186,62,80,650000,74,61,40,62,20,52,,,,,,,,,,,,,,,,,,,,,61,40,62,20,52
J. López,19,182,62,80,650000,68,50,60,66,55,56,,,,,,,,,,,,,,,,,,,,,50,60,66,55,56
T. Børkeeiet,20,186,62,79,650000,63,47,57,61,59,67,,,,,,,,,,,,,,,,,,,,,47,57,61,59,67
A. Barlow,19,176,62,79,650000,70,60,63,63,41,56,,,,,,,,,,,,,,,,,,,,,60,63,63,41,56
L. Barreiro Martins,19,174,62,79,650000,73,51,58,73,54,48,,,,,,,,,,,,,,,,,,,,,51,58,73,54,48
L. Bolton,19,174,62,78,650000,80,50,57,62,55,62,,,,,,,,,,,,,,,,,,,,,50,57,62,55,62
L. Millar,19,178,62,78,650000,75,59,51,66,22,54,,,,,,,,,,,,,,,,,,,,,59,51,66,22,54
J. Mbom,19,183,62,78,650000,64,59,57,65,46,62,,,,,,,,,,,,,,,,,,,,,59,57,65,46,62
J. Kübler,20,175,62,78,650000,59,47,62,63,61,57,,,,,,,,,,,,,,,,,,,,,47,62,63,61,57
D. Philipp,19,180,62,78,650000,65,58,57,63,39,53,,,,,,,,,,,,,,,,,,,,,58,57,63,39,53
F. Becker,19,177,62,78,650000,72,46,62,71,44,50,,,,,,,,,,,,,,,,,,,,,46,62,71,44,50
S. Haji,19,173,62,78,650000,72,49,55,66,35,47,,,,,,,,,,,,,,,,,,,,,49,55,66,35,47
J. Strand Larsen,19,193,62,77,650000,59,59,43,61,27,69,,,,,,,,,,,,,,,,,,,,,59,43,61,27,69
T. Müsel,19,185,62,77,650000,68,59,56,65,28,54,,,,,,,,,,,,,,,,,,,,,59,56,65,28,54
A. Toufiqui,20,175,62,77,650000,64,52,62,63,55,54,,,,,,,,,,,,,,,,,,,,,52,62,63,55,54
T. Al Ammar,19,170,62,77,650000,68,50,61,64,47,61,,,,,,,,,,,,,,,,,,,,,50,61,64,47,61
N. Ofoborh,19,175,62,77,650000,64,50,56,63,59,66,,,,,,,,,,,,,,,,,,,,,50,56,63,59,66
Pol Lozano,19,176,62,77,650000,60,45,61,64,52,52,,,,,,,,,,,,,,,,,,,,,45,61,64,52,52
H. Mbock,19,186,62,77,650000,65,58,61,66,49,48,,,,,,,,,,,,,,,,,,,,,58,61,66,49,48
M. Zemzemi,19,183,62,76,650000,75,48,57,70,35,47,,,,,,,,,,,,,,,,,,,,,48,57,70,35,47
O. Valakari,19,187,62,76,650000,58,54,62,57,44,63,,,,,,,,,,,,,,,,,,,,,54,62,57,44,63
H. Abdelli,19,187,62,76,650000,65,53,57,64,48,63,,,,,,,,,,,,,,,,,,,,,53,57,64,48,63
T. Ostrak,19,176,62,76,650000,64,56,62,63,53,57,,,,,,,,,,,,,,,,,,,,,56,62,63,53,57
A. Mățan,19,165,62,76,650000,87,48,54,68,34,34,,,,,,,,,,,,,,,,,,,,,48,54,68,34,34
F. Coloccini,37,184,72,72,625000,40,55,58,60,72,69,,,,,,,,,,,,,,,,,,,,,55,58,60,72,69
D. Maietta,36,184,72,72,625000,32,16,39,45,73,67,,,,,,,,,,,,,,,,,,,,,16,39,45,73,67
U. Bulut,36,184,70,70,625000,54,72,56,60,41,69,,,,,,,,,,,,,,,,,,,,,72,56,60,41,69
E. Calaiò,37,179,70,70,625000,59,70,56,71,31,70,,,,,,,,,,,,,,,,,,,,,70,56,71,31,70
A. Nouri,29,180,67,67,625000,77,49,57,65,62,74,,,,,,,,,,,,,,,,,,,,,49,57,65,62,74
A. Landgren,30,176,67,67,625000,60,54,62,61,63,77,,,,,,,,,,,,,,,,,,,,,54,62,61,63,77
I. Jiménez,29,174,67,67,625000,58,53,67,67,66,69,,,,,,,,,,,,,,,,,,,,,53,67,67,66,69
Eduardo Neto,30,185,67,67,625000,66,53,60,61,65,76,,,,,,,,,,,,,,,,,,,,,53,60,61,65,76
L. Gassama,29,181,67,67,625000,76,39,59,64,64,74,,,,,,,,,,,,,,,,,,,,,39,59,64,64,74
E. Castro,30,185,67,67,625000,59,27,41,51,66,71,,,,,,,,,,,,,,,,,,,,,27,41,51,66,71
R. Lundström,29,182,67,67,625000,87,53,61,62,60,70,,,,,,,,,,,,,,,,,,,,,53,61,62,60,70
P. Souaré,29,178,67,67,625000,64,50,67,67,69,62,,,,,,,,,,,,,,,,,,,,,50,67,67,69,62
C. Groß,30,183,67,67,625000,59,55,59,64,65,70,,,,,,,,,,,,,,,,,,,,,55,59,64,65,70
D. Lévêque,29,182,67,67,625000,65,34,59,62,66,64,,,,,,,,,,,,,,,,,,,,,34,59,62,66,64
A. Bassoli,29,185,67,67,625000,68,43,54,62,68,64,,,,,,,,,,,,,,,,,,,,,43,54,62,68,64
M. van der Maarel,29,177,67,67,625000,67,37,57,60,67,67,,,,,,,,,,,,,,,,,,,,,37,57,60,67,67
M. Boxall,30,188,67,67,625000,61,42,57,57,63,76,,,,,,,,,,,,,,,,,,,,,42,57,57,63,76
C. Râpă,29,180,67,67,625000,68,48,59,59,65,69,,,,,,,,,,,,,,,,,,,,,48,59,59,65,69
P. Paye,29,169,67,67,625000,81,38,55,57,62,68,,,,,,,,,,,,,,,,,,,,,38,55,57,62,68
E. Farias,30,179,67,67,625000,51,42,56,58,69,71,,,,,,,,,,,,,,,,,,,,,42,56,58,69,71
A. Vlad,29,174,67,67,625000,68,55,63,59,65,71,,,,,,,,,,,,,,,,,,,,,55,63,59,65,71
A. Sušac,30,185,67,67,625000,57,37,35,45,69,70,,,,,,,,,,,,,,,,,,,,,37,35,45,69,70
C. Psyché,30,186,67,67,625000,54,31,41,49,64,74,,,,,,,,,,,,,,,,,,,,,31,41,49,64,74
G. Gutiérrez,29,170,67,67,625000,67,30,58,64,63,72,,,,,,,,,,,,,,,,,,,,,30,58,64,63,72
E. Käck,29,173,67,67,625000,85,48,61,61,61,65,,,,,,,,,,,,,,,,,,,,,48,61,61,61,65
M. Escudero,30,176,67,67,625000,55,23,39,43,66,64,,,,,,,,,,,,,,,,,,,,,23,39,43,66,64
D. Cardoso,30,184,67,67,625000,68,33,43,51,68,70,,,,,,,,,,,,,,,,,,,,,33,43,51,68,70
M. Alphonse,29,182,67,67,625000,79,49,57,60,64,64,,,,,,,,,,,,,,,,,,,,,49,57,60,64,64
Míchel Zabaco,30,186,67,67,625000,54,38,47,46,66,69,,,,,,,,,,,,,,,,,,,,,38,47,46,66,69
Y. Yoshida,29,168,67,67,625000,74,32,61,67,64,67,,,,,,,,,,,,,,,,,,,,,32,61,67,64,67
Y. Maruyama,30,184,67,67,625000,58,35,56,55,67,72,,,,,,,,,,,,,,,,,,,,,35,56,55,67,72
O. Dytyatev,30,196,67,67,625000,42,27,41,38,68,76,,,,,,,,,,,,,,,,,,,,,27,41,38,68,76
F. Pereyra,30,185,67,67,625000,39,23,33,37,69,75,,,,,,,,,,,,,,,,,,,,,23,33,37,69,75
Paulinho,30,177,67,67,625000,64,61,59,61,64,71,,,,,,,,,,,,,,,,,,,,,61,59,61,64,71
J. Segovia,30,185,67,67,625000,54,26,40,42,65,75,,,,,,,,,,,,,,,,,,,,,26,40,42,65,75
K. Cissé,30,184,66,66,625000,83,60,52,61,39,76,,,,,,,,,,,,,,,,,,,,,60,52,61,39,76
S. Ito,30,184,66,66,625000,64,67,44,58,26,79,,,,,,,,,,,,,,,,,,,,,67,44,58,26,79
M. Marconi,30,186,66,66,625000,67,64,48,61,35,72,,,,,,,,,,,,,,,,,,,,,64,48,61,35,72
U. Eusepi,30,181,66,66,625000,74,66,53,62,29,62,,,,,,,,,,,,,,,,,,,,,66,53,62,29,62
M. Sema,30,172,66,66,625000,78,63,61,70,40,51,,,,,,,,,,,,,,,,,,,,,63,61,70,40,51
D. Daube,29,185,66,66,625000,61,59,67,67,57,71,,,,,,,,,,,,,,,,,,,,,59,67,67,57,71
F. Bombagi,29,178,66,66,625000,73,63,63,67,36,64,,,,,,,,,,,,,,,,,,,,,63,63,67,36,64
Dong Xuesheng,30,186,66,66,625000,59,65,52,57,37,73,,,,,,,,,,,,,,,,,,,,,65,52,57,37,73
S. Bidaoui,29,168,66,66,625000,77,55,58,75,25,50,,,,,,,,,,,,,,,,,,,,,55,58,75,25,50
P. Schürpf,29,190,66,66,625000,71,67,64,60,57,72,,,,,,,,,,,,,,,,,,,,,67,64,60,57,72
D. Wotherspoon,29,180,66,66,625000,70,56,64,69,57,68,,,,,,,,,,,,,,,,,,,,,56,64,69,57,68
M. Piossek,29,176,66,66,625000,71,63,62,66,49,70,,,,,,,,,,,,,,,,,,,,,63,62,66,49,70
S. Suciu,29,184,66,66,625000,63,59,63,64,62,74,,,,,,,,,,,,,,,,,,,,,59,63,64,62,74
M. Crimi,29,179,66,66,625000,75,60,63,65,63,73,,,,,,,,,,,,,,,,,,,,,60,63,65,63,73
I. Yagan,29,176,66,66,625000,68,70,64,67,22,58,,,,,,,,,,,,,,,,,,,,,70,64,67,22,58
S. Yılmaz,29,183,66,66,625000,77,65,60,68,34,67,,,,,,,,,,,,,,,,,,,,,65,60,68,34,67
B. Pranter,29,181,66,66,625000,72,69,65,62,50,64,,,,,,,,,,,,,,,,,,,,,69,65,62,50,64
T. Kern,29,179,66,66,625000,72,65,63,67,46,68,,,,,,,,,,,,,,,,,,,,,65,63,67,46,68
R. Riski,29,174,66,66,625000,79,63,62,68,45,60,,,,,,,,,,,,,,,,,,,,,63,62,68,45,60
J. Verhoek,30,188,66,66,625000,56,66,50,59,24,79,,,,,,,,,,,,,,,,,,,,,66,50,59,24,79
C. Wernitznig,29,179,66,66,625000,78,65,59,68,43,66,,,,,,,,,,,,,,,,,,,,,65,59,68,43,66
P. Hosiner,30,179,66,66,625000,79,61,53,66,28,60,,,,,,,,,,,,,,,,,,,,,61,53,66,28,60
Y. Otsu,29,180,66,66,625000,70,63,63,65,36,76,,,,,,,,,,,,,,,,,,,,,63,63,65,36,76
Nathan Júnior,30,184,66,66,625000,72,63,56,67,30,68,,,,,,,,,,,,,,,,,,,,,63,56,67,30,68
Fullana,29,175,66,66,625000,71,63,64,65,53,66,,,,,,,,,,,,,,,,,,,,,63,64,65,53,66
H. Salinas,29,170,66,66,625000,87,63,64,64,57,68,,,,,,,,,,,,,,,,,,,,,63,64,64,57,68
J. Pineda,30,177,66,66,625000,80,63,55,71,29,58,,,,,,,,,,,,,,,,,,,,,63,55,71,29,58
M. Balanta,29,178,66,66,625000,76,60,60,67,39,67,,,,,,,,,,,,,,,,,,,,,60,60,67,39,67
S. Varas,30,185,66,66,625000,62,64,49,60,28,78,,,,,,,,,,,,,,,,,,,,,64,49,60,28,78
Kim Min Woo,29,174,66,66,625000,76,62,62,67,55,67,,,,,,,,,,,,,,,,,,,,,62,62,67,55,67
G. Alsan,29,169,66,66,625000,64,56,67,69,56,56,,,,,,,,,,,,,,,,,,,,,56,67,69,56,56
S. Aasmundsen,29,175,66,66,625000,61,57,66,66,53,70,,,,,,,,,,,,,,,,,,,,,57,66,66,53,70
I. Fülöp,29,179,66,66,625000,73,64,61,67,31,57,,,,,,,,,,,,,,,,,,,,,64,61,67,31,57
K. Yamamura,29,186,66,66,625000,59,66,66,65,59,80,,,,,,,,,,,,,,,,,,,,,66,66,65,59,80
Y. Machida,29,166,66,66,625000,88,56,60,67,35,45,,,,,,,,,,,,,,,,,,,,,56,60,67,35,45
A. Al Hafith,26,186,65,70,625000,37,36,49,42,63,78,,,,,,,,,,,,,,,,,,,,,36,49,42,63,78
C. Lykogiannis,25,186,65,70,625000,68,68,65,62,61,67,,,,,,,,,,,,,,,,,,,,,68,65,62,61,67
B. Smith,25,177,65,70,625000,78,43,58,64,62,64,,,,,,,,,,,,,,,,,,,,,43,58,64,62,64
B. Youssouf,25,176,65,70,625000,74,38,56,60,62,63,,,,,,,,,,,,,,,,,,,,,38,56,60,62,63
Adri Castellano,25,181,65,70,625000,60,35,56,64,62,61,,,,,,,,,,,,,,,,,,,,,35,56,64,62,61
Cadete,25,185,65,70,625000,70,38,63,62,62,65,,,,,,,,,,,,,,,,,,,,,38,63,62,62,65
A. Abdi,25,183,65,70,625000,76,41,57,64,61,67,,,,,,,,,,,,,,,,,,,,,41,57,64,61,67
M. Koch,24,195,65,69,625000,35,31,48,49,65,67,,,,,,,,,,,,,,,,,,,,,31,48,49,65,67
M. De Iriondo,26,179,65,69,625000,72,53,55,61,64,79,,,,,,,,,,,,,,,,,,,,,53,55,61,64,79
Iván Márquez,25,191,65,69,625000,46,43,48,47,62,72,,,,,,,,,,,,,,,,,,,,,43,48,47,62,72
M. Hairston,25,183,65,69,625000,77,58,58,65,59,64,,,,,,,,,,,,,,,,,,,,,58,58,65,59,64
T. Thompson,23,170,65,69,625000,69,57,61,74,59,61,,,,,,,,,,,,,,,,,,,,,57,61,74,59,61
J. Hardeveld,24,184,65,69,625000,61,40,58,62,64,63,,,,,,,,,,,,,,,,,,,,,40,58,62,64,63
Lee Myung Jae,25,182,65,69,625000,69,42,60,68,59,62,,,,,,,,,,,,,,,,,,,,,42,60,68,59,62
A. Kasperkiewicz,24,187,65,69,625000,61,42,53,50,63,74,,,,,,,,,,,,,,,,,,,,,42,53,50,63,74
Zhao Yuhao,26,180,65,69,625000,63,38,52,55,64,71,,,,,,,,,,,,,,,,,,,,,38,52,55,64,71
R. Kerschbaum,25,181,65,69,625000,66,56,60,60,59,66,,,,,,,,,,,,,,,,,,,,,56,60,60,59,66
M. Boben,25,191,65,69,625000,63,26,35,38,64,66,,,,,,,,,,,,,,,,,,,,,26,35,38,64,66
G. Amiot,24,187,65,69,625000,47,28,48,40,65,68,,,,,,,,,,,,,,,,,,,,,28,48,40,65,68
D. Bergqvist,26,184,65,69,625000,54,31,50,54,58,83,,,,,,,,,,,,,,,,,,,,,31,50,54,58,83
Z. Al Sahafi,25,188,65,69,625000,45,59,54,55,62,80,,,,,,,,,,,,,,,,,,,,,59,54,55,62,80
J. Campbell,26,188,65,69,625000,42,25,49,35,64,72,,,,,,,,,,,,,,,,,,,,,25,49,35,64,72
F. Luckeneder,25,190,65,69,625000,52,25,36,37,66,67,,,,,,,,,,,,,,,,,,,,,25,36,37,66,67
B. Hansen,25,189,65,69,625000,66,28,41,46,64,67,,,,,,,,,,,,,,,,,,,,,28,41,46,64,67
S. Moharrami,23,174,65,69,625000,82,30,48,65,61,50,,,,,,,,,,,,,,,,,,,,,30,48,65,61,50
O. Bic,25,179,65,69,625000,68,50,59,61,61,69,,,,,,,,,,,,,,,,,,,,,50,59,61,61,69
J. Gaari,25,181,65,69,625000,74,41,50,62,62,65,,,,,,,,,,,,,,,,,,,,,41,50,62,62,65
M. Jamal,25,172,65,69,625000,67,47,60,64,61,60,,,,,,,,,,,,,,,,,,,,,47,60,64,61,60
Y. Sasman,22,182,65,69,625000,70,25,46,56,68,58,,,,,,,,,,,,,,,,,,,,,25,46,56,68,58
M. Preston,24,183,65,68,625000,73,32,47,47,61,81,,,,,,,,,,,,,,,,,,,,,32,47,47,61,81
G. Diaz,23,183,65,68,625000,57,25,37,39,63,71,,,,,,,,,,,,,,,,,,,,,25,37,39,63,71
T. Phete,25,187,65,68,625000,45,41,51,56,64,74,,,,,,,,,,,,,,,,,,,,,41,51,56,64,74
J. Adebanjo,25,177,65,68,625000,62,52,56,59,62,78,,,,,,,,,,,,,,,,,,,,,52,56,59,62,78
C. Main,27,184,65,66,625000,70,64,47,57,35,83,,,,,,,,,,,,,,,,,,,,,64,47,57,35,83
A. Wildig,27,175,65,66,625000,70,58,61,66,42,62,,,,,,,,,,,,,,,,,,,,,58,61,66,42,62
N. Çiftçi,27,185,65,66,625000,68,65,60,65,38,68,,,,,,,,,,,,,,,,,,,,,65,60,65,38,68
G. Beretta,27,185,65,66,625000,68,63,50,59,24,74,,,,,,,,,,,,,,,,,,,,,63,50,59,24,74
N. Mezquida,27,168,65,66,625000,58,60,61,70,35,44,,,,,,,,,,,,,,,,,,,,,60,61,70,35,44
L. Isgrove,26,173,65,66,625000,85,51,58,67,34,57,,,,,,,,,,,,,,,,,,,,,51,58,67,34,57
P. Breier,27,185,65,66,625000,68,61,58,65,33,73,,,,,,,,,,,,,,,,,,,,,61,58,65,33,73
S. Rodríguez,26,179,65,66,625000,58,42,62,64,51,59,,,,,,,,,,,,,,,,,,,,,42,62,64,51,59
P. Sané,27,187,65,66,625000,72,62,49,62,27,70,,,,,,,,,,,,,,,,,,,,,62,49,62,27,70
M. Gouaida,26,178,65,66,625000,75,50,60,69,31,57,,,,,,,,,,,,,,,,,,,,,50,60,69,31,57
Peu,26,178,65,66,625000,71,62,58,70,38,58,,,,,,,,,,,,,,,,,,,,,62,58,70,38,58
M. Simonovski,27,185,65,66,625000,57,68,44,55,30,58,,,,,,,,,,,,,,,,,,,,,68,44,55,30,58
A. Vita,26,176,65,66,625000,76,61,58,64,32,54,,,,,,,,,,,,,,,,,,,,,61,58,64,32,54
C. Jakobsen,26,189,65,66,625000,72,57,61,65,45,70,,,,,,,,,,,,,,,,,,,,,57,61,65,45,70
Pablo,26,175,65,66,625000,77,62,57,68,25,58,,,,,,,,,,,,,,,,,,,,,62,57,68,25,58
J. Hopcutt,27,180,65,66,625000,78,64,54,68,43,63,,,,,,,,,,,,,,,,,,,,,64,54,68,43,63
E. Ibargüen,27,184,65,66,625000,72,59,53,65,25,76,,,,,,,,,,,,,,,,,,,,,59,53,65,25,76
P. Sohm,27,186,65,66,625000,77,62,58,64,25,71,,,,,,,,,,,,,,,,,,,,,62,58,64,25,71
Néstor Albiach,26,187,65,66,625000,76,60,59,69,26,69,,,,,,,,,,,,,,,,,,,,,60,59,69,26,69
K. Nakamura,26,178,65,66,625000,73,60,61,66,37,67,,,,,,,,,,,,,,,,,,,,,60,61,66,37,67
F. Ourega,26,178,65,66,625000,82,53,58,69,29,56,,,,,,,,,,,,,,,,,,,,,53,58,69,29,56
S. Finley,26,170,65,66,625000,69,56,64,65,60,69,,,,,,,,,,,,,,,,,,,,,56,64,65,60,69
T. Ishihara,26,172,65,66,625000,75,60,62,65,40,59,,,,,,,,,,,,,,,,,,,,,60,62,65,40,59
R. Fuenzalida,26,163,65,66,625000,90,49,59,66,29,50,,,,,,,,,,,,,,,,,,,,,49,59,66,29,50
S. Nurković,27,187,65,66,625000,62,64,54,61,25,67,,,,,,,,,,,,,,,,,,,,,64,54,61,25,67
C. Ogilvie,23,184,64,73,625000,67,36,57,61,64,66,,,,,,,,,,,,,,,,,,,,,36,57,61,64,66
N. Breitenbruch,23,177,64,73,625000,64,39,54,55,61,72,,,,,,,,,,,,,,,,,,,,,39,54,55,61,72
M. Payares,24,182,64,73,625000,58,29,44,47,64,69,,,,,,,,,,,,,,,,,,,,,29,44,47,64,69
J. Gundersen,23,186,64,73,625000,57,35,47,47,63,66,,,,,,,,,,,,,,,,,,,,,35,47,47,63,66
J. Dacres-Cogley,23,174,64,73,625000,78,50,59,64,61,63,,,,,,,,,,,,,,,,,,,,,50,59,64,61,63
S. Nkansah,23,188,64,73,625000,61,30,43,47,66,62,,,,,,,,,,,,,,,,,,,,,30,43,47,66,62
R. Tapia,24,184,64,73,625000,67,43,51,58,62,72,,,,,,,,,,,,,,,,,,,,,43,51,58,62,72
S. Floranus,20,185,64,73,625000,83,47,56,64,57,69,,,,,,,,,,,,,,,,,,,,,47,56,64,57,69
V. Tranberg,22,190,64,73,625000,58,27,50,46,64,67,,,,,,,,,,,,,,,,,,,,,27,50,46,64,67
M. Thurnwald,20,172,64,73,625000,79,50,54,67,59,68,,,,,,,,,,,,,,,,,,,,,50,54,67,59,68
S. Niakaté,19,182,64,73,625000,68,28,40,40,63,71,,,,,,,,,,,,,,,,,,,,,28,40,40,63,71
F. Florio,23,180,64,73,625000,72,29,51,63,62,58,,,,,,,,,,,,,,,,,,,,,29,51,63,62,58
F. Quiroz,21,177,64,73,625000,72,52,58,63,61,71,,,,,,,,,,,,,,,,,,,,,52,58,63,61,71
M. Carabajal,22,180,64,73,625000,67,40,50,54,63,69,,,,,,,,,,,,,,,,,,,,,40,50,54,63,69
Carlos Cordero,22,181,64,73,625000,72,38,55,57,62,63,,,,,,,,,,,,,,,,,,,,,38,55,57,62,63
I. Govea,22,176,64,73,625000,80,32,47,64,62,61,,,,,,,,,,,,,,,,,,,,,32,47,64,62,61
N. Dieng,22,180,64,73,625000,73,30,54,58,64,62,,,,,,,,,,,,,,,,,,,,,30,54,58,64,62
Jesús Fortes,22,179,64,73,625000,72,33,52,62,61,59,,,,,,,,,,,,,,,,,,,,,33,52,62,61,59
E. Lomotey,21,190,64,72,625000,65,47,54,57,63,75,,,,,,,,,,,,,,,,,,,,,47,54,57,63,75
A. Groiß,21,189,64,72,625000,60,44,51,52,62,76,,,,,,,,,,,,,,,,,,,,,44,51,52,62,76
S. Fraser,24,183,64,71,625000,67,50,60,66,49,53,,,,,,,,,,,,,,,,,,,,,50,60,66,49,53
K. Antonsen,24,172,64,71,625000,81,61,59,66,61,77,,,,,,,,,,,,,,,,,,,,,61,59,66,61,77
J. Brown,24,175,64,71,625000,76,56,60,65,44,65,,,,,,,,,,,,,,,,,,,,,56,60,65,44,65
C. Grant,24,176,64,71,625000,60,60,66,65,59,66,,,,,,,,,,,,,,,,,,,,,60,66,65,59,66
M. Konradsen,23,176,64,71,625000,70,59,62,68,57,60,,,,,,,,,,,,,,,,,,,,,59,62,68,57,60
B. Spittal,23,183,64,71,625000,81,57,59,65,32,56,,,,,,,,,,,,,,,,,,,,,57,59,65,32,56
S. Kashket,23,175,64,71,625000,85,59,54,67,26,52,,,,,,,,,,,,,,,,,,,,,59,54,67,26,52
A. Deiola,23,189,64,71,625000,64,63,60,60,60,69,,,,,,,,,,,,,,,,,,,,,63,60,60,60,69
Gustavo Hebling,23,173,64,71,625000,55,53,65,65,52,57,,,,,,,,,,,,,,,,,,,,,53,65,65,52,57
T. Morishima,22,175,64,71,625000,71,51,60,68,26,50,,,,,,,,,,,,,,,,,,,,,51,60,68,26,50
Hwang Ki Wook,23,185,64,71,625000,60,49,54,61,60,71,,,,,,,,,,,,,,,,,,,,,49,54,61,60,71
R. Zammarini,22,180,64,71,625000,73,56,61,63,63,63,,,,,,,,,,,,,,,,,,,,,56,61,63,63,63
M. Sarkaria,22,180,64,71,625000,70,60,60,69,34,54,,,,,,,,,,,,,,,,,,,,,60,60,69,34,54
J. Dörfler,22,186,64,71,625000,82,53,56,63,41,73,,,,,,,,,,,,,,,,,,,,,53,56,63,41,73
Leo Cordeiro,23,174,64,71,625000,63,50,62,67,48,55,,,,,,,,,,,,,,,,,,,,,50,62,67,48,55
W. Burns,24,173,64,70,625000,92,59,55,63,35,59,,,,,,,,,,,,,,,,,,,,,59,55,63,35,59
H. Cornick,24,180,64,70,625000,87,57,55,65,35,60,,,,,,,,,,,,,,,,,,,,,57,55,65,35,60
D. Gabriele,24,179,64,70,625000,75,55,58,69,29,58,,,,,,,,,,,,,,,,,,,,,55,58,69,29,58
C. Long,24,180,64,70,625000,74,61,50,63,28,61,,,,,,,,,,,,,,,,,,,,,61,50,63,28,61
R. Hedges,23,185,64,70,625000,74,58,58,66,39,58,,,,,,,,,,,,,,,,,,,,,58,58,66,39,58
O. Khan,22,175,64,70,625000,78,60,60,66,38,55,,,,,,,,,,,,,,,,,,,,,60,60,66,38,55
B. Cmiljanic,23,191,64,70,625000,62,61,50,62,28,58,,,,,,,,,,,,,,,,,,,,,61,50,62,28,58
K. Mercado,24,172,64,70,625000,87,60,55,67,24,56,,,,,,,,,,,,,,,,,,,,,60,55,67,24,56
J. Ertlthaler,22,169,64,70,625000,69,56,58,67,40,44,,,,,,,,,,,,,,,,,,,,,56,58,67,40,44
L. Wales,21,180,64,70,625000,89,59,60,63,24,56,,,,,,,,,,,,,,,,,,,,,59,60,63,24,56
I. Jukić,23,176,64,70,625000,76,59,59,64,29,53,,,,,,,,,,,,,,,,,,,,,59,59,64,29,53
Santi Samanes,23,176,64,70,625000,79,56,59,66,31,57,,,,,,,,,,,,,,,,,,,,,56,59,66,31,57
M. Ortíz,24,162,64,70,625000,78,55,66,69,40,42,,,,,,,,,,,,,,,,,,,,,55,66,69,40,42
M. Breij,22,181,64,70,625000,67,61,61,65,41,57,,,,,,,,,,,,,,,,,,,,,61,61,65,41,57
C. Sibbald,24,170,64,70,625000,73,55,61,67,35,52,,,,,,,,,,,,,,,,,,,,,55,61,67,35,52
I. Sissoko,23,190,64,70,625000,69,65,48,59,31,67,,,,,,,,,,,,,,,,,,,,,65,48,59,31,67
A. Ivan,24,178,64,70,625000,75,58,61,68,46,59,,,,,,,,,,,,,,,,,,,,,58,61,68,46,59
B. Nouvier,24,175,64,70,625000,86,61,58,62,25,49,,,,,,,,,,,,,,,,,,,,,61,58,62,25,49
T. Mabasa,22,179,64,70,625000,74,64,47,64,23,58,,,,,,,,,,,,,,,,,,,,,64,47,64,23,58
J. Dhillon,24,193,64,70,625000,72,62,43,63,20,63,,,,,,,,,,,,,,,,,,,,,62,43,63,20,63
V. Stojanovski,22,186,64,70,625000,64,66,45,61,24,53,,,,,,,,,,,,,,,,,,,,,66,45,61,24,53
J. Oosterwijk,24,194,64,69,625000,52,64,56,57,32,70,,,,,,,,,,,,,,,,,,,,,64,56,57,32,70
R. Williams,24,180,64,69,625000,77,65,48,63,25,62,,,,,,,,,,,,,,,,,,,,,65,48,63,25,62
S. Sow,22,182,64,69,625000,73,61,53,64,29,58,,,,,,,,,,,,,,,,,,,,,61,53,64,29,58
Edu Espiau,24,185,64,69,625000,64,63,52,60,25,58,,,,,,,,,,,,,,,,,,,,,63,52,60,25,58
M. Voduț,24,181,64,69,625000,81,60,43,64,22,67,,,,,,,,,,,,,,,,,,,,,60,43,64,22,67
C. Saldaña,19,169,63,76,625000,66,35,59,65,62,67,,,,,,,,,,,,,,,,,,,,,35,59,65,62,67
C. Dima,19,185,63,76,625000,73,26,47,41,62,70,,,,,,,,,,,,,,,,,,,,,26,47,41,62,70
F. Ugrinic,20,184,63,75,625000,64,43,62,55,62,68,,,,,,,,,,,,,,,,,,,,,43,62,55,62,68
T. Heintz,20,173,63,74,625000,75,55,57,65,34,56,,,,,,,,,,,,,,,,,,,,,55,57,65,34,56
O. Shodipo,21,176,63,74,625000,81,51,58,65,25,53,,,,,,,,,,,,,,,,,,,,,51,58,65,25,53
Z. Elbouzedi,21,180,63,74,625000,74,57,61,65,34,48,,,,,,,,,,,,,,,,,,,,,57,61,65,34,48
V. Müller,20,175,63,74,625000,71,45,61,63,57,61,,,,,,,,,,,,,,,,,,,,,45,61,63,57,61
M. López,22,176,63,74,625000,58,57,64,65,38,60,,,,,,,,,,,,,,,,,,,,,57,64,65,38,60
J. Smith,21,173,63,74,625000,80,57,57,65,37,54,,,,,,,,,,,,,,,,,,,,,57,57,65,37,54
J. Soñora,22,176,63,74,625000,73,57,62,65,35,40,,,,,,,,,,,,,,,,,,,,,57,62,65,35,40
D. Genreau,20,174,63,74,625000,66,51,60,64,34,58,,,,,,,,,,,,,,,,,,,,,51,60,64,34,58
T. Matsumoto,20,180,63,74,625000,57,42,54,64,61,69,,,,,,,,,,,,,,,,,,,,,42,54,64,61,69
L. Hemmerich,21,180,63,74,625000,77,56,60,61,55,72,,,,,,,,,,,,,,,,,,,,,56,60,61,55,72
M. Ćavar,21,184,63,74,625000,59,54,64,64,49,58,,,,,,,,,,,,,,,,,,,,,54,64,64,49,58
W. Balikwisha,20,174,63,74,625000,77,52,59,70,26,47,,,,,,,,,,,,,,,,,,,,,52,59,70,26,47
Joan Monterde,21,168,63,74,625000,69,62,58,67,34,40,,,,,,,,,,,,,,,,,,,,,62,58,67,34,40
M. Neicuțescu,20,181,63,74,625000,77,58,56,62,26,61,,,,,,,,,,,,,,,,,,,,,58,56,62,26,61
K. Hoever,17,183,62,85,625000,72,36,57,64,61,62,,,,,,,,,,,,,,,,,,,,,36,57,64,61,62
R. Quirynen,17,182,62,83,625000,76,46,62,67,55,44,,,,,,,,,,,,,,,,,,,,,46,62,67,55,44
A. Zagre,17,168,62,83,625000,81,39,56,74,55,45,,,,,,,,,,,,,,,,,,,,,39,56,74,55,45
A. Amaya,18,170,62,82,625000,80,55,50,66,34,44,,,,,,,,,,,,,,,,,,,,,55,50,66,34,44
L. Connell,18,177,62,82,625000,64,49,66,65,43,54,,,,,,,,,,,,,,,,,,,,,49,66,65,43,54
F. Nmecha,18,186,62,82,625000,75,54,61,62,45,55,,,,,,,,,,,,,,,,,,,,,54,61,62,45,55
J. David,19,190,62,81,625000,63,32,52,58,61,68,,,,,,,,,,,,,,,,,,,,,32,52,58,61,68
J. Zirkzee,18,193,62,81,625000,73,55,42,64,18,65,,,,,,,,,,,,,,,,,,,,,55,42,64,18,65
D. Churlinov,18,180,62,81,625000,67,59,57,68,31,44,,,,,,,,,,,,,,,,,,,,,59,57,68,31,44
A. McDonald,18,175,62,80,625000,75,46,59,66,21,43,,,,,,,,,,,,,,,,,,,,,46,59,66,21,43
W. Isidor,18,180,62,80,625000,62,60,46,59,21,58,,,,,,,,,,,,,,,,,,,,,60,46,59,21,58
M. Taferner,18,170,62,80,625000,72,51,59,65,40,46,,,,,,,,,,,,,,,,,,,,,51,59,65,40,46
B. Benkhedim,18,172,62,80,625000,72,55,59,66,41,46,,,,,,,,,,,,,,,,,,,,,55,59,66,41,46
M. Aké,18,177,62,80,625000,72,54,56,71,35,49,,,,,,,,,,,,,,,,,,,,,54,56,71,35,49
Nico Ribaudo,18,170,62,80,625000,76,47,61,64,36,49,,,,,,,,,,,,,,,,,,,,,47,61,64,36,49
L. Ranieri,20,185,62,79,625000,58,34,40,61,65,52,,,,,,,,,,,,,,,,,,,,,34,40,61,65,52
D. Emmanouilidis,18,175,62,78,625000,82,52,51,65,18,44,,,,,,,,,,,,,,,,,,,,,52,51,65,18,44
M. Bidstrup,18,165,62,78,625000,59,50,62,66,57,54,,,,,,,,,,,,,,,,,,,,,50,62,66,57,54
F. Amaya,18,165,62,78,625000,71,52,57,66,39,49,,,,,,,,,,,,,,,,,,,,,52,57,66,39,49
V. Bondar,20,172,62,78,625000,70,23,33,37,66,55,,,,,,,,,,,,,,,,,,,,,23,33,37,66,55
A. Șerban,18,174,62,78,625000,85,48,57,62,25,43,,,,,,,,,,,,,,,,,,,,,48,57,62,25,43
A. Buongiorno,20,191,62,77,625000,61,43,52,54,62,66,,,,,,,,,,,,,,,,,,,,,43,52,54,62,66
I. Chouaref,18,175,62,77,625000,73,53,58,68,27,52,,,,,,,,,,,,,,,,,,,,,53,58,68,27,52
O. Horșia,18,172,62,77,625000,67,56,57,64,35,53,,,,,,,,,,,,,,,,,,,,,56,57,64,35,53
T. Coulibaly,18,175,62,77,625000,77,51,53,71,25,42,,,,,,,,,,,,,,,,,,,,,51,53,71,25,42
Fer Niño,18,190,62,77,625000,61,60,52,59,24,63,,,,,,,,,,,,,,,,,,,,,60,52,59,24,63
K. Lleshi,19,189,62,77,625000,49,47,55,55,60,70,,,,,,,,,,,,,,,,,,,,,47,55,55,60,70
M. Doucouré,21,183,62,76,625000,63,31,39,44,61,59,,,,,,,,,,,,,,,,,,,,,31,39,44,61,59
F. Mayer,21,191,62,76,625000,52,34,38,40,63,65,,,,,,,,,,,,,,,,,,,,,34,38,40,63,65
J. Vásquez,20,182,62,76,625000,55,31,53,51,62,62,,,,,,,,,,,,,,,,,,,,,31,53,51,62,62
A. Çelebi,20,195,62,76,625000,58,31,34,33,63,64,,,,,,,,,,,,,,,,,,,,,31,34,33,63,64
Jorge Mier,20,175,62,76,625000,72,36,52,63,59,50,,,,,,,,,,,,,,,,,,,,,36,52,63,59,50
D. Ciobotariu,21,184,62,76,625000,68,23,32,36,61,74,,,,,,,,,,,,,,,,,,,,,23,32,36,61,74
L. Carnot,18,181,62,76,625000,65,52,64,61,49,62,,,,,,,,,,,,,,,,,,,,,52,64,61,49,62
M. Gjira,20,170,62,76,625000,78,51,56,68,58,59,,,,,,,,,,,,,,,,,,,,,51,56,68,58,59
V. Ozornwafor,20,194,62,76,625000,59,36,39,37,62,67,,,,,,,,,,,,,,,,,,,,,36,39,37,62,67
M. Sitti,19,182,62,76,625000,63,47,60,65,58,62,,,,,,,,,,,,,,,,,,,,,47,60,65,58,62
W. Hoolahan,37,168,70,70,600000,52,66,73,72,43,46,,,,,,,,,,,,,,,,,,,,,66,73,72,43,46
Yeom Ki Hun,36,182,70,70,600000,63,70,74,70,42,70,,,,,,,,,,,,,,,,,,,,,70,74,70,42,70
S. Özkan,32,172,67,67,600000,71,64,66,71,30,55,,,,,,,,,,,,,,,,,,,,,64,66,71,30,55
E. Hoffer,32,177,67,67,600000,77,64,58,69,26,61,,,,,,,,,,,,,,,,,,,,,64,58,69,26,61
J. Parr,30,182,67,67,600000,71,56,60,65,63,71,,,,,,,,,,,,,,,,,,,,,56,60,65,63,71
N. Eardley,30,180,67,67,600000,62,50,62,62,66,67,,,,,,,,,,,,,,,,,,,,,50,62,62,66,67
S. Jamieson,30,177,67,67,600000,69,52,61,63,65,77,,,,,,,,,,,,,,,,,,,,,52,61,63,65,77
Iriome,32,185,67,67,600000,78,65,57,70,47,70,,,,,,,,,,,,,,,,,,,,,65,57,70,47,70
K. Engel,30,179,67,67,600000,65,39,58,60,67,67,,,,,,,,,,,,,,,,,,,,,39,58,60,67,67
Hugo Fraile,32,176,67,67,600000,79,67,61,69,47,68,,,,,,,,,,,,,,,,,,,,,67,61,69,47,68
G. Merebashvili,32,179,67,67,600000,73,58,63,70,35,63,,,,,,,,,,,,,,,,,,,,,58,63,70,35,63
Zequinha,32,183,67,67,600000,71,68,63,72,34,57,,,,,,,,,,,,,,,,,,,,,68,63,72,34,57
L. Vilsvik,30,180,67,67,600000,75,60,64,64,62,72,,,,,,,,,,,,,,,,,,,,,60,64,64,62,72
S. Ciss,30,175,67,67,600000,77,60,62,69,64,76,,,,,,,,,,,,,,,,,,,,,60,62,69,64,76
R. Holmes,32,172,67,67,600000,74,62,63,70,28,63,,,,,,,,,,,,,,,,,,,,,62,63,70,28,63
S. D'Elia,30,183,67,67,600000,78,45,60,60,64,70,,,,,,,,,,,,,,,,,,,,,45,60,60,64,70
H. Jimenez,30,175,67,67,600000,71,60,64,67,65,62,,,,,,,,,,,,,,,,,,,,,60,64,67,65,62
M. Asiri,32,186,67,67,600000,60,67,55,63,23,67,,,,,,,,,,,,,,,,,,,,,67,55,63,23,67
L. Ruiz,32,187,67,67,600000,54,68,48,60,30,69,,,,,,,,,,,,,,,,,,,,,68,48,60,30,69
J. Aguirre,32,169,67,67,600000,73,63,65,68,31,63,,,,,,,,,,,,,,,,,,,,,63,65,68,31,63
S. Jaime,32,179,67,67,600000,71,63,59,61,43,70,,,,,,,,,,,,,,,,,,,,,63,59,61,43,70
M. Donoso,32,186,67,67,600000,41,69,43,56,28,82,,,,,,,,,,,,,,,,,,,,,69,43,56,28,82
C. Díaz,30,167,67,67,600000,79,37,58,72,61,55,,,,,,,,,,,,,,,,,,,,,37,58,72,61,55
H. Fujiharu,30,175,67,67,600000,70,35,51,59,66,59,,,,,,,,,,,,,,,,,,,,,35,51,59,66,59
E. Cérica,32,183,67,67,600000,63,68,49,58,28,67,,,,,,,,,,,,,,,,,,,,,68,49,58,28,67
V. Agardius,29,181,66,67,600000,74,36,57,62,65,68,,,,,,,,,,,,,,,,,,,,,36,57,62,65,68
T. Rowe,30,180,66,66,600000,73,55,62,67,64,65,,,,,,,,,,,,,,,,,,,,,55,62,67,64,65
M. Morganella,30,182,66,66,600000,72,47,64,67,64,72,,,,,,,,,,,,,,,,,,,,,47,64,67,64,72
N. Schouterden,30,176,66,66,600000,68,57,67,67,52,62,,,,,,,,,,,,,,,,,,,,,57,67,67,52,62
K. Bru,30,184,66,66,600000,70,53,67,69,59,67,,,,,,,,,,,,,,,,,,,,,53,67,69,59,67
A. Judge,30,169,66,66,600000,59,64,70,70,37,59,,,,,,,,,,,,,,,,,,,,,64,70,70,37,59
J. Goossens,30,174,66,66,600000,47,65,69,66,49,50,,,,,,,,,,,,,,,,,,,,,65,69,66,49,50
S. McConville,30,180,66,66,600000,77,62,63,64,43,59,,,,,,,,,,,,,,,,,,,,,62,63,64,43,59
Juninho,30,171,66,66,600000,63,64,67,66,64,62,,,,,,,,,,,,,,,,,,,,,64,67,66,64,62
E. Biancucchi,30,177,66,66,600000,72,57,63,71,37,52,,,,,,,,,,,,,,,,,,,,,57,63,71,37,52
M. Könnecke,30,174,66,66,600000,90,63,60,69,34,58,,,,,,,,,,,,,,,,,,,,,63,60,69,34,58
A. Corsi,30,180,66,66,600000,67,59,65,67,64,66,,,,,,,,,,,,,,,,,,,,,59,65,67,64,66
B. Çalık,30,178,66,66,600000,74,62,63,68,40,65,,,,,,,,,,,,,,,,,,,,,62,63,68,40,65
M. Lorenz,30,182,66,66,600000,73,55,69,65,50,66,,,,,,,,,,,,,,,,,,,,,55,69,65,50,66
F. Montero,30,167,66,66,600000,68,56,61,65,65,69,,,,,,,,,,,,,,,,,,,,,56,61,65,65,69
H. Hechalar,30,173,66,66,600000,78,63,61,68,39,61,,,,,,,,,,,,,,,,,,,,,63,61,68,39,61
Nazario Serpe,27,178,66,66,600000,55,39,60,42,67,67,,,,,,,,,,,,,,,,,,,,,39,60,42,67,67
K. Shimizu,30,169,66,66,600000,76,60,62,68,47,63,,,,,,,,,,,,,,,,,,,,,60,62,68,47,63
Josimar Feijoo,27,173,66,66,600000,67,51,53,54,66,76,,,,,,,,,,,,,,,,,,,,,51,53,54,66,76
G. Freitas,27,186,66,66,600000,57,49,60,59,66,78,,,,,,,,,,,,,,,,,,,,,49,60,59,66,78
R. Janicki,26,188,65,68,600000,52,35,57,51,62,74,,,,,,,,,,,,,,,,,,,,,35,57,51,62,74
D. Andrade,25,168,65,68,600000,67,48,60,67,60,51,,,,,,,,,,,,,,,,,,,,,48,60,67,60,51
A. Masi,26,188,65,68,600000,70,35,45,53,63,72,,,,,,,,,,,,,,,,,,,,,35,45,53,63,72
C. McFadzean,25,181,65,68,600000,79,50,60,65,59,58,,,,,,,,,,,,,,,,,,,,,50,60,65,59,58
S. Ohlsson,26,181,65,68,600000,71,64,62,69,62,69,,,,,,,,,,,,,,,,,,,,,64,62,69,62,69
A. Coly,26,186,65,68,600000,81,54,50,64,61,88,,,,,,,,,,,,,,,,,,,,,54,50,64,61,88
L. Rougeaux,25,185,65,68,600000,56,43,52,47,66,75,,,,,,,,,,,,,,,,,,,,,43,52,47,66,75
D. Murillo,25,178,65,68,600000,77,36,57,65,59,66,,,,,,,,,,,,,,,,,,,,,36,57,65,59,66
B. San Juan,25,177,65,68,600000,73,32,49,53,63,68,,,,,,,,,,,,,,,,,,,,,32,49,53,63,68
M. Bravo,26,173,65,68,600000,81,39,49,53,60,67,,,,,,,,,,,,,,,,,,,,,39,49,53,60,67
F. Menig,25,187,65,68,600000,64,35,48,54,66,74,,,,,,,,,,,,,,,,,,,,,35,48,54,66,74
C. Laprevotte,26,181,65,68,600000,71,54,61,64,60,70,,,,,,,,,,,,,,,,,,,,,54,61,64,60,70
J. Eickmayer,26,178,65,68,600000,76,42,57,65,62,68,,,,,,,,,,,,,,,,,,,,,42,57,65,62,68
C. Mafla,26,175,65,68,600000,64,35,47,61,64,69,,,,,,,,,,,,,,,,,,,,,35,47,61,64,69
S. Kind Mikalsen,26,185,65,68,600000,73,60,57,61,63,71,,,,,,,,,,,,,,,,,,,,,60,57,61,63,71
E. Miller,26,183,65,68,600000,75,37,53,59,62,68,,,,,,,,,,,,,,,,,,,,,37,53,59,62,68
S. Leuko,25,173,65,68,600000,75,50,56,60,60,69,,,,,,,,,,,,,,,,,,,,,50,56,60,60,69
M. Khubrani,25,181,65,68,600000,52,24,37,44,64,68,,,,,,,,,,,,,,,,,,,,,24,37,44,64,68
L. Grace,26,189,65,68,600000,60,26,42,55,64,69,,,,,,,,,,,,,,,,,,,,,26,42,55,64,69
F. Tingager,26,198,65,68,600000,46,25,42,47,64,73,,,,,,,,,,,,,,,,,,,,,25,42,47,64,73
H. Mancilla,27,174,65,68,600000,58,34,58,52,62,71,,,,,,,,,,,,,,,,,,,,,34,58,52,62,71
F. Flórez,26,177,65,68,600000,62,41,56,64,60,74,,,,,,,,,,,,,,,,,,,,,41,56,64,60,74
T. Inukai,26,182,65,68,600000,59,23,33,41,65,74,,,,,,,,,,,,,,,,,,,,,23,33,41,65,74
S. Condé,26,193,65,68,600000,54,32,41,35,63,76,,,,,,,,,,,,,,,,,,,,,32,41,35,63,76
Y. Suzuki,26,184,65,68,600000,61,37,42,40,66,68,,,,,,,,,,,,,,,,,,,,,37,42,40,66,68
M. Popescu,26,188,65,68,600000,58,27,44,56,61,72,,,,,,,,,,,,,,,,,,,,,27,44,56,61,72
N. Pavan,26,184,65,68,600000,68,54,63,64,63,66,,,,,,,,,,,,,,,,,,,,,54,63,64,63,66
R. Edwards,25,188,65,67,600000,57,34,42,42,67,68,,,,,,,,,,,,,,,,,,,,,34,42,42,67,68
Ygor Nogueira,24,187,65,67,600000,53,30,42,45,64,72,,,,,,,,,,,,,,,,,,,,,30,42,45,64,72
S. Jakubiak,26,175,65,67,600000,65,55,62,66,63,62,,,,,,,,,,,,,,,,,,,,,55,62,66,63,62
F. Ardizzone,27,180,65,66,600000,69,54,62,65,62,63,,,,,,,,,,,,,,,,,,,,,54,62,65,62,63
D. Diring,27,180,65,66,600000,68,51,64,63,60,75,,,,,,,,,,,,,,,,,,,,,51,64,63,60,75
S. Inagaki,27,175,65,66,600000,70,60,64,67,57,69,,,,,,,,,,,,,,,,,,,,,60,64,67,57,69
A. Dej,27,174,65,66,600000,65,61,67,65,56,60,,,,,,,,,,,,,,,,,,,,,61,67,65,56,60
L. Nequecaur,26,192,65,65,600000,33,68,49,52,29,69,,,,,,,,,,,,,,,,,,,,,68,49,52,29,69
O. Custodio,24,179,64,72,600000,66,48,60,66,58,67,,,,,,,,,,,,,,,,,,,,,48,60,66,58,67
N. Sutter,24,183,64,72,600000,67,53,52,54,62,70,,,,,,,,,,,,,,,,,,,,,53,52,54,62,70
R. Dickie,23,183,64,72,600000,60,36,45,53,63,69,,,,,,,,,,,,,,,,,,,,,36,45,53,63,69
A. Confais,22,174,64,72,600000,58,55,62,64,62,53,,,,,,,,,,,,,,,,,,,,,55,62,64,62,53
R. Escobar,21,176,64,72,600000,52,39,52,50,63,61,,,,,,,,,,,,,,,,,,,,,39,52,50,63,61
S. Coulibaly,23,184,64,72,600000,53,37,51,51,63,72,,,,,,,,,,,,,,,,,,,,,37,51,51,63,72
A. Walkes,22,187,64,72,600000,64,46,55,59,64,74,,,,,,,,,,,,,,,,,,,,,46,55,59,64,74
Hong Jeong Un,24,187,64,72,600000,58,37,56,50,61,70,,,,,,,,,,,,,,,,,,,,,37,56,50,61,70
F. Bjørkan,20,180,64,72,600000,73,47,52,57,62,68,,,,,,,,,,,,,,,,,,,,,47,52,57,62,68
N. McGinley,22,191,64,72,600000,66,37,47,53,63,72,,,,,,,,,,,,,,,,,,,,,37,47,53,63,72
N. Bazzana,23,181,64,72,600000,64,40,47,51,62,69,,,,,,,,,,,,,,,,,,,,,40,47,51,62,69
F. García,19,172,64,72,600000,57,49,60,58,63,51,,,,,,,,,,,,,,,,,,,,,49,60,58,63,51
F. Kusić,23,186,64,72,600000,71,33,40,44,64,66,,,,,,,,,,,,,,,,,,,,,33,40,44,64,66
Bikoro,23,185,64,72,600000,61,34,59,53,63,67,,,,,,,,,,,,,,,,,,,,,34,59,53,63,67
E. Gutiérrez,23,176,64,72,600000,64,33,57,60,62,70,,,,,,,,,,,,,,,,,,,,,33,57,60,62,70
J. Vargas,24,192,64,72,600000,52,24,40,44,62,73,,,,,,,,,,,,,,,,,,,,,24,40,44,62,73
P. Iacob,23,185,64,72,600000,62,39,51,54,63,58,,,,,,,,,,,,,,,,,,,,,39,51,54,63,58
Franquesa,22,174,64,72,600000,63,49,51,59,63,59,,,,,,,,,,,,,,,,,,,,,49,51,59,63,59
K. Apostolakis,20,178,64,72,600000,73,51,51,51,62,61,,,,,,,,,,,,,,,,,,,,,51,51,51,62,61
D. Bojanić,24,182,64,70,600000,56,59,68,66,48,58,,,,,,,,,,,,,,,,,,,,,59,68,66,48,58
J. Roberts,25,181,64,69,600000,79,60,58,64,46,65,,,,,,,,,,,,,,,,,,,,,60,58,64,46,65
R. Edwards,25,175,64,69,600000,66,61,62,68,53,61,,,,,,,,,,,,,,,,,,,,,61,62,68,53,61
T. Hölscher,24,179,64,69,600000,72,60,62,64,42,57,,,,,,,,,,,,,,,,,,,,,60,62,64,42,57
I. Jáuregui,23,172,64,69,600000,74,59,60,65,61,59,,,,,,,,,,,,,,,,,,,,,59,60,65,61,59
S. Vecchia,24,183,64,69,600000,77,53,59,67,35,63,,,,,,,,,,,,,,,,,,,,,53,59,67,35,63
P. Berg,21,178,64,69,600000,76,57,61,64,51,65,,,,,,,,,,,,,,,,,,,,,57,61,64,51,65
N. Fazzi,24,183,64,69,600000,70,44,60,65,59,74,,,,,,,,,,,,,,,,,,,,,44,60,65,59,74
B. Badibanga,23,176,64,69,600000,72,60,58,70,24,52,,,,,,,,,,,,,,,,,,,,,60,58,70,24,52
P. Hercher,23,184,64,69,600000,75,61,57,64,34,71,,,,,,,,,,,,,,,,,,,,,61,57,64,34,71
P. Yrizar,21,184,64,69,600000,72,61,60,65,24,54,,,,,,,,,,,,,,,,,,,,,61,60,65,24,54
N. Freeman,23,180,64,69,600000,78,56,59,65,38,59,,,,,,,,,,,,,,,,,,,,,56,59,65,38,59
T. Goppel,22,178,64,69,600000,80,53,60,66,55,63,,,,,,,,,,,,,,,,,,,,,53,60,66,55,63
B. Stillhart,25,178,64,69,600000,62,51,62,66,56,63,,,,,,,,,,,,,,,,,,,,,51,62,66,56,63
D. Moreno,24,179,64,69,600000,89,58,49,63,21,66,,,,,,,,,,,,,,,,,,,,,58,49,63,21,66
C. Elva,22,180,64,69,600000,85,53,53,69,26,63,,,,,,,,,,,,,,,,,,,,,53,53,69,26,63
A. Isaiah,23,176,64,69,600000,67,52,56,67,44,61,,,,,,,,,,,,,,,,,,,,,52,56,67,44,61
Marcelinho,22,172,64,69,600000,75,56,62,66,18,49,,,,,,,,,,,,,,,,,,,,,56,62,66,18,49
W. Marinus,24,177,64,68,600000,68,61,60,62,36,59,,,,,,,,,,,,,,,,,,,,,61,60,62,36,59
D. Poleon,25,176,64,68,600000,87,60,50,63,22,70,,,,,,,,,,,,,,,,,,,,,60,50,63,22,70
T. Haye,24,177,64,68,600000,59,55,70,71,52,54,,,,,,,,,,,,,,,,,,,,,55,70,71,52,54
M. Maletić,25,193,64,68,600000,37,62,52,60,28,73,,,,,,,,,,,,,,,,,,,,,62,52,60,28,73
M. Cebula,23,177,64,68,600000,76,56,62,67,53,62,,,,,,,,,,,,,,,,,,,,,56,62,67,53,62
D. Djigla,23,175,64,68,600000,91,64,56,66,32,60,,,,,,,,,,,,,,,,,,,,,64,56,66,32,60
N. Thomas,24,178,64,68,600000,86,60,55,67,37,59,,,,,,,,,,,,,,,,,,,,,60,55,67,37,59
K. Choi,24,176,64,68,600000,75,58,54,70,29,48,,,,,,,,,,,,,,,,,,,,,58,54,70,29,48
T. Kanamori,25,171,64,68,600000,93,57,53,70,30,69,,,,,,,,,,,,,,,,,,,,,57,53,70,30,69
R. Niemeijer,24,178,64,68,600000,66,64,59,63,48,56,,,,,,,,,,,,,,,,,,,,,64,59,63,48,56
J. Green,24,168,64,68,600000,88,54,56,67,33,52,,,,,,,,,,,,,,,,,,,,,54,56,67,33,52
S. Schimmer,25,185,64,68,600000,64,64,36,58,23,72,,,,,,,,,,,,,,,,,,,,,64,36,58,23,72
A. Vrenezi,25,177,64,68,600000,79,62,54,74,22,53,,,,,,,,,,,,,,,,,,,,,62,54,74,22,53
S. Mamba,25,177,64,68,600000,90,61,44,62,26,67,,,,,,,,,,,,,,,,,,,,,61,44,62,26,67
K. Holzweiler,24,164,64,68,600000,86,58,53,71,23,45,,,,,,,,,,,,,,,,,,,,,58,53,71,23,45
R. Sirk,25,184,64,68,600000,70,64,42,59,21,67,,,,,,,,,,,,,,,,,,,,,64,42,59,21,67
M. van Ewijk,18,175,63,76,600000,77,31,50,63,61,65,,,,,,,,,,,,,,,,,,,,,31,50,63,61,65
M. Medina,22,178,63,75,600000,68,60,59,63,57,64,,,,,,,,,,,,,,,,,,,,,60,59,63,57,64
I. Ayala,21,168,63,75,600000,69,37,58,62,60,66,,,,,,,,,,,,,,,,,,,,,37,58,62,60,66
M. Penney,21,174,63,75,600000,73,60,60,67,59,57,,,,,,,,,,,,,,,,,,,,,60,60,67,59,57
A. Halme,21,196,63,75,600000,47,21,45,53,59,68,,,,,,,,,,,,,,,,,,,,,21,45,53,59,68
Álex Zalaya,21,184,63,75,600000,61,29,45,47,63,64,,,,,,,,,,,,,,,,,,,,,29,45,47,63,64
T. Pearce,21,185,63,75,600000,71,52,60,62,61,62,,,,,,,,,,,,,,,,,,,,,52,60,62,61,62
M. Knoester,20,186,63,75,600000,63,28,43,49,62,69,,,,,,,,,,,,,,,,,,,,,28,43,49,62,69
W. Bianda,19,185,63,75,600000,56,26,42,49,63,65,,,,,,,,,,,,,,,,,,,,,26,42,49,63,65
Sillero,21,176,63,75,600000,72,43,51,53,63,62,,,,,,,,,,,,,,,,,,,,,43,51,53,63,62
D. Cáceres,21,178,63,75,600000,75,35,50,60,61,61,,,,,,,,,,,,,,,,,,,,,35,50,60,61,61
K. Goden,20,182,63,75,600000,77,38,51,59,60,61,,,,,,,,,,,,,,,,,,,,,38,51,59,60,61
D. Meliopoulos,19,184,63,75,600000,58,53,52,55,65,67,,,,,,,,,,,,,,,,,,,,,53,52,55,65,67
B. Hussein,19,175,63,74,600000,63,48,63,67,52,60,,,,,,,,,,,,,,,,,,,,,48,63,67,52,60
R. Ljubicic,19,178,63,74,600000,58,53,57,66,53,65,,,,,,,,,,,,,,,,,,,,,53,57,66,53,65
J. Nuttall,22,182,63,73,600000,72,62,46,56,35,69,,,,,,,,,,,,,,,,,,,,,62,46,56,35,69
G. Nilsson,22,197,63,73,600000,55,62,47,58,26,68,,,,,,,,,,,,,,,,,,,,,62,47,58,26,68
D. Telford,22,168,63,73,600000,82,64,43,59,24,60,,,,,,,,,,,,,,,,,,,,,64,43,59,24,60
S. Wright,21,175,63,73,600000,85,53,55,68,28,47,,,,,,,,,,,,,,,,,,,,,53,55,68,28,47
R. Thellufsen,22,185,63,73,600000,72,58,55,69,38,63,,,,,,,,,,,,,,,,,,,,,58,55,69,38,63
G. Vrioni,20,183,63,73,600000,62,62,50,64,23,54,,,,,,,,,,,,,,,,,,,,,62,50,64,23,54
M. Anderson,21,180,63,73,600000,88,52,52,67,30,55,,,,,,,,,,,,,,,,,,,,,52,52,67,30,55
A. Dønnum,21,179,63,73,600000,76,55,55,66,42,66,,,,,,,,,,,,,,,,,,,,,55,55,66,42,66
Lee Jin Hyun,21,172,63,73,600000,74,54,65,67,47,48,,,,,,,,,,,,,,,,,,,,,54,65,67,47,48
T. Baumgart,21,181,63,73,600000,76,56,56,63,33,64,,,,,,,,,,,,,,,,,,,,,56,56,63,33,64
J. Bataille,20,181,63,73,600000,73,52,60,66,52,54,,,,,,,,,,,,,,,,,,,,,52,60,66,52,54
P. Smyth,21,175,63,73,600000,84,60,55,67,31,56,,,,,,,,,,,,,,,,,,,,,60,55,67,31,56
K. Kristinsson,20,190,63,73,600000,67,60,58,65,39,54,,,,,,,,,,,,,,,,,,,,,60,58,65,39,54
H. Bwana,22,175,63,73,600000,77,56,57,67,38,47,,,,,,,,,,,,,,,,,,,,,56,57,67,38,47
M. Carreazo,21,174,63,73,600000,71,46,57,64,44,54,,,,,,,,,,,,,,,,,,,,,46,57,64,44,54
A. Cisco,20,183,63,73,600000,76,61,61,65,24,50,,,,,,,,,,,,,,,,,,,,,61,61,65,24,50
Y. Kitala,21,186,63,73,600000,61,66,43,55,24,64,,,,,,,,,,,,,,,,,,,,,66,43,55,24,64
A. Nalic,21,190,63,73,600000,73,53,54,67,44,64,,,,,,,,,,,,,,,,,,,,,53,54,67,44,64
F. Üzüm,20,178,63,73,600000,68,65,59,65,28,49,,,,,,,,,,,,,,,,,,,,,65,59,65,28,49
Beto,21,194,63,73,600000,51,63,46,57,21,60,,,,,,,,,,,,,,,,,,,,,63,46,57,21,60
A. Lottin,17,181,62,82,600000,70,46,59,62,60,60,,,,,,,,,,,,,,,,,,,,,46,59,62,60,60
J. Lindsey,19,173,62,81,600000,78,43,57,62,57,63,,,,,,,,,,,,,,,,,,,,,43,57,62,57,63
K. Thuram,18,192,62,80,600000,65,45,59,60,58,69,,,,,,,,,,,,,,,,,,,,,45,59,60,58,69
M. Kapo,18,183,62,80,600000,66,46,56,62,61,59,,,,,,,,,,,,,,,,,,,,,46,56,62,61,59
S. Sessegnon,19,175,62,79,600000,71,33,51,59,59,56,,,,,,,,,,,,,,,,,,,,,33,51,59,59,56
M. Bogusz,17,175,62,79,600000,74,61,56,65,35,58,,,,,,,,,,,,,,,,,,,,,61,56,65,35,58
J. Chotard,17,179,62,79,600000,68,45,62,66,52,56,,,,,,,,,,,,,,,,,,,,,45,62,66,52,56
P. Pfeiffer,19,196,62,78,600000,59,30,40,49,60,66,,,,,,,,,,,,,,,,,,,,,30,40,49,60,66
I. Jakobs,19,184,62,78,600000,69,36,48,59,62,59,,,,,,,,,,,,,,,,,,,,,36,48,59,62,59
M. Gabbia,19,185,62,77,600000,56,33,36,48,67,56,,,,,,,,,,,,,,,,,,,,,33,36,48,67,56
H. Marcelin,19,197,62,77,600000,53,28,43,31,61,70,,,,,,,,,,,,,,,,,,,,,28,43,31,61,70
A. Keita,19,189,62,77,600000,69,27,47,46,59,70,,,,,,,,,,,,,,,,,,,,,27,47,46,59,70
Meseguer,19,175,62,76,600000,64,36,47,51,61,57,,,,,,,,,,,,,,,,,,,,,36,47,51,61,57
O. Diakité,18,189,62,76,600000,62,57,56,58,58,71,,,,,,,,,,,,,,,,,,,,,57,56,58,58,71
V. Gyökeres,21,187,62,75,600000,64,60,51,64,22,60,,,,,,,,,,,,,,,,,,,,,60,51,64,22,60
B. Sagna,36,176,72,72,575000,64,54,68,71,73,76,,,,,,,,,,,,,,,,,,,,,54,68,71,73,76
J. Valdés,38,175,70,70,575000,59,69,75,73,48,54,,,,,,,,,,,,,,,,,,,,,69,75,73,48,54
M. Izco,36,180,70,70,575000,66,61,71,70,67,63,,,,,,,,,,,,,,,,,,,,,61,71,70,67,63
Adriano Mezavilla,36,184,70,70,575000,68,59,66,67,60,76,,,,,,,,,,,,,,,,,,,,,59,66,67,60,76
A. Ramírez,38,175,70,70,575000,63,66,69,70,62,66,,,,,,,,,,,,,,,,,,,,,66,69,70,62,66
Breno Bemposta,35,176,70,70,575000,50,57,66,68,71,69,,,,,,,,,,,,,,,,,,,,,57,66,68,71,69
Marlinito Dias,35,189,70,70,575000,56,44,64,55,66,71,,,,,,,,,,,,,,,,,,,,,44,64,55,66,71
M. Cranie,32,183,68,68,575000,60,42,58,61,68,70,,,,,,,,,,,,,,,,,,,,,42,58,61,68,70
A. Considine,32,183,68,68,575000,46,22,54,56,66,76,,,,,,,,,,,,,,,,,,,,,22,54,56,66,76
D. Wheater,32,196,68,68,575000,42,44,47,46,69,75,,,,,,,,,,,,,,,,,,,,,44,47,46,69,75
J. Peters,32,182,68,68,575000,48,36,61,54,68,67,,,,,,,,,,,,,,,,,,,,,36,61,54,68,67
S. Burrai,32,177,68,68,575000,67,43,68,66,63,67,,,,,,,,,,,,,,,,,,,,,43,68,66,63,67
C. Avinel,32,180,68,68,575000,72,46,50,42,67,79,,,,,,,,,,,,,,,,,,,,,46,50,42,67,79
J. Taravel,32,191,68,68,575000,38,42,58,47,68,68,,,,,,,,,,,,,,,,,,,,,42,58,47,68,68
Wanderson,33,180,68,68,575000,58,68,68,68,29,62,,,,,,,,,,,,,,,,,,,,,68,68,68,29,62
Marc Valiente,32,184,68,68,575000,48,33,58,51,69,68,,,,,,,,,,,,,,,,,,,,,33,58,51,69,68
M. Boland,32,174,68,68,575000,71,65,69,69,61,71,,,,,,,,,,,,,,,,,,,,,65,69,69,61,71
D. Maroh,32,186,68,68,575000,35,37,45,46,68,75,,,,,,,,,,,,,,,,,,,,,37,45,46,68,75
Z. Diallo,32,194,68,68,575000,42,40,56,53,66,77,,,,,,,,,,,,,,,,,,,,,40,56,53,66,77
Kim Won Il,32,185,68,68,575000,63,35,47,42,69,71,,,,,,,,,,,,,,,,,,,,,35,47,42,69,71
A. Calello,32,178,68,68,575000,53,42,60,63,67,68,,,,,,,,,,,,,,,,,,,,,42,60,63,67,68
O. Viera,32,187,68,68,575000,41,51,44,40,66,79,,,,,,,,,,,,,,,,,,,,,51,44,40,66,79
João Meira,32,185,68,68,575000,38,30,54,46,68,62,,,,,,,,,,,,,,,,,,,,,30,54,46,68,62
E. Cantero,33,178,68,68,575000,63,68,46,57,24,68,,,,,,,,,,,,,,,,,,,,,68,46,57,24,68
R. Dugimont,33,182,68,68,575000,62,71,68,67,39,76,,,,,,,,,,,,,,,,,,,,,71,68,67,39,76
N. Aoyama,32,182,68,68,575000,51,41,52,51,68,69,,,,,,,,,,,,,,,,,,,,,41,52,51,68,69
J. Fojut,31,188,67,67,575000,46,37,44,39,67,72,,,,,,,,,,,,,,,,,,,,,37,44,39,67,72
A. Lithgow,31,185,67,67,575000,55,37,46,46,65,70,,,,,,,,,,,,,,,,,,,,,37,46,46,65,70
R. López,32,172,67,67,575000,67,60,68,69,44,47,,,,,,,,,,,,,,,,,,,,,60,68,69,44,47
S. Fürstner,31,178,67,67,575000,49,47,61,65,65,75,,,,,,,,,,,,,,,,,,,,,47,61,65,65,75
L. Broxham,31,170,67,67,575000,46,56,55,57,64,84,,,,,,,,,,,,,,,,,,,,,56,55,57,64,84
M. de Luna,31,179,67,67,575000,50,30,47,48,65,73,,,,,,,,,,,,,,,,,,,,,30,47,48,65,73
Gu Cao,31,183,67,67,575000,70,40,48,58,66,75,,,,,,,,,,,,,,,,,,,,,40,48,58,66,75
O. Kittner,31,189,67,67,575000,45,38,53,48,67,67,,,,,,,,,,,,,,,,,,,,,38,53,48,67,67
Pardo,31,187,67,67,575000,53,45,51,40,65,73,,,,,,,,,,,,,,,,,,,,,45,51,40,65,73
M. Azira,31,178,67,67,575000,56,51,62,64,64,68,,,,,,,,,,,,,,,,,,,,,51,62,64,64,68
C. Ramírez,31,183,67,67,575000,57,50,58,53,65,75,,,,,,,,,,,,,,,,,,,,,50,58,53,65,75
N. Fujita,32,176,67,67,575000,50,59,67,65,60,69,,,,,,,,,,,,,,,,,,,,,59,67,65,60,69
A. Russell,31,188,67,67,575000,65,23,35,38,66,74,,,,,,,,,,,,,,,,,,,,,23,35,38,66,74
G. Vașvari,32,179,67,67,575000,60,58,62,67,45,67,,,,,,,,,,,,,,,,,,,,,58,62,67,45,67
T. Jaques,31,182,67,67,575000,59,49,44,49,66,72,,,,,,,,,,,,,,,,,,,,,49,44,49,66,72
G. Evans,31,183,66,66,575000,84,68,62,64,53,83,,,,,,,,,,,,,,,,,,,,,68,62,64,53,83
S. Whalley,31,176,66,66,575000,90,57,59,68,37,62,,,,,,,,,,,,,,,,,,,,,57,59,68,37,62
A. Hammill,31,178,66,66,575000,70,67,64,68,44,58,,,,,,,,,,,,,,,,,,,,,67,64,68,44,58
N. Law,31,178,66,66,575000,71,57,61,67,49,69,,,,,,,,,,,,,,,,,,,,,57,61,67,49,69
A. Rooney,31,178,66,66,575000,61,65,53,64,25,74,,,,,,,,,,,,,,,,,,,,,65,53,64,25,74
K. Özer,31,170,66,66,575000,77,53,62,70,35,47,,,,,,,,,,,,,,,,,,,,,53,62,70,35,47
J. Skjelvik,27,183,66,66,575000,80,48,58,61,62,72,,,,,,,,,,,,,,,,,,,,,48,58,61,62,72
M. Budziński,28,184,66,66,575000,61,63,65,66,59,72,,,,,,,,,,,,,,,,,,,,,63,65,66,59,72
M. Hornschuh,28,188,66,66,575000,52,40,58,56,66,62,,,,,,,,,,,,,,,,,,,,,40,58,56,66,62
Y. Endo,31,168,66,66,575000,47,61,71,66,42,65,,,,,,,,,,,,,,,,,,,,,61,71,66,42,65
O. Halvorsen,31,178,66,66,575000,73,59,59,65,54,70,,,,,,,,,,,,,,,,,,,,,59,59,65,54,70
R. Tafazolli,27,196,66,66,575000,52,28,43,48,66,72,,,,,,,,,,,,,,,,,,,,,28,43,48,66,72
G. Herrem,31,188,66,66,575000,73,63,44,61,30,62,,,,,,,,,,,,,,,,,,,,,63,44,61,30,62
N. Peñailillo,27,184,66,66,575000,75,66,66,63,61,76,,,,,,,,,,,,,,,,,,,,,66,66,63,61,76
S. Gannon,27,183,66,66,575000,75,52,59,62,62,72,,,,,,,,,,,,,,,,,,,,,52,59,62,62,72
D. Toia,27,173,66,66,575000,72,51,58,64,63,70,,,,,,,,,,,,,,,,,,,,,51,58,64,63,70
A. Wiegel,27,179,66,66,575000,79,62,61,67,61,70,,,,,,,,,,,,,,,,,,,,,62,61,67,61,70
K. Naismith,27,185,66,66,575000,75,65,65,66,62,73,,,,,,,,,,,,,,,,,,,,,65,65,66,62,73
B. Diallo,28,183,66,66,575000,68,26,51,60,62,78,,,,,,,,,,,,,,,,,,,,,26,51,60,62,78
A. Asiri,27,177,66,66,575000,63,30,45,40,64,75,,,,,,,,,,,,,,,,,,,,,30,45,40,64,75
M. Gajos,28,174,66,66,575000,74,67,66,68,61,69,,,,,,,,,,,,,,,,,,,,,67,66,68,61,69
N. Al Mousa,28,175,66,66,575000,61,53,64,64,61,71,,,,,,,,,,,,,,,,,,,,,53,64,64,61,71
J. Espinoza,27,170,66,66,575000,74,51,60,67,63,65,,,,,,,,,,,,,,,,,,,,,51,60,67,63,65
S. Pol,31,175,66,66,575000,76,66,60,59,37,70,,,,,,,,,,,,,,,,,,,,,66,60,59,37,70
B. Vriends,28,188,66,66,575000,50,32,44,47,63,78,,,,,,,,,,,,,,,,,,,,,32,44,47,63,78
J. Tanaka,31,181,66,66,575000,62,63,63,67,32,71,,,,,,,,,,,,,,,,,,,,,63,63,67,32,71
F. Ciampichetti,31,186,66,66,575000,57,67,39,59,36,75,,,,,,,,,,,,,,,,,,,,,67,39,59,36,75
R. Crivello,27,180,66,66,575000,72,44,59,59,63,66,,,,,,,,,,,,,,,,,,,,,44,59,59,63,66
Li Lei,27,183,66,66,575000,73,37,61,57,63,70,,,,,,,,,,,,,,,,,,,,,37,61,57,63,70
Emílio Trevões,31,177,66,66,575000,90,64,52,72,23,52,,,,,,,,,,,,,,,,,,,,,64,52,72,23,52
Raphael Doninho,31,168,66,66,575000,71,58,63,68,40,63,,,,,,,,,,,,,,,,,,,,,58,63,68,40,63
M. Briceag,27,175,66,66,575000,64,25,52,56,65,64,,,,,,,,,,,,,,,,,,,,,25,52,56,65,64
M. Martac,27,171,66,66,575000,75,39,60,64,62,67,,,,,,,,,,,,,,,,,,,,,39,60,64,62,67
C. Burgess,27,196,65,68,575000,55,26,44,50,63,79,,,,,,,,,,,,,,,,,,,,,26,44,50,63,79
S. Ibeagha,27,188,65,68,575000,72,26,46,45,64,68,,,,,,,,,,,,,,,,,,,,,26,46,45,64,68
A. Kubalas,27,185,65,68,575000,45,27,33,33,70,61,,,,,,,,,,,,,,,,,,,,,27,33,33,70,61
L. Garbutt,26,178,65,67,575000,64,54,66,65,61,67,,,,,,,,,,,,,,,,,,,,,54,66,65,61,67
A. O'Connor,26,188,65,67,575000,67,44,57,60,62,76,,,,,,,,,,,,,,,,,,,,,44,57,60,62,76
J. Husband,25,179,65,67,575000,67,50,56,64,63,62,,,,,,,,,,,,,,,,,,,,,50,56,64,63,62
C. Dunne,26,188,65,67,575000,83,38,48,58,63,74,,,,,,,,,,,,,,,,,,,,,38,48,58,63,74
E. Fryers,26,183,65,67,575000,74,40,57,64,63,67,,,,,,,,,,,,,,,,,,,,,40,57,64,63,67
P. Keita,27,192,65,67,575000,61,33,53,58,64,73,,,,,,,,,,,,,,,,,,,,,33,53,58,64,73
M. Fox,25,185,65,67,575000,63,42,54,61,65,69,,,,,,,,,,,,,,,,,,,,,42,54,61,65,69
A. Winkler,27,190,65,67,575000,56,27,45,37,62,75,,,,,,,,,,,,,,,,,,,,,27,45,37,62,75
M. Jorquera,26,173,65,67,575000,74,39,60,64,59,71,,,,,,,,,,,,,,,,,,,,,39,60,64,59,71
J. Ávila,27,189,65,67,575000,30,36,47,38,64,74,,,,,,,,,,,,,,,,,,,,,36,47,38,64,74
Sim Sang Min,26,172,65,67,575000,72,47,59,67,60,70,,,,,,,,,,,,,,,,,,,,,47,59,67,60,70
Kim Yong Hwan,26,175,65,67,575000,85,39,57,66,56,68,,,,,,,,,,,,,,,,,,,,,39,57,66,56,68
S. van Wermeskerken,25,178,65,67,575000,76,36,59,67,59,64,,,,,,,,,,,,,,,,,,,,,36,59,67,59,64
A. Öztürk,26,191,65,67,575000,50,46,49,51,64,73,,,,,,,,,,,,,,,,,,,,,46,49,51,64,73
J. Ríos,27,174,65,67,575000,66,54,61,62,61,69,,,,,,,,,,,,,,,,,,,,,54,61,62,61,69
J. Chabalala,27,181,65,67,575000,57,27,44,38,67,67,,,,,,,,,,,,,,,,,,,,,27,44,38,67,67
C. Tilt,27,189,65,67,575000,64,26,36,44,65,73,,,,,,,,,,,,,,,,,,,,,26,36,44,65,73
A. Marc,26,190,65,67,575000,62,28,44,46,64,68,,,,,,,,,,,,,,,,,,,,,28,44,46,64,68
T. Petrášek,27,199,65,67,575000,51,45,35,42,64,81,,,,,,,,,,,,,,,,,,,,,45,35,42,64,81
N. Bärkroth,27,172,65,65,575000,81,58,63,68,34,61,,,,,,,,,,,,,,,,,,,,,58,63,68,34,61
K. Tokstad,27,185,65,65,575000,79,60,61,63,46,75,,,,,,,,,,,,,,,,,,,,,60,61,63,46,75
F. Nouble,27,190,65,65,575000,82,62,55,64,41,77,,,,,,,,,,,,,,,,,,,,,62,55,64,41,77
J. Jervis,27,191,65,65,575000,83,60,53,63,34,69,,,,,,,,,,,,,,,,,,,,,60,53,63,34,69
M. Doughty,26,185,65,65,575000,63,60,66,65,53,70,,,,,,,,,,,,,,,,,,,,,60,66,65,53,70
K. Larsen,27,183,65,65,575000,72,61,58,70,36,59,,,,,,,,,,,,,,,,,,,,,61,58,70,36,59
R. Riski,27,181,65,65,575000,83,63,53,66,41,59,,,,,,,,,,,,,,,,,,,,,63,53,66,41,59
J. Valencia,27,187,65,65,575000,69,62,39,64,24,78,,,,,,,,,,,,,,,,,,,,,62,39,64,24,78
L. Grozurek,27,188,65,65,575000,76,62,57,64,35,72,,,,,,,,,,,,,,,,,,,,,62,57,64,35,72
M. Mak,27,172,65,65,575000,83,63,59,66,27,42,,,,,,,,,,,,,,,,,,,,,63,59,66,27,42
E. Hooi,27,169,65,65,575000,91,54,57,69,24,43,,,,,,,,,,,,,,,,,,,,,54,57,69,24,43
R. Ofosu,27,175,65,65,575000,90,56,57,67,30,59,,,,,,,,,,,,,,,,,,,,,56,57,67,30,59
Nico Hidalgo,27,178,65,65,575000,76,55,60,70,48,61,,,,,,,,,,,,,,,,,,,,,55,60,70,48,61
T. Thiele,27,188,65,65,575000,79,61,52,63,22,65,,,,,,,,,,,,,,,,,,,,,61,52,63,22,65
D. Mast,27,186,65,65,575000,83,56,57,65,34,61,,,,,,,,,,,,,,,,,,,,,56,57,65,34,61
H. Al Hazaa,27,176,65,65,575000,77,62,43,63,21,59,,,,,,,,,,,,,,,,,,,,,62,43,63,21,59
D. López,27,176,65,65,575000,75,61,58,65,35,64,,,,,,,,,,,,,,,,,,,,,61,58,65,35,64
G. Rólantsson Sørensen,26,187,65,65,575000,82,61,62,64,59,71,,,,,,,,,,,,,,,,,,,,,61,62,64,59,71
H. Shipp,27,175,65,65,575000,52,62,67,69,46,56,,,,,,,,,,,,,,,,,,,,,62,67,69,46,56
P. Mullins,27,185,65,65,575000,60,64,43,61,29,65,,,,,,,,,,,,,,,,,,,,,64,43,61,29,65
Ahn Yong Woo,27,177,65,65,575000,75,59,62,66,35,63,,,,,,,,,,,,,,,,,,,,,59,62,66,35,63
Xie Pengfei,26,181,65,65,575000,77,62,57,67,46,67,,,,,,,,,,,,,,,,,,,,,62,57,67,46,67
M. Ebenhofer,26,180,65,65,575000,73,57,62,65,39,57,,,,,,,,,,,,,,,,,,,,,57,62,65,39,57
T. Pett,27,173,65,65,575000,72,58,61,68,48,54,,,,,,,,,,,,,,,,,,,,,58,61,68,48,54
J. Izumisawa,27,165,65,65,575000,69,60,62,70,40,55,,,,,,,,,,,,,,,,,,,,,60,62,70,40,55
S. Akasaki,27,174,65,65,575000,64,63,59,64,30,65,,,,,,,,,,,,,,,,,,,,,63,59,64,30,65
Nito Carbelho,27,181,65,65,575000,74,62,57,66,34,60,,,,,,,,,,,,,,,,,,,,,62,57,66,34,60
D. Diaw,27,191,65,65,575000,75,63,51,61,23,65,,,,,,,,,,,,,,,,,,,,,63,51,61,23,65
G. Compagnucci,27,178,65,65,575000,76,58,60,62,29,57,,,,,,,,,,,,,,,,,,,,,58,60,62,29,57
T. Tanaka,27,172,65,65,575000,82,57,60,64,53,59,,,,,,,,,,,,,,,,,,,,,57,60,64,53,59
D. Butler,24,177,64,71,575000,73,40,55,57,59,71,,,,,,,,,,,,,,,,,,,,,40,55,57,59,71
P. Gregor,25,189,64,71,575000,64,38,48,57,63,65,,,,,,,,,,,,,,,,,,,,,38,48,57,63,65
V. Bergan,24,193,64,71,575000,59,39,43,41,61,72,,,,,,,,,,,,,,,,,,,,,39,43,41,61,72
A. Smith-Brown,23,177,64,71,575000,82,37,55,63,59,70,,,,,,,,,,,,,,,,,,,,,37,55,63,59,70
S. Nelson,23,185,64,71,575000,50,27,40,46,62,71,,,,,,,,,,,,,,,,,,,,,27,40,46,62,71
S. Skrabb,24,174,64,71,575000,75,65,63,67,56,67,,,,,,,,,,,,,,,,,,,,,65,63,67,56,67
L. Carillo,22,187,64,71,575000,60,33,39,51,64,68,,,,,,,,,,,,,,,,,,,,,33,39,51,64,68
V. Wernersson,23,180,64,71,575000,70,43,58,64,60,65,,,,,,,,,,,,,,,,,,,,,43,58,64,60,65
Z. Vyner,22,188,64,71,575000,69,32,51,57,65,71,,,,,,,,,,,,,,,,,,,,,32,51,57,65,71
Nathan,24,188,64,71,575000,73,45,50,56,62,68,,,,,,,,,,,,,,,,,,,,,45,50,56,62,68
G. Timotheou,21,187,64,71,575000,59,32,45,50,61,76,,,,,,,,,,,,,,,,,,,,,32,45,50,61,76
A. Andersson,22,178,64,71,575000,75,45,59,64,60,65,,,,,,,,,,,,,,,,,,,,,45,59,64,60,65
Nahuel,23,172,64,71,575000,83,40,52,66,60,67,,,,,,,,,,,,,,,,,,,,,40,52,66,60,67
D. Niepsuj,23,183,64,71,575000,75,45,55,60,62,67,,,,,,,,,,,,,,,,,,,,,45,55,60,62,67
N. Mason,22,180,64,71,575000,61,43,62,63,63,65,,,,,,,,,,,,,,,,,,,,,43,62,63,63,65
A. Soumaoro,22,188,64,71,575000,71,41,57,59,59,71,,,,,,,,,,,,,,,,,,,,,41,57,59,59,71
A. Schetino,25,183,64,71,575000,49,49,55,59,59,68,,,,,,,,,,,,,,,,,,,,,49,55,59,59,68
Song Ju Hun,25,190,64,71,575000,64,34,37,32,62,73,,,,,,,,,,,,,,,,,,,,,34,37,32,62,73
S. Reddemann,23,191,64,71,575000,71,31,45,49,62,69,,,,,,,,,,,,,,,,,,,,,31,45,49,62,69
L. Faye,21,170,64,71,575000,71,35,49,63,63,70,,,,,,,,,,,,,,,,,,,,,35,49,63,63,70
Javi Jiménez,22,182,64,71,575000,42,30,50,44,67,50,,,,,,,,,,,,,,,,,,,,,30,50,44,67,50
B. Bronico,24,172,64,71,575000,67,59,61,65,60,61,,,,,,,,,,,,,,,,,,,,,59,61,65,60,61
B. Bye,23,183,64,71,575000,78,57,56,61,60,68,,,,,,,,,,,,,,,,,,,,,57,56,61,60,68
Primi,23,186,64,71,575000,59,32,45,48,62,68,,,,,,,,,,,,,,,,,,,,,32,45,48,62,68
T. Iwata,22,178,64,71,575000,75,44,58,64,63,69,,,,,,,,,,,,,,,,,,,,,44,58,64,63,69
D. Gugganig,22,190,64,71,575000,62,36,48,45,62,70,,,,,,,,,,,,,,,,,,,,,36,48,45,62,70
M. Shaker,22,185,64,71,575000,59,27,39,40,62,70,,,,,,,,,,,,,,,,,,,,,27,39,40,62,70
Admonio,25,183,64,71,575000,61,33,44,42,64,65,,,,,,,,,,,,,,,,,,,,,33,44,42,64,65
L. Marchi,22,180,64,71,575000,76,40,52,65,60,62,,,,,,,,,,,,,,,,,,,,,40,52,65,60,62
Bruno Jesus,22,191,64,71,575000,62,28,36,44,63,68,,,,,,,,,,,,,,,,,,,,,28,36,44,63,68
M. Schuster,23,179,64,70,575000,63,47,57,62,61,67,,,,,,,,,,,,,,,,,,,,,47,57,62,61,67
J. van der Heyden,23,180,64,70,575000,56,56,61,65,57,68,,,,,,,,,,,,,,,,,,,,,56,61,65,57,68
M. Martic,23,189,64,70,575000,66,45,55,59,60,72,,,,,,,,,,,,,,,,,,,,,45,55,59,60,72
L. Grgic,23,183,64,70,575000,68,39,52,56,62,76,,,,,,,,,,,,,,,,,,,,,39,52,56,62,76
M. Ellingsen,24,180,64,70,575000,60,58,64,67,56,68,,,,,,,,,,,,,,,,,,,,,58,64,67,56,68
Arthur Silva,24,185,64,70,575000,71,53,59,61,60,71,,,,,,,,,,,,,,,,,,,,,53,59,61,60,71
Tiago Esgaio,23,175,64,70,575000,66,55,61,66,62,61,,,,,,,,,,,,,,,,,,,,,55,61,66,62,61
Fabiano Alves,24,184,64,70,575000,65,46,55,51,63,82,,,,,,,,,,,,,,,,,,,,,46,55,51,63,82
A. Martínez,25,176,64,68,575000,64,59,64,70,48,66,,,,,,,,,,,,,,,,,,,,,59,64,70,48,66
F. Marquet,24,171,64,68,575000,57,53,65,64,62,66,,,,,,,,,,,,,,,,,,,,,53,65,64,62,66
J. Laurent,24,188,64,68,575000,75,58,62,65,56,70,,,,,,,,,,,,,,,,,,,,,58,62,65,56,70
A. Rufer,23,184,64,68,575000,69,56,62,66,58,72,,,,,,,,,,,,,,,,,,,,,56,62,66,58,72
G. Acampora,25,177,64,68,575000,60,61,61,65,52,65,,,,,,,,,,,,,,,,,,,,,61,61,65,52,65
B. Jacobsen,25,190,64,68,575000,60,55,59,63,65,76,,,,,,,,,,,,,,,,,,,,,55,59,63,65,76
Nené,24,183,64,68,575000,60,58,63,62,53,71,,,,,,,,,,,,,,,,,,,,,58,63,62,53,71
Z. Ismail,25,178,64,67,575000,89,59,55,67,33,60,,,,,,,,,,,,,,,,,,,,,59,55,67,33,60
Toni Silva,25,182,64,67,575000,80,59,54,66,29,59,,,,,,,,,,,,,,,,,,,,,59,54,66,29,59
O. Bulut,25,179,64,67,575000,74,54,62,63,54,68,,,,,,,,,,,,,,,,,,,,,54,62,63,54,68
T. Hopper,25,186,64,67,575000,64,61,49,61,24,70,,,,,,,,,,,,,,,,,,,,,61,49,61,24,70
Dolly Menga,26,180,64,67,575000,83,60,52,68,51,70,,,,,,,,,,,,,,,,,,,,,60,52,68,51,70
W. Jobello,25,179,64,67,575000,76,64,57,67,26,55,,,,,,,,,,,,,,,,,,,,,64,57,67,26,55
K. Morris,25,178,64,67,575000,76,59,57,66,48,68,,,,,,,,,,,,,,,,,,,,,59,57,66,48,68
J. O'Sullivan,25,181,64,67,575000,79,48,61,64,51,67,,,,,,,,,,,,,,,,,,,,,48,61,64,51,67
S. Spiridonović,25,172,64,67,575000,91,60,54,73,34,42,,,,,,,,,,,,,,,,,,,,,60,54,73,34,42
D. Starkl,25,176,64,67,575000,77,62,56,68,32,66,,,,,,,,,,,,,,,,,,,,,62,56,68,32,66
N. Quaschner,25,184,64,67,575000,80,62,59,63,30,70,,,,,,,,,,,,,,,,,,,,,62,59,63,30,70
J. Thiaré,26,183,64,67,575000,78,60,52,67,22,57,,,,,,,,,,,,,,,,,,,,,60,52,67,22,57
G. Karlen,26,186,64,67,575000,71,63,50,57,32,62,,,,,,,,,,,,,,,,,,,,,63,50,57,32,62
M. Evouna,26,185,64,67,575000,64,61,43,60,34,67,,,,,,,,,,,,,,,,,,,,,61,43,60,34,67
S. Al Jaman,25,174,64,67,575000,80,60,57,66,24,58,,,,,,,,,,,,,,,,,,,,,60,57,66,24,58
G. Alanís,25,186,64,67,575000,71,51,60,60,46,63,,,,,,,,,,,,,,,,,,,,,51,60,60,46,63
N. Maeda,24,175,64,67,575000,74,61,58,65,17,65,,,,,,,,,,,,,,,,,,,,,61,58,65,17,65
A. Calcan,25,172,64,67,575000,76,57,61,70,36,51,,,,,,,,,,,,,,,,,,,,,57,61,70,36,51
S. Vergara,25,170,64,67,575000,74,60,54,67,40,62,,,,,,,,,,,,,,,,,,,,,60,54,67,40,62
F. Boló,25,170,64,67,575000,72,55,62,67,40,49,,,,,,,,,,,,,,,,,,,,,55,62,67,40,49
I. Durmuş,25,180,64,67,575000,77,60,62,63,50,56,,,,,,,,,,,,,,,,,,,,,60,62,63,50,56
R. Garcia,25,181,64,67,575000,79,59,59,66,25,54,,,,,,,,,,,,,,,,,,,,,59,59,66,25,54
D. Kovačec,25,178,64,67,575000,86,60,54,66,38,59,,,,,,,,,,,,,,,,,,,,,60,54,66,38,59
Márcio Meira,25,169,64,67,575000,65,43,59,69,52,52,,,,,,,,,,,,,,,,,,,,,43,59,69,52,52
L. Wolsztyński,24,183,64,66,575000,68,62,59,64,40,69,,,,,,,,,,,,,,,,,,,,,62,59,64,40,69
K. Wilson,19,178,63,75,575000,79,36,54,63,58,67,,,,,,,,,,,,,,,,,,,,,36,54,63,58,67
J. Gölles,19,189,63,75,575000,75,52,51,58,60,65,,,,,,,,,,,,,,,,,,,,,52,51,58,60,65
A. Georgiou,22,179,63,74,575000,69,45,60,68,60,53,,,,,,,,,,,,,,,,,,,,,45,60,68,60,53
K. Roberts,21,185,63,74,575000,74,26,49,58,61,70,,,,,,,,,,,,,,,,,,,,,26,49,58,61,70
N. Gil,22,183,63,74,575000,64,38,52,52,64,69,,,,,,,,,,,,,,,,,,,,,38,52,52,64,69
A. Borkovic,20,184,63,74,575000,59,34,54,46,63,62,,,,,,,,,,,,,,,,,,,,,34,54,46,63,62
A. Jones,21,182,63,74,575000,60,29,48,52,62,66,,,,,,,,,,,,,,,,,,,,,29,48,52,62,66
J. Brandon,21,176,63,74,575000,79,44,58,65,59,62,,,,,,,,,,,,,,,,,,,,,44,58,65,59,62
N. Gallardo,21,179,63,74,575000,67,36,55,65,60,67,,,,,,,,,,,,,,,,,,,,,36,55,65,60,67
T. Baya,21,181,63,74,575000,80,45,56,59,60,64,,,,,,,,,,,,,,,,,,,,,45,56,59,60,64
R. Droehnle,20,180,63,74,575000,53,29,46,44,65,59,,,,,,,,,,,,,,,,,,,,,29,46,44,65,59
Tuta,19,184,63,74,575000,64,41,55,57,62,62,,,,,,,,,,,,,,,,,,,,,41,55,57,62,62
N. Kainourgios,20,189,63,74,575000,66,49,54,59,60,68,,,,,,,,,,,,,,,,,,,,,49,54,59,60,68
L. Picco,19,188,63,74,575000,58,44,56,59,59,70,,,,,,,,,,,,,,,,,,,,,44,56,59,59,70
João Serrão,19,192,63,74,575000,41,28,39,38,63,61,,,,,,,,,,,,,,,,,,,,,28,39,38,63,61
H. Akujobi,19,175,63,74,575000,63,43,56,61,58,71,,,,,,,,,,,,,,,,,,,,,43,56,61,58,71
H. Hallberg,22,180,63,73,575000,68,55,60,64,47,75,,,,,,,,,,,,,,,,,,,,,55,60,64,47,75
L. Checchin,22,180,63,73,575000,66,52,65,61,57,68,,,,,,,,,,,,,,,,,,,,,52,65,61,57,68
S. Dahlström,22,181,63,73,575000,66,51,62,60,59,69,,,,,,,,,,,,,,,,,,,,,51,62,60,59,69
D. Erdoğan,22,182,63,73,575000,61,50,58,60,53,68,,,,,,,,,,,,,,,,,,,,,50,58,60,53,68
C. Konan,19,179,63,73,575000,76,62,48,60,22,49,,,,,,,,,,,,,,,,,,,,,62,48,60,22,49
Alberto,19,166,63,73,575000,81,45,62,65,20,36,,,,,,,,,,,,,,,,,,,,,45,62,65,20,36
G. Cooper,22,175,63,72,575000,78,49,63,64,26,52,,,,,,,,,,,,,,,,,,,,,49,63,64,26,52
M. Tall,23,173,63,72,575000,82,60,49,65,23,61,,,,,,,,,,,,,,,,,,,,,60,49,65,23,61
A. Ferati,21,168,63,72,575000,77,53,61,70,38,50,,,,,,,,,,,,,,,,,,,,,53,61,70,38,50
Y. Andzouana,22,179,63,72,575000,75,58,58,64,37,55,,,,,,,,,,,,,,,,,,,,,58,58,64,37,55
S. Banza,22,189,63,72,575000,69,63,46,60,29,58,,,,,,,,,,,,,,,,,,,,,63,46,60,29,58
Vitó,21,180,63,72,575000,63,51,57,65,52,69,,,,,,,,,,,,,,,,,,,,,51,57,65,52,69
Lee Keun Ho,23,185,63,72,575000,68,64,58,62,24,71,,,,,,,,,,,,,,,,,,,,,64,58,62,24,71
Anderson Emanuel,23,175,63,72,575000,76,59,56,65,27,66,,,,,,,,,,,,,,,,,,,,,59,56,65,27,66
Gabri Salazar,23,179,63,72,575000,57,64,47,60,29,54,,,,,,,,,,,,,,,,,,,,,64,47,60,29,54
H. Mörschel,21,190,63,72,575000,67,63,53,63,24,55,,,,,,,,,,,,,,,,,,,,,63,53,63,24,55
J. Toro,22,174,63,72,575000,63,55,65,69,32,51,,,,,,,,,,,,,,,,,,,,,55,65,69,32,51
L. Daneels,21,172,63,72,575000,74,57,58,67,27,51,,,,,,,,,,,,,,,,,,,,,57,58,67,27,51
M. Badu,22,174,63,72,575000,76,50,60,64,51,59,,,,,,,,,,,,,,,,,,,,,50,60,64,51,59
Han Seok Hee,23,170,63,72,575000,76,58,57,65,45,55,,,,,,,,,,,,,,,,,,,,,58,57,65,45,55
João Pedro,22,185,63,72,575000,72,61,52,60,19,60,,,,,,,,,,,,,,,,,,,,,61,52,60,19,60
A. Rouault,18,187,62,82,575000,64,30,44,45,61,62,,,,,,,,,,,,,,,,,,,,,30,44,45,61,62
K. Moreno,18,187,62,81,575000,61,32,37,36,61,73,,,,,,,,,,,,,,,,,,,,,32,37,36,61,73
T. Vlček,18,183,62,80,575000,69,28,46,64,58,67,,,,,,,,,,,,,,,,,,,,,28,46,64,58,67
M. Ross,18,190,62,77,575000,65,26,48,50,60,68,,,,,,,,,,,,,,,,,,,,,26,48,50,60,68
C. Mamengi,18,178,62,76,575000,74,35,45,53,59,67,,,,,,,,,,,,,,,,,,,,,35,45,53,59,67
A. Frizzell,21,175,62,75,575000,81,50,57,67,38,50,,,,,,,,,,,,,,,,,,,,,50,57,67,38,50
K. Kairinen,20,186,62,75,575000,66,51,61,62,52,62,,,,,,,,,,,,,,,,,,,,,51,61,62,52,62
B. Lubala,21,177,62,75,575000,74,58,56,62,34,60,,,,,,,,,,,,,,,,,,,,,58,56,62,34,60
A. Carleton,19,170,62,75,575000,69,60,60,70,35,48,,,,,,,,,,,,,,,,,,,,,60,60,70,35,48
P. López,21,167,62,75,575000,71,51,62,65,43,45,,,,,,,,,,,,,,,,,,,,,51,62,65,43,45
N. Al Dawsari,20,178,62,75,575000,69,48,60,62,59,59,,,,,,,,,,,,,,,,,,,,,48,60,62,59,59
K. Thorstvedt,20,189,62,75,575000,45,64,59,64,48,72,,,,,,,,,,,,,,,,,,,,,64,59,64,48,72
N. Tiknizyan,20,180,62,75,575000,73,53,56,62,48,55,,,,,,,,,,,,,,,,,,,,,53,56,62,48,55
Y. Tolosa,20,170,62,75,575000,71,47,60,66,29,50,,,,,,,,,,,,,,,,,,,,,47,60,66,29,50
M. Phaeton,19,185,62,75,575000,74,61,48,63,22,69,,,,,,,,,,,,,,,,,,,,,61,48,63,22,69
C. Zady Sery,19,177,62,75,575000,80,56,54,66,20,50,,,,,,,,,,,,,,,,,,,,,56,54,66,20,50
Bertín,21,173,62,75,575000,75,59,58,65,36,49,,,,,,,,,,,,,,,,,,,,,59,58,65,36,49
C. Jones,18,182,61,82,575000,61,56,60,66,48,53,,,,,,,,,,,,,,,,,,,,,56,60,66,48,53
D. Redan,18,177,61,82,575000,74,60,48,58,22,55,,,,,,,,,,,,,,,,,,,,,60,48,58,22,55
M. Dawson,35,188,70,70,550000,30,33,44,36,71,64,,,,,,,,,,,,,,,,,,,,,33,44,36,71,64
G. Tamaș,35,188,70,70,550000,54,60,62,56,69,69,,,,,,,,,,,,,,,,,,,,,60,62,56,69,69
M. Parkhurst,35,180,70,70,550000,50,39,62,61,70,68,,,,,,,,,,,,,,,,,,,,,39,62,61,70,68
C. Vilches,35,182,70,70,550000,38,40,49,55,70,75,,,,,,,,,,,,,,,,,,,,,40,49,55,70,75
D. Vera,34,184,69,69,550000,53,68,62,67,35,69,,,,,,,,,,,,,,,,,,,,,68,62,67,35,69
S. Marveaux,33,172,68,68,550000,63,66,70,70,51,60,,,,,,,,,,,,,,,,,,,,,66,70,70,51,60
G. Bustamante,33,170,68,68,550000,65,65,66,69,34,57,,,,,,,,,,,,,,,,,,,,,65,66,69,34,57
L. Peltier,32,177,68,68,550000,58,38,58,61,72,70,,,,,,,,,,,,,,,,,,,,,38,58,61,72,70
E. Castillo,32,170,68,68,550000,78,59,64,70,63,70,,,,,,,,,,,,,,,,,,,,,59,64,70,63,70
L. Seijas,33,178,68,68,550000,61,69,70,69,57,59,,,,,,,,,,,,,,,,,,,,,69,70,69,57,59
Ilsinho,33,178,68,68,550000,60,64,66,77,53,60,,,,,,,,,,,,,,,,,,,,,64,66,77,53,60
A. Skúlason,32,170,68,68,550000,67,60,67,70,64,71,,,,,,,,,,,,,,,,,,,,,60,67,70,64,71
E. Hernández,32,163,68,68,550000,68,59,65,70,65,67,,,,,,,,,,,,,,,,,,,,,59,65,70,65,67
Yu Hai,32,183,68,68,550000,73,53,65,65,65,68,,,,,,,,,,,,,,,,,,,,,53,65,65,65,68
P. Muñoz,33,173,68,68,550000,86,57,56,72,24,63,,,,,,,,,,,,,,,,,,,,,57,56,72,24,63
M. Lumb,31,177,67,67,550000,68,55,63,64,64,74,,,,,,,,,,,,,,,,,,,,,55,63,64,64,74
P. Bengtsson,31,175,67,67,550000,69,52,65,66,63,62,,,,,,,,,,,,,,,,,,,,,52,65,66,63,62
J. Thomassen,31,180,67,67,550000,74,50,62,62,62,76,,,,,,,,,,,,,,,,,,,,,50,62,62,62,76
M. Pietrowski,31,184,67,67,550000,67,55,63,64,64,75,,,,,,,,,,,,,,,,,,,,,55,63,64,64,75
T. Schrammel,31,176,67,67,550000,71,53,64,66,65,69,,,,,,,,,,,,,,,,,,,,,53,64,66,65,69
I. Franjić,31,180,67,67,550000,71,59,62,66,62,69,,,,,,,,,,,,,,,,,,,,,59,62,66,62,69
M. Al Harbi,31,175,67,67,550000,78,44,63,65,62,68,,,,,,,,,,,,,,,,,,,,,44,63,65,62,68
D. Gómez,31,173,67,67,550000,81,50,57,65,64,78,,,,,,,,,,,,,,,,,,,,,50,57,65,64,78
D. Nishi,31,176,67,67,550000,49,52,67,66,64,77,,,,,,,,,,,,,,,,,,,,,52,67,66,64,77
P. Herrmann,31,180,67,67,550000,66,23,51,55,66,72,,,,,,,,,,,,,,,,,,,,,23,51,55,66,72
Romera,31,176,67,67,550000,67,37,53,67,70,45,,,,,,,,,,,,,,,,,,,,,37,53,67,70,45
D. Soddimo,31,180,66,66,550000,82,63,65,72,45,68,,,,,,,,,,,,,,,,,,,,,63,65,72,45,68
M. Lekven,31,177,66,66,550000,64,58,67,66,55,72,,,,,,,,,,,,,,,,,,,,,58,67,66,55,72
R. Feltscher,28,184,66,66,550000,60,49,62,63,66,75,,,,,,,,,,,,,,,,,,,,,49,62,63,66,75
D. Andrew,28,180,66,66,550000,69,47,64,62,62,67,,,,,,,,,,,,,,,,,,,,,47,64,62,62,67
M. N'Diaye,29,179,66,66,550000,69,50,60,63,64,74,,,,,,,,,,,,,,,,,,,,,50,60,63,64,74
J. Kotzke,29,184,66,66,550000,66,45,56,54,64,72,,,,,,,,,,,,,,,,,,,,,45,56,54,64,72
T. Çamdal,28,176,66,66,550000,83,53,62,71,61,58,,,,,,,,,,,,,,,,,,,,,53,62,71,61,58
D. Lachman,29,189,66,66,550000,54,50,55,55,63,75,,,,,,,,,,,,,,,,,,,,,50,55,55,63,75
A. Faltsetas,31,181,66,66,550000,57,54,65,59,66,80,,,,,,,,,,,,,,,,,,,,,54,65,59,66,80
L. Néry,28,174,66,66,550000,68,47,61,62,64,72,,,,,,,,,,,,,,,,,,,,,47,61,62,64,72
Jung Seung Yong,28,182,66,66,550000,73,41,54,63,63,70,,,,,,,,,,,,,,,,,,,,,41,54,63,63,70
J. Omolo,29,179,66,66,550000,65,46,55,61,63,71,,,,,,,,,,,,,,,,,,,,,46,55,61,63,71
S. Al Muwallad,28,184,66,66,550000,77,54,59,62,61,73,,,,,,,,,,,,,,,,,,,,,54,59,62,61,73
E. Mosquera,28,182,66,66,550000,70,45,58,57,64,72,,,,,,,,,,,,,,,,,,,,,45,58,57,64,72
A. Delfino,29,182,66,66,550000,58,27,40,39,65,71,,,,,,,,,,,,,,,,,,,,,27,40,39,65,71
F. Heerkens,29,184,66,66,550000,59,27,56,55,65,72,,,,,,,,,,,,,,,,,,,,,27,56,55,65,72
S. Hertner,28,180,66,66,550000,74,42,60,64,64,66,,,,,,,,,,,,,,,,,,,,,42,60,64,64,66
D. Antolić,29,180,66,66,550000,53,64,69,66,61,62,,,,,,,,,,,,,,,,,,,,,64,69,66,61,62
S. Zwierschitz,28,183,66,66,550000,68,48,58,59,66,69,,,,,,,,,,,,,,,,,,,,,48,58,59,66,69
A. Eriksson,28,186,66,66,550000,77,49,67,63,59,71,,,,,,,,,,,,,,,,,,,,,49,67,63,59,71
M. Akbaş,29,188,66,66,550000,41,52,55,59,65,73,,,,,,,,,,,,,,,,,,,,,52,55,59,65,73
I. Santillán,28,172,66,66,550000,72,59,63,67,62,65,,,,,,,,,,,,,,,,,,,,,59,63,67,62,65
L. Balanta,28,186,66,66,550000,67,42,52,57,66,66,,,,,,,,,,,,,,,,,,,,,42,52,57,66,66
T. Wada,28,170,66,66,550000,62,38,63,63,63,60,,,,,,,,,,,,,,,,,,,,,38,63,63,63,60
Y. Maruhashi,28,178,66,66,550000,76,49,63,66,58,64,,,,,,,,,,,,,,,,,,,,,49,63,66,58,64
D. Frick,29,188,66,66,550000,57,54,59,62,60,72,,,,,,,,,,,,,,,,,,,,,54,59,62,60,72
M. Wassey,31,187,66,66,550000,52,59,66,65,57,65,,,,,,,,,,,,,,,,,,,,,59,66,65,57,65
M. Aničić,29,192,66,66,550000,60,33,45,38,65,68,,,,,,,,,,,,,,,,,,,,,33,45,38,65,68
J. Mostasilla,28,187,65,67,550000,51,28,33,33,63,78,,,,,,,,,,,,,,,,,,,,,28,33,33,63,78
Lei Tenglong,28,183,65,67,550000,71,25,36,43,64,73,,,,,,,,,,,,,,,,,,,,,25,36,43,64,73
Bi Jinhao,28,190,65,67,550000,61,59,56,61,62,71,,,,,,,,,,,,,,,,,,,,,59,56,61,62,71
B. Kallman,28,188,65,67,550000,57,39,49,36,63,76,,,,,,,,,,,,,,,,,,,,,39,49,36,63,76
M. Naamani,28,196,65,67,550000,34,24,38,46,61,77,,,,,,,,,,,,,,,,,,,,,24,38,46,61,77
H. Akpan,27,182,65,66,550000,68,55,57,63,63,80,,,,,,,,,,,,,,,,,,,,,55,57,63,63,80
O. Beckles,27,191,65,66,550000,60,27,47,56,63,75,,,,,,,,,,,,,,,,,,,,,27,47,56,63,75
M. Cestor,27,178,65,66,550000,81,25,46,50,62,72,,,,,,,,,,,,,,,,,,,,,25,46,50,62,72
T. Eastman,27,191,65,66,550000,37,32,50,55,64,77,,,,,,,,,,,,,,,,,,,,,32,50,55,64,77
E. Ebanks-Landell,26,188,65,66,550000,60,48,49,53,64,72,,,,,,,,,,,,,,,,,,,,,48,49,53,64,72
N. Devlin,25,183,65,66,550000,89,52,55,61,57,78,,,,,,,,,,,,,,,,,,,,,52,55,61,57,78
J. Sternberg,26,182,65,66,550000,72,48,60,62,61,71,,,,,,,,,,,,,,,,,,,,,48,60,62,61,71
J. Caprice,26,179,65,66,550000,80,51,57,63,60,67,,,,,,,,,,,,,,,,,,,,,51,57,63,60,67
J. Phojo,26,178,65,66,550000,70,37,57,63,62,66,,,,,,,,,,,,,,,,,,,,,37,57,63,62,66
O. Gnjatić,27,190,65,66,550000,57,40,55,57,61,79,,,,,,,,,,,,,,,,,,,,,40,55,57,61,79
H. Delbridge,27,193,65,66,550000,63,33,41,44,59,83,,,,,,,,,,,,,,,,,,,,,33,41,44,59,83
H. Memolla,26,186,65,66,550000,64,40,55,60,63,67,,,,,,,,,,,,,,,,,,,,,40,55,60,63,67
P. Bardy,26,182,65,66,550000,61,25,46,58,65,59,,,,,,,,,,,,,,,,,,,,,25,46,58,65,59
Aquino,28,178,65,65,550000,72,66,59,73,25,52,,,,,,,,,,,,,,,,,,,,,66,59,73,25,52
J. Akinde,29,188,65,65,550000,76,62,48,56,36,83,,,,,,,,,,,,,,,,,,,,,62,48,56,36,83
P. Madden,29,183,65,65,550000,69,64,51,61,34,68,,,,,,,,,,,,,,,,,,,,,64,51,61,34,68
M. Bolly,28,185,65,65,550000,94,60,52,67,29,60,,,,,,,,,,,,,,,,,,,,,60,52,67,29,60
J. Obika,28,183,65,65,550000,71,62,43,61,36,71,,,,,,,,,,,,,,,,,,,,,62,43,61,36,71
M. Carretta,28,178,65,65,550000,91,54,59,69,35,61,,,,,,,,,,,,,,,,,,,,,54,59,69,35,61
K. Bennett,28,165,65,65,550000,81,56,57,68,36,50,,,,,,,,,,,,,,,,,,,,,56,57,68,36,50
D. Amoo,28,178,65,65,550000,90,58,56,67,38,63,,,,,,,,,,,,,,,,,,,,,58,56,67,38,63
D. Tadić,29,177,65,65,550000,75,66,55,65,28,71,,,,,,,,,,,,,,,,,,,,,66,55,65,28,71
E. Tønne,28,180,65,65,550000,73,58,65,65,56,69,,,,,,,,,,,,,,,,,,,,,58,65,65,56,69
S. Benyamina,29,189,65,65,550000,71,62,42,65,34,71,,,,,,,,,,,,,,,,,,,,,62,42,65,34,71
A. Koro Koné,29,178,65,65,550000,79,62,52,67,25,55,,,,,,,,,,,,,,,,,,,,,62,52,67,25,55
C. Jennings,28,183,65,65,550000,77,63,60,63,35,62,,,,,,,,,,,,,,,,,,,,,63,60,63,35,62
P. Tuszyński,29,184,65,65,550000,67,63,56,62,37,61,,,,,,,,,,,,,,,,,,,,,63,56,62,37,61
A. N'Diaye,28,179,65,65,550000,86,62,53,70,27,58,,,,,,,,,,,,,,,,,,,,,62,53,70,27,58
D. Imbongo Boele,29,188,65,65,550000,68,64,55,58,26,75,,,,,,,,,,,,,,,,,,,,,64,55,58,26,75
R. Nagai,28,180,65,65,550000,82,61,57,63,27,63,,,,,,,,,,,,,,,,,,,,,61,57,63,27,63
Lee Kwang Sun,29,192,65,65,550000,59,61,48,59,54,81,,,,,,,,,,,,,,,,,,,,,61,48,59,54,81
G. Hachen,28,165,65,65,550000,79,62,53,72,25,43,,,,,,,,,,,,,,,,,,,,,62,53,72,25,43
M. Dávila,27,172,65,65,550000,82,65,65,65,54,61,,,,,,,,,,,,,,,,,,,,,65,65,65,54,61
Peng Xinli,27,176,65,65,550000,82,56,63,67,62,69,,,,,,,,,,,,,,,,,,,,,56,63,67,62,69
K. Vermeulen,28,188,65,65,550000,50,63,60,64,54,67,,,,,,,,,,,,,,,,,,,,,63,60,64,54,67
F. Jamnig,28,183,65,65,550000,82,62,60,63,33,57,,,,,,,,,,,,,,,,,,,,,62,60,63,33,57
L. Sekulski,28,187,65,65,550000,74,62,39,63,26,70,,,,,,,,,,,,,,,,,,,,,62,39,63,26,70
R. Caballero,28,183,65,65,550000,61,64,43,60,23,66,,,,,,,,,,,,,,,,,,,,,64,43,60,23,66
M. Ogbu,28,185,65,65,550000,75,60,57,65,39,72,,,,,,,,,,,,,,,,,,,,,60,57,65,39,72
M. Röser,28,181,65,65,550000,81,60,63,64,34,62,,,,,,,,,,,,,,,,,,,,,60,63,64,34,62
A. Bjarnason,28,193,65,65,550000,70,64,49,63,28,71,,,,,,,,,,,,,,,,,,,,,64,49,63,28,71
A. Erceg,29,180,65,65,550000,69,63,51,64,29,66,,,,,,,,,,,,,,,,,,,,,63,51,64,29,66
Jon Ander,29,184,65,65,550000,56,66,42,54,21,78,,,,,,,,,,,,,,,,,,,,,66,42,54,21,78
C. Cherchez,28,183,65,65,550000,68,66,61,66,32,60,,,,,,,,,,,,,,,,,,,,,66,61,66,32,60
Jô Santos,28,172,65,65,550000,77,63,58,67,28,61,,,,,,,,,,,,,,,,,,,,,63,58,67,28,61
T. Sakano,29,181,65,65,550000,60,65,50,61,30,64,,,,,,,,,,,,,,,,,,,,,65,50,61,30,64
M. Meulensteen,19,184,64,71,550000,67,51,63,63,62,66,,,,,,,,,,,,,,,,,,,,,51,63,63,62,66
D. Koita,19,190,64,71,550000,48,44,50,51,61,70,,,,,,,,,,,,,,,,,,,,,44,50,51,61,70
R. McLaughlin,24,174,64,70,550000,78,50,59,67,57,66,,,,,,,,,,,,,,,,,,,,,50,59,67,57,66
M. Fraser,25,182,64,70,550000,71,26,46,53,64,70,,,,,,,,,,,,,,,,,,,,,26,46,53,64,70
N. Neidhart,24,177,64,70,550000,74,40,54,55,59,60,,,,,,,,,,,,,,,,,,,,,40,54,55,59,60
M. Sarr,24,189,64,70,550000,64,39,56,59,64,65,,,,,,,,,,,,,,,,,,,,,39,56,59,64,65
J. Wright,24,193,64,70,550000,44,29,44,54,64,69,,,,,,,,,,,,,,,,,,,,,29,44,54,64,69
A. Camigliano,24,188,64,70,550000,53,16,30,35,66,61,,,,,,,,,,,,,,,,,,,,,16,30,35,66,61
P. Ceccaroni,23,188,64,70,550000,73,30,47,50,65,65,,,,,,,,,,,,,,,,,,,,,30,47,50,65,65
T. Salquist,24,190,64,70,550000,65,34,41,46,63,71,,,,,,,,,,,,,,,,,,,,,34,41,46,63,71
J. Kramer,22,187,64,70,550000,60,34,40,51,63,65,,,,,,,,,,,,,,,,,,,,,34,40,51,63,65
C. Goode,23,196,64,70,550000,60,26,42,48,62,71,,,,,,,,,,,,,,,,,,,,,26,42,48,62,71
C. Johnson,22,180,64,70,550000,70,46,58,62,60,70,,,,,,,,,,,,,,,,,,,,,46,58,62,60,70
B. Böðvarsson,24,186,64,70,550000,75,28,56,59,60,68,,,,,,,,,,,,,,,,,,,,,28,56,59,60,68
Choi Kyu Baek,25,188,64,70,550000,69,27,49,44,65,65,,,,,,,,,,,,,,,,,,,,,27,49,44,65,65
A. Vukčević,22,180,64,70,550000,75,51,57,59,61,69,,,,,,,,,,,,,,,,,,,,,51,57,59,61,69
N. Rieble,23,183,64,70,550000,70,42,55,62,62,70,,,,,,,,,,,,,,,,,,,,,42,55,62,62,70
S. Al Rubaie,25,188,64,70,550000,60,25,44,40,63,67,,,,,,,,,,,,,,,,,,,,,25,44,40,63,67
C. Greger,22,193,64,70,550000,54,28,36,37,63,72,,,,,,,,,,,,,,,,,,,,,28,36,37,63,72
Luan,23,186,64,70,550000,52,25,39,40,63,69,,,,,,,,,,,,,,,,,,,,,25,39,40,63,69
B. Öztürk,23,185,64,70,550000,61,30,40,42,68,61,,,,,,,,,,,,,,,,,,,,,30,40,42,68,61
A. Radu,23,177,64,70,550000,79,30,56,60,61,69,,,,,,,,,,,,,,,,,,,,,30,56,60,61,69
A. Mendy,24,180,64,70,550000,72,34,55,58,60,64,,,,,,,,,,,,,,,,,,,,,34,55,58,60,64
E. Moreno,25,176,64,70,550000,72,47,63,65,57,60,,,,,,,,,,,,,,,,,,,,,47,63,65,57,60
Kellyton,24,180,64,70,550000,63,39,42,63,66,75,,,,,,,,,,,,,,,,,,,,,39,42,63,66,75
H. Hansen,24,195,64,69,550000,47,28,39,35,62,75,,,,,,,,,,,,,,,,,,,,,28,39,35,62,75
A. Calver,23,186,64,69,550000,56,26,49,51,62,72,,,,,,,,,,,,,,,,,,,,,26,49,51,62,72
V. Milke,24,182,64,69,550000,46,46,54,57,63,69,,,,,,,,,,,,,,,,,,,,,46,54,57,63,69
O. Sowunmi,23,199,64,69,550000,68,37,38,37,61,80,,,,,,,,,,,,,,,,,,,,,37,38,37,61,80
D. Wynne,24,178,64,69,550000,73,27,51,62,61,69,,,,,,,,,,,,,,,,,,,,,27,51,62,61,69
W. Janssens,23,185,64,69,550000,68,63,50,64,63,58,,,,,,,,,,,,,,,,,,,,,63,50,64,63,58
D. Kvande,24,189,64,69,550000,53,45,63,57,62,70,,,,,,,,,,,,,,,,,,,,,45,63,57,62,70
S. Haudum,24,189,64,69,550000,57,50,56,52,64,73,,,,,,,,,,,,,,,,,,,,,50,56,52,64,73
S. Hager,24,187,64,69,550000,66,44,49,52,62,67,,,,,,,,,,,,,,,,,,,,,44,49,52,62,67
C. Stamboulidis,23,186,64,69,550000,62,38,48,55,63,66,,,,,,,,,,,,,,,,,,,,,38,48,55,63,66
F. Jensen,26,185,64,67,550000,55,52,61,60,62,66,,,,,,,,,,,,,,,,,,,,,52,61,60,62,66
A. Escoboza,26,171,64,67,550000,76,65,65,71,37,66,,,,,,,,,,,,,,,,,,,,,65,65,71,37,66
D. Berntsen,26,175,64,67,550000,71,64,61,69,42,55,,,,,,,,,,,,,,,,,,,,,64,61,69,42,55
C. Reilly,25,185,64,67,550000,63,59,62,62,62,77,,,,,,,,,,,,,,,,,,,,,59,62,62,62,77
C. Álvarez,26,174,64,67,550000,71,54,64,66,50,55,,,,,,,,,,,,,,,,,,,,,54,64,66,50,55
Wang Shangyuan,26,185,64,67,550000,71,60,59,67,59,80,,,,,,,,,,,,,,,,,,,,,60,59,67,59,80
Luo Senwen,26,188,64,67,550000,59,61,61,66,57,67,,,,,,,,,,,,,,,,,,,,,61,61,66,57,67
Hu Yanqiang,26,178,64,67,550000,84,59,60,68,42,59,,,,,,,,,,,,,,,,,,,,,59,60,68,42,59
Luo Jing,25,180,64,67,550000,66,59,64,65,57,56,,,,,,,,,,,,,,,,,,,,,59,64,65,57,56
S. Leyton,26,177,64,67,550000,66,60,60,63,60,71,,,,,,,,,,,,,,,,,,,,,60,60,63,60,71
D. Rose,25,173,64,66,550000,79,62,53,64,41,67,,,,,,,,,,,,,,,,,,,,,62,53,64,41,67
Jean Deretti,26,174,64,66,550000,74,57,61,66,35,36,,,,,,,,,,,,,,,,,,,,,57,61,66,35,36
N. Chamed,25,175,64,66,550000,79,59,62,66,30,60,,,,,,,,,,,,,,,,,,,,,59,62,66,30,60
B. Perea,26,189,64,66,550000,66,61,58,62,32,59,,,,,,,,,,,,,,,,,,,,,61,58,62,32,59
J. Vojtuš,25,186,64,66,550000,70,63,44,57,23,64,,,,,,,,,,,,,,,,,,,,,63,44,57,23,64
B. Touré,24,170,64,66,550000,67,54,59,67,54,56,,,,,,,,,,,,,,,,,,,,,54,59,67,54,56
J. Chapman,25,183,64,66,550000,68,55,61,66,52,67,,,,,,,,,,,,,,,,,,,,,55,61,66,52,67
K. Woolery,24,181,64,66,550000,86,59,52,67,19,56,,,,,,,,,,,,,,,,,,,,,59,52,67,19,56
D. Donohue,25,180,64,66,550000,67,56,66,64,59,67,,,,,,,,,,,,,,,,,,,,,56,66,64,59,67
S. Kobayashi,25,176,64,66,550000,79,57,56,64,42,62,,,,,,,,,,,,,,,,,,,,,57,56,64,42,62
S. Chabbi,25,189,64,66,550000,72,62,46,63,24,55,,,,,,,,,,,,,,,,,,,,,62,46,63,24,55
Y. Goto,26,171,64,66,550000,80,63,54,66,26,60,,,,,,,,,,,,,,,,,,,,,63,54,66,26,60
J. Salcedo,26,176,64,66,550000,75,63,46,61,17,58,,,,,,,,,,,,,,,,,,,,,63,46,61,17,58
M. Bakenga,26,181,64,65,550000,78,59,52,63,38,61,,,,,,,,,,,,,,,,,,,,,59,52,63,38,61
C. McAleny,26,178,64,65,550000,73,66,60,66,24,46,,,,,,,,,,,,,,,,,,,,,66,60,66,24,46
L. Norris,26,184,64,65,550000,61,66,47,58,27,65,,,,,,,,,,,,,,,,,,,,,66,47,58,27,65
N. Brock-Madsen,26,190,64,65,550000,62,62,47,58,36,75,,,,,,,,,,,,,,,,,,,,,62,47,58,36,75
S. Sané,26,187,64,65,550000,73,62,38,63,29,67,,,,,,,,,,,,,,,,,,,,,62,38,63,29,67
J. Manconi,25,180,64,65,550000,72,60,61,67,31,59,,,,,,,,,,,,,,,,,,,,,60,61,67,31,59
J. Biada,26,178,64,65,550000,70,66,59,66,35,59,,,,,,,,,,,,,,,,,,,,,66,59,66,35,59
A. Gryszkiewicz,19,185,63,74,550000,72,33,53,56,60,73,,,,,,,,,,,,,,,,,,,,,33,53,56,60,73
D. Moreno,23,186,63,73,550000,59,65,57,63,57,67,,,,,,,,,,,,,,,,,,,,,65,57,63,57,67
R. Delaney,22,188,63,73,550000,61,28,43,50,61,71,,,,,,,,,,,,,,,,,,,,,28,43,50,61,71
Q. Bena,21,185,63,73,550000,65,49,59,63,62,71,,,,,,,,,,,,,,,,,,,,,49,59,63,62,71
Pepe Mena,21,175,63,73,550000,57,51,61,59,62,51,,,,,,,,,,,,,,,,,,,,,51,61,59,62,51
E. Ybáñez,20,173,63,73,550000,68,40,48,64,61,60,,,,,,,,,,,,,,,,,,,,,40,48,64,61,60
D. Foulon,20,180,63,73,550000,72,31,60,63,59,65,,,,,,,,,,,,,,,,,,,,,31,60,63,59,65
S. Ambrosius,20,182,63,73,550000,67,31,41,45,62,67,,,,,,,,,,,,,,,,,,,,,31,41,45,62,67
P. Jaeckel,20,188,63,73,550000,54,33,50,41,68,67,,,,,,,,,,,,,,,,,,,,,33,50,41,68,67
Pepe Castaño,20,184,63,73,550000,55,41,51,51,62,59,,,,,,,,,,,,,,,,,,,,,41,51,51,62,59
R. Ergas,21,182,63,73,550000,70,35,44,61,62,52,,,,,,,,,,,,,,,,,,,,,35,44,61,62,52
J. Morrell,22,168,63,72,550000,69,53,61,66,48,46,,,,,,,,,,,,,,,,,,,,,53,61,66,48,46
M. Edjouma,22,191,63,72,550000,66,41,59,61,59,74,,,,,,,,,,,,,,,,,,,,,41,59,61,59,74
Lucas Rodrigues,19,182,63,72,550000,66,62,46,64,24,54,,,,,,,,,,,,,,,,,,,,,62,46,64,24,54
D. Denić,23,182,63,72,550000,68,54,61,60,63,68,,,,,,,,,,,,,,,,,,,,,54,61,60,63,68
J. Verdugo,22,172,63,71,550000,83,55,59,63,41,56,,,,,,,,,,,,,,,,,,,,,55,59,63,41,56
D. Parker,23,175,63,71,550000,74,56,57,67,37,53,,,,,,,,,,,,,,,,,,,,,56,57,67,37,53
D. Cuadros,23,170,63,71,550000,72,47,67,62,48,65,,,,,,,,,,,,,,,,,,,,,47,67,62,48,65
T. Rodríguez,23,183,63,71,550000,65,54,59,67,43,55,,,,,,,,,,,,,,,,,,,,,54,59,67,43,55
T. Amang,21,174,63,71,550000,87,60,48,66,36,75,,,,,,,,,,,,,,,,,,,,,60,48,66,36,75
E. Oti Essigba,22,172,63,71,550000,91,54,54,67,34,53,,,,,,,,,,,,,,,,,,,,,54,54,67,34,53
Y. Maziz,21,175,63,71,550000,68,51,61,69,20,51,,,,,,,,,,,,,,,,,,,,,51,61,69,20,51
Matheus Aias,22,175,63,71,550000,65,60,48,65,26,57,,,,,,,,,,,,,,,,,,,,,60,48,65,26,57
E. Williamson,22,175,63,71,550000,66,53,63,65,50,56,,,,,,,,,,,,,,,,,,,,,53,63,65,50,56
K. Despodov,22,178,63,71,550000,73,65,49,66,25,57,,,,,,,,,,,,,,,,,,,,,65,49,66,25,57
A. Palavecino,22,180,63,71,550000,69,57,63,62,34,59,,,,,,,,,,,,,,,,,,,,,57,63,62,34,59
A. Burlacu,22,186,63,71,550000,74,62,59,63,26,57,,,,,,,,,,,,,,,,,,,,,62,59,63,26,57
Paulinho,22,173,63,71,550000,72,54,60,67,38,50,,,,,,,,,,,,,,,,,,,,,54,60,67,38,50
M. Tshibuabua,17,186,62,82,550000,55,34,38,43,61,67,,,,,,,,,,,,,,,,,,,,,34,38,43,61,67
M. Sørensen,20,185,62,75,550000,54,32,48,54,62,69,,,,,,,,,,,,,,,,,,,,,32,48,54,62,69
C. Zesiger,21,194,62,75,550000,69,32,42,39,61,69,,,,,,,,,,,,,,,,,,,,,32,42,39,61,69
M. Boudjemaa,21,181,62,75,550000,67,40,55,55,61,68,,,,,,,,,,,,,,,,,,,,,40,55,55,61,68
J. Sobociński,20,186,62,75,550000,63,22,45,37,60,70,,,,,,,,,,,,,,,,,,,,,22,45,37,60,70
R. Zalazar,19,178,62,75,550000,77,49,60,65,58,62,,,,,,,,,,,,,,,,,,,,,49,60,65,58,62
B. Lozano,22,167,62,74,550000,69,58,55,68,29,37,,,,,,,,,,,,,,,,,,,,,58,55,68,29,37
L. Matarese,21,177,62,74,550000,68,56,55,69,25,39,,,,,,,,,,,,,,,,,,,,,56,55,69,25,39
D. Mandroiu,20,178,62,74,550000,65,59,61,62,51,64,,,,,,,,,,,,,,,,,,,,,59,61,62,51,64
A. Canbaz,21,182,62,74,550000,71,62,59,65,23,56,,,,,,,,,,,,,,,,,,,,,62,59,65,23,56
J. Méndez,21,175,62,74,550000,75,51,59,68,46,55,,,,,,,,,,,,,,,,,,,,,51,59,68,46,55
Borja Llarena,20,171,62,74,550000,85,60,51,63,38,50,,,,,,,,,,,,,,,,,,,,,60,51,63,38,50
D. Kopacz,20,180,62,74,550000,65,57,63,64,40,50,,,,,,,,,,,,,,,,,,,,,57,63,64,40,50
Iván Martín,20,178,62,74,550000,59,55,61,64,40,44,,,,,,,,,,,,,,,,,,,,,55,61,64,40,44
J. Italiano,17,177,61,82,550000,79,55,56,68,28,46,,,,,,,,,,,,,,,,,,,,,55,56,68,28,46
M. Olise,17,176,61,82,550000,78,48,55,68,37,43,,,,,,,,,,,,,,,,,,,,,48,55,68,37,43
G. Gaetano,19,175,61,81,550000,61,60,60,65,33,43,,,,,,,,,,,,,,,,,,,,,60,60,65,33,43
R. Alvarez,20,174,61,79,550000,68,50,54,64,43,62,,,,,,,,,,,,,,,,,,,,,50,54,64,43,62
S. Kulenović,19,188,61,79,550000,81,58,41,60,21,59,,,,,,,,,,,,,,,,,,,,,58,41,60,21,59
R. de la Rosa,19,177,61,79,550000,67,59,48,58,18,58,,,,,,,,,,,,,,,,,,,,,59,48,58,18,58
S. Schreck,20,180,61,78,550000,67,43,59,67,35,37,,,,,,,,,,,,,,,,,,,,,43,59,67,35,37
B. Figueroa,20,180,61,78,550000,70,48,59,61,37,57,,,,,,,,,,,,,,,,,,,,,48,59,61,37,57
K. Bennetts,20,183,61,78,550000,75,57,56,67,40,55,,,,,,,,,,,,,,,,,,,,,57,56,67,40,55
S. Sanna,20,172,61,78,550000,64,52,61,64,45,48,,,,,,,,,,,,,,,,,,,,,52,61,64,45,48
E. Youan,20,181,61,77,550000,66,63,46,60,23,48,,,,,,,,,,,,,,,,,,,,,63,46,60,23,48
N. Fernández,19,170,61,77,550000,72,41,57,63,59,60,,,,,,,,,,,,,,,,,,,,,41,57,63,59,60
A. Akinola,19,178,61,77,550000,88,55,47,63,20,69,,,,,,,,,,,,,,,,,,,,,55,47,63,20,69
L. Gonzalez,19,167,61,77,550000,82,60,53,61,29,62,,,,,,,,,,,,,,,,,,,,,60,53,61,29,62
M. Djitté,19,180,61,77,550000,69,60,41,67,25,66,,,,,,,,,,,,,,,,,,,,,60,41,67,25,66
V. Triboulet,20,183,61,77,550000,72,60,47,57,22,54,,,,,,,,,,,,,,,,,,,,,60,47,57,22,54
E. Joseph,19,177,61,77,550000,85,56,49,68,29,49,,,,,,,,,,,,,,,,,,,,,56,49,68,29,49
P. Ndiaga Yade,19,185,61,77,550000,83,59,51,63,28,60,,,,,,,,,,,,,,,,,,,,,59,51,63,28,60
N. Broadhead,21,178,61,76,550000,63,61,55,64,31,51,,,,,,,,,,,,,,,,,,,,,61,55,64,31,51
L. Ndukwu,20,176,61,76,550000,73,57,54,65,28,54,,,,,,,,,,,,,,,,,,,,,57,54,65,28,54
Aitor Lorea,21,171,61,76,550000,70,55,57,62,33,54,,,,,,,,,,,,,,,,,,,,,55,57,62,33,54
I. Rozas,21,179,61,76,550000,69,57,57,64,39,59,,,,,,,,,,,,,,,,,,,,,57,57,64,39,59
A. Babacan,19,174,61,76,550000,67,51,65,65,41,43,,,,,,,,,,,,,,,,,,,,,51,65,65,41,43
D. Henriquez,20,173,61,76,550000,73,56,55,65,34,62,,,,,,,,,,,,,,,,,,,,,56,55,65,34,62
J. Guttau,19,180,61,76,550000,75,49,58,65,34,47,,,,,,,,,,,,,,,,,,,,,49,58,65,34,47
B. Goller,20,180,61,76,550000,72,63,55,64,41,39,,,,,,,,,,,,,,,,,,,,,63,55,64,41,39
C. Conteh,19,182,61,76,550000,91,48,47,68,28,43,,,,,,,,,,,,,,,,,,,,,48,47,68,28,43
M. Folivi,21,175,61,75,550000,73,59,40,62,23,59,,,,,,,,,,,,,,,,,,,,,59,40,62,23,59
R. Hepburn-Murphy,20,173,61,75,550000,77,61,46,65,25,44,,,,,,,,,,,,,,,,,,,,,61,46,65,25,44
J. Maddox,20,178,61,75,550000,70,56,57,64,34,53,,,,,,,,,,,,,,,,,,,,,56,57,64,34,53
J. Torres,19,169,61,75,550000,74,60,56,64,27,40,,,,,,,,,,,,,,,,,,,,,60,56,64,27,40
T. Verlinden,19,173,61,75,550000,73,53,59,67,39,43,,,,,,,,,,,,,,,,,,,,,53,59,67,39,43
S. Klaas,21,178,61,75,550000,70,39,63,65,35,48,,,,,,,,,,,,,,,,,,,,,39,63,65,35,48
M. Retegui,20,186,61,75,550000,55,58,43,58,25,65,,,,,,,,,,,,,,,,,,,,,58,43,58,25,65
W. Tchimbembé,21,180,61,75,550000,73,57,57,65,54,48,,,,,,,,,,,,,,,,,,,,,57,57,65,54,48
H. Masoudi,19,175,61,75,550000,67,52,53,70,31,42,,,,,,,,,,,,,,,,,,,,,52,53,70,31,42
K. Cabral,19,185,61,75,550000,71,58,57,63,34,53,,,,,,,,,,,,,,,,,,,,,58,57,63,34,53
A. Șut,20,185,61,75,550000,64,53,54,60,52,64,,,,,,,,,,,,,,,,,,,,,53,54,60,52,64
C. Kinsombi,19,177,61,75,550000,78,40,57,64,30,58,,,,,,,,,,,,,,,,,,,,,40,57,64,30,58
Nino,39,169,70,70,525000,58,72,63,69,46,55,,,,,,,,,,,,,,,,,,,,,72,63,69,46,55
D. Moscardelli,39,185,70,70,525000,42,72,66,76,37,64,,,,,,,,,,,,,,,,,,,,,72,66,76,37,64
S. Downing,34,180,69,69,525000,62,68,73,70,40,54,,,,,,,,,,,,,,,,,,,,,68,73,70,40,54
C. Adam,33,185,68,68,525000,40,74,75,65,60,67,,,,,,,,,,,,,,,,,,,,,74,75,65,60,67
N. Kilkenny,33,173,68,68,525000,39,49,69,67,60,73,,,,,,,,,,,,,,,,,,,,,49,69,67,60,73
D. Gavazzi,33,185,68,68,525000,72,63,66,68,59,69,,,,,,,,,,,,,,,,,,,,,63,66,68,59,69
J. Delaplace,33,168,68,68,525000,58,52,65,67,63,66,,,,,,,,,,,,,,,,,,,,,52,65,67,63,66
T. Aoyama,33,174,68,68,525000,51,59,70,65,66,68,,,,,,,,,,,,,,,,,,,,,59,70,65,66,68
N. Maynard,32,180,66,66,525000,70,66,59,65,28,65,,,,,,,,,,,,,,,,,,,,,66,59,65,28,65
M. Pesenti,32,184,66,66,525000,63,64,54,60,36,71,,,,,,,,,,,,,,,,,,,,,64,54,60,36,71
C. Gunter,29,180,66,66,525000,71,46,58,60,62,70,,,,,,,,,,,,,,,,,,,,,46,58,60,62,70
J. Juelsgård,30,182,66,66,525000,65,43,58,61,63,74,,,,,,,,,,,,,,,,,,,,,43,58,61,63,74
P. Haglund,32,189,66,66,525000,50,64,58,59,61,78,,,,,,,,,,,,,,,,,,,,,64,58,59,61,78
R. Armand,32,181,66,66,525000,74,63,55,65,22,68,,,,,,,,,,,,,,,,,,,,,63,55,65,22,68
A. Sanaia,29,181,66,66,525000,59,38,58,56,65,72,,,,,,,,,,,,,,,,,,,,,38,58,56,65,72
J. Ekstrand,30,188,66,66,525000,44,32,53,48,65,67,,,,,,,,,,,,,,,,,,,,,32,53,48,65,67
C. Telo,29,172,66,66,525000,79,44,63,69,58,63,,,,,,,,,,,,,,,,,,,,,44,63,69,58,63
Ríos Reina,29,182,66,66,525000,75,54,67,70,59,72,,,,,,,,,,,,,,,,,,,,,54,67,70,59,72
Lee Jae Sung,30,187,66,66,525000,44,44,49,47,62,77,,,,,,,,,,,,,,,,,,,,,44,49,47,62,77
Yun Suk Young,29,183,66,66,525000,77,60,61,66,65,69,,,,,,,,,,,,,,,,,,,,,60,61,66,65,69
C. Schösswendter,30,194,66,66,525000,43,26,40,36,66,74,,,,,,,,,,,,,,,,,,,,,26,40,36,66,74
A. Niewulis,30,187,66,66,525000,62,42,53,56,63,77,,,,,,,,,,,,,,,,,,,,,42,53,56,63,77
D. Stahl,30,182,66,66,525000,65,64,56,60,65,77,,,,,,,,,,,,,,,,,,,,,64,56,60,65,77
Z. Korcsmár,30,188,66,66,525000,61,38,55,47,63,72,,,,,,,,,,,,,,,,,,,,,38,55,47,63,72
G. Saunders,30,175,66,66,525000,55,40,62,60,61,65,,,,,,,,,,,,,,,,,,,,,40,62,60,61,65
J. Bøge,29,180,66,66,525000,68,38,57,59,63,69,,,,,,,,,,,,,,,,,,,,,38,57,59,63,69
J. Washausen,30,186,66,66,525000,63,33,55,46,68,72,,,,,,,,,,,,,,,,,,,,,33,55,46,68,72
M. Pellizzer,30,183,66,66,525000,76,30,35,45,63,73,,,,,,,,,,,,,,,,,,,,,30,35,45,63,73
André Micael,30,188,66,66,525000,40,29,40,42,65,69,,,,,,,,,,,,,,,,,,,,,29,40,42,65,69
J. Ojala,30,191,66,66,525000,48,26,46,50,64,74,,,,,,,,,,,,,,,,,,,,,26,46,50,64,74
C. Lade,29,169,66,66,525000,71,40,57,62,66,63,,,,,,,,,,,,,,,,,,,,,40,57,62,66,63
R. Gaddis,29,175,66,66,525000,77,29,51,64,65,65,,,,,,,,,,,,,,,,,,,,,29,51,64,65,65
M. Al Sahlawi,32,177,66,66,525000,57,67,60,62,22,66,,,,,,,,,,,,,,,,,,,,,67,60,62,22,66
A. Al Faraj,30,172,66,66,525000,71,51,61,67,60,69,,,,,,,,,,,,,,,,,,,,,51,61,67,60,69
S. Velev,30,178,66,66,525000,70,52,60,68,65,67,,,,,,,,,,,,,,,,,,,,,52,60,68,65,67
J. Oumari,30,187,66,66,525000,64,40,44,42,65,74,,,,,,,,,,,,,,,,,,,,,40,44,42,65,74
M. Ahlschwede,29,186,66,66,525000,71,34,52,61,64,74,,,,,,,,,,,,,,,,,,,,,34,52,61,64,74
J. Mena,30,183,66,66,525000,71,32,40,50,62,74,,,,,,,,,,,,,,,,,,,,,32,40,50,62,74
Y. Mosquera,30,178,66,66,525000,53,44,56,63,63,73,,,,,,,,,,,,,,,,,,,,,44,56,63,63,73
K. Karami,29,181,66,66,525000,75,50,59,67,63,66,,,,,,,,,,,,,,,,,,,,,50,59,67,63,66
N. Nyauza,29,176,66,66,525000,75,39,51,67,68,60,,,,,,,,,,,,,,,,,,,,,39,51,67,68,60
Ji Xiang,29,185,66,66,525000,69,62,63,63,65,74,,,,,,,,,,,,,,,,,,,,,62,63,63,65,74
Fabio,30,186,66,66,525000,60,23,35,33,64,78,,,,,,,,,,,,,,,,,,,,,23,35,33,64,78
K. Moriya,30,173,66,66,525000,68,60,63,72,59,67,,,,,,,,,,,,,,,,,,,,,60,63,72,59,67
H. Miyazawa,30,182,66,66,525000,58,44,65,66,58,69,,,,,,,,,,,,,,,,,,,,,44,65,66,58,69
C. Handke,30,191,66,66,525000,42,28,41,39,66,77,,,,,,,,,,,,,,,,,,,,,28,41,39,66,77
S. Puttkammer,30,192,66,66,525000,47,24,45,41,65,74,,,,,,,,,,,,,,,,,,,,,24,45,41,65,74
Paris Adot,29,172,66,66,525000,75,56,62,64,61,67,,,,,,,,,,,,,,,,,,,,,56,62,64,61,67
R. Idda,30,185,66,66,525000,56,34,42,44,67,67,,,,,,,,,,,,,,,,,,,,,34,42,44,67,67
J. González,27,169,65,66,525000,65,51,61,64,65,60,,,,,,,,,,,,,,,,,,,,,51,61,64,65,60
S. Jakobsen,28,190,65,66,525000,61,32,52,52,62,73,,,,,,,,,,,,,,,,,,,,,32,52,52,62,73
M. Gollner,28,185,65,66,525000,54,23,43,51,65,72,,,,,,,,,,,,,,,,,,,,,23,43,51,65,72
M. Hernandez,27,183,65,66,525000,75,49,58,59,63,67,,,,,,,,,,,,,,,,,,,,,49,58,59,63,67
J. Riley,27,183,65,66,525000,78,54,57,64,63,67,,,,,,,,,,,,,,,,,,,,,54,57,64,63,67
O. Cissé,28,195,65,66,525000,48,48,55,57,63,83,,,,,,,,,,,,,,,,,,,,,48,55,57,63,83
G. Dequaire,28,187,65,66,525000,60,32,46,50,63,71,,,,,,,,,,,,,,,,,,,,,32,46,50,63,71
H. Gómez,27,174,65,66,525000,66,49,52,56,63,68,,,,,,,,,,,,,,,,,,,,,49,52,56,63,68
M. Blázquez,28,187,65,66,525000,44,31,45,34,64,74,,,,,,,,,,,,,,,,,,,,,31,45,34,64,74
Luis Ruiz,27,181,65,66,525000,72,34,50,60,63,67,,,,,,,,,,,,,,,,,,,,,34,50,60,63,67
S. Abdul-Salaam,27,193,65,66,525000,75,28,54,61,64,75,,,,,,,,,,,,,,,,,,,,,28,54,61,64,75
J. Soto,27,175,65,66,525000,75,36,59,62,60,65,,,,,,,,,,,,,,,,,,,,,36,59,62,60,65
Y. Nogami,28,180,65,66,525000,57,29,47,59,65,66,,,,,,,,,,,,,,,,,,,,,29,47,59,65,66
M. Dombrowka,27,180,65,66,525000,75,29,50,62,61,69,,,,,,,,,,,,,,,,,,,,,29,50,62,61,69
R. Zelaya,30,174,65,65,525000,61,65,55,67,26,58,,,,,,,,,,,,,,,,,,,,,65,55,67,26,58
D. Worrall,29,170,65,65,525000,76,58,60,67,50,66,,,,,,,,,,,,,,,,,,,,,58,60,67,50,66
A. Ogogo,29,177,65,65,525000,74,58,62,63,64,86,,,,,,,,,,,,,,,,,,,,,58,62,63,64,86
A. Dyer,29,177,65,65,525000,70,59,60,62,58,72,,,,,,,,,,,,,,,,,,,,,59,60,62,58,72
J. Mellis,28,181,65,65,525000,62,62,66,65,52,64,,,,,,,,,,,,,,,,,,,,,62,66,65,52,64
L. Sercombe,29,178,65,65,525000,64,63,64,66,53,69,,,,,,,,,,,,,,,,,,,,,63,64,66,53,69
M. Minesso,29,173,65,65,525000,77,61,59,69,31,57,,,,,,,,,,,,,,,,,,,,,61,59,69,31,57
M. Abdellaoue,30,181,65,65,525000,66,64,49,66,31,63,,,,,,,,,,,,,,,,,,,,,64,49,66,31,63
Yazalde,30,180,65,65,525000,62,64,62,62,31,74,,,,,,,,,,,,,,,,,,,,,64,62,62,31,74
L. Novak,30,183,65,65,525000,59,65,57,60,41,75,,,,,,,,,,,,,,,,,,,,,65,57,60,41,75
D. Mayor,28,183,65,65,525000,72,62,63,73,43,64,,,,,,,,,,,,,,,,,,,,,62,63,73,43,64
M. Lund,28,183,65,65,525000,67,60,62,60,64,74,,,,,,,,,,,,,,,,,,,,,60,62,60,64,74
A. Gerbo,29,177,65,65,525000,79,51,59,68,50,62,,,,,,,,,,,,,,,,,,,,,51,59,68,50,62
G. Misuraca,29,180,65,65,525000,75,62,62,64,33,65,,,,,,,,,,,,,,,,,,,,,62,62,64,33,65
N. Miatke,29,178,65,65,525000,79,50,60,68,61,64,,,,,,,,,,,,,,,,,,,,,50,60,68,61,64
M. Răduț,29,178,65,65,525000,77,59,61,66,43,65,,,,,,,,,,,,,,,,,,,,,59,61,66,43,65
S. McLaughlin,29,175,65,65,525000,75,60,61,66,27,62,,,,,,,,,,,,,,,,,,,,,60,61,66,27,62
Alvaro Rey,29,183,65,65,525000,70,53,61,68,43,62,,,,,,,,,,,,,,,,,,,,,53,61,68,43,62
D. Maatsen,29,183,65,65,525000,92,58,53,67,37,61,,,,,,,,,,,,,,,,,,,,,58,53,67,37,61
I. Ouédraogo,30,179,65,65,525000,83,64,46,68,22,68,,,,,,,,,,,,,,,,,,,,,64,46,68,22,68
J. Müller,29,182,65,65,525000,80,59,58,66,39,65,,,,,,,,,,,,,,,,,,,,,59,58,66,39,65
A. Tabanelli,29,192,65,65,525000,60,54,63,66,47,67,,,,,,,,,,,,,,,,,,,,,54,63,66,47,67
D. Powers,28,180,65,65,525000,57,62,66,65,58,65,,,,,,,,,,,,,,,,,,,,,62,66,65,58,65
S. Romero,30,175,65,65,525000,69,62,63,67,38,52,,,,,,,,,,,,,,,,,,,,,62,63,67,38,52
M. Lepe,28,179,65,65,525000,49,38,64,59,59,72,,,,,,,,,,,,,,,,,,,,,38,64,59,59,72
Song Boxuan,29,180,65,65,525000,75,47,63,66,44,61,,,,,,,,,,,,,,,,,,,,,47,63,66,44,61
M. Madri,29,176,65,65,525000,73,60,60,66,26,57,,,,,,,,,,,,,,,,,,,,,60,60,66,26,57
I. Hora,30,182,65,65,525000,72,65,62,62,46,64,,,,,,,,,,,,,,,,,,,,,65,62,62,46,64
G. Heinry,29,187,65,65,525000,62,61,67,62,53,63,,,,,,,,,,,,,,,,,,,,,61,67,62,53,63
M. Ambichl,28,178,65,65,525000,63,53,63,64,57,65,,,,,,,,,,,,,,,,,,,,,53,63,64,57,65
Y. Kawai,29,166,65,65,525000,62,58,64,66,59,55,,,,,,,,,,,,,,,,,,,,,58,64,66,59,55
R. Takeuchi,28,173,65,65,525000,65,60,62,63,63,72,,,,,,,,,,,,,,,,,,,,,60,62,63,63,72
R. Eckardt,29,179,65,65,525000,67,59,65,65,49,61,,,,,,,,,,,,,,,,,,,,,59,65,65,49,61
A. Vetrih,28,181,65,65,525000,68,54,63,63,55,70,,,,,,,,,,,,,,,,,,,,,54,63,63,55,70
B. Motshwari,28,172,65,65,525000,76,56,66,68,49,53,,,,,,,,,,,,,,,,,,,,,56,66,68,49,53
Willy,30,185,65,65,525000,69,63,52,58,24,72,,,,,,,,,,,,,,,,,,,,,63,52,58,24,72
K. Jacobs,29,173,65,65,525000,63,50,65,62,57,69,,,,,,,,,,,,,,,,,,,,,50,65,62,57,69
J. Ruffels,25,178,64,69,525000,53,50,65,66,64,63,,,,,,,,,,,,,,,,,,,,,50,65,66,64,63
A. Pierre,26,185,64,69,525000,67,24,35,40,61,76,,,,,,,,,,,,,,,,,,,,,24,35,40,61,76
J. Bolton,24,180,64,69,525000,80,35,51,61,60,67,,,,,,,,,,,,,,,,,,,,,35,51,61,60,67
T. Anderson,25,193,64,69,525000,34,33,38,35,62,79,,,,,,,,,,,,,,,,,,,,,33,38,35,62,79
F. Putros,25,181,64,69,525000,69,58,58,60,60,69,,,,,,,,,,,,,,,,,,,,,58,58,60,60,69
J. Nilsson,25,185,64,69,525000,56,31,47,50,61,71,,,,,,,,,,,,,,,,,,,,,31,47,50,61,71
J. Untersee,25,181,64,69,525000,69,50,60,65,60,60,,,,,,,,,,,,,,,,,,,,,50,60,65,60,60
E. Córdoba,25,176,64,69,525000,86,28,56,61,57,69,,,,,,,,,,,,,,,,,,,,,28,56,61,57,69
L. Mena,25,169,64,69,525000,83,48,49,62,55,59,,,,,,,,,,,,,,,,,,,,,48,49,62,55,59
P. Schorr,24,184,64,69,525000,71,35,55,58,61,67,,,,,,,,,,,,,,,,,,,,,35,55,58,61,67
S. Chakla,25,188,64,69,525000,58,32,47,48,62,68,,,,,,,,,,,,,,,,,,,,,32,47,48,62,68
Rafael Ramos,24,170,64,69,525000,71,49,53,65,62,69,,,,,,,,,,,,,,,,,,,,,49,53,65,62,69
Jin Yangyang,26,186,64,69,525000,57,29,37,39,65,71,,,,,,,,,,,,,,,,,,,,,29,37,39,65,71
M. Wachs,23,180,64,69,525000,73,50,61,64,57,66,,,,,,,,,,,,,,,,,,,,,50,61,64,57,66
C. Akas,25,188,64,69,525000,69,40,51,62,61,74,,,,,,,,,,,,,,,,,,,,,40,51,62,61,74
N. Heidemann,24,185,64,69,525000,74,43,53,58,60,73,,,,,,,,,,,,,,,,,,,,,43,53,58,60,73
C. Essers,22,180,64,69,525000,66,27,54,65,62,65,,,,,,,,,,,,,,,,,,,,,27,54,65,62,65
G. Rodríguez,25,177,64,69,525000,70,35,47,63,62,58,,,,,,,,,,,,,,,,,,,,,35,47,63,62,58
Ruan,24,170,64,69,525000,89,27,54,67,56,65,,,,,,,,,,,,,,,,,,,,,27,54,67,56,65
Jorge Silva,23,183,64,69,525000,68,40,59,65,60,63,,,,,,,,,,,,,,,,,,,,,40,59,65,60,63
M. Meyerhöfer,23,179,64,69,525000,66,37,53,60,63,66,,,,,,,,,,,,,,,,,,,,,37,53,60,63,66
Alex Suárez,26,179,64,69,525000,70,36,50,48,63,64,,,,,,,,,,,,,,,,,,,,,36,50,48,63,64
S. Hoare,25,189,64,68,525000,54,35,50,56,63,68,,,,,,,,,,,,,,,,,,,,,35,50,56,63,68
D. Bohl,25,172,64,68,525000,64,51,57,62,61,74,,,,,,,,,,,,,,,,,,,,,51,57,62,61,74
R. Ureña,26,178,64,68,525000,60,51,53,64,61,70,,,,,,,,,,,,,,,,,,,,,51,53,64,61,70
F. Holthaus,24,181,64,68,525000,74,47,63,65,57,74,,,,,,,,,,,,,,,,,,,,,47,63,65,57,74
T. Holmes-Dennis,23,177,64,68,525000,79,47,56,63,59,65,,,,,,,,,,,,,,,,,,,,,47,56,63,59,65
P. Golubović,24,179,64,68,525000,63,26,55,59,61,72,,,,,,,,,,,,,,,,,,,,,26,55,59,61,72
A. Zedadka,24,173,64,68,525000,81,53,53,68,58,59,,,,,,,,,,,,,,,,,,,,,53,53,68,58,59
S. Crone,24,183,64,68,525000,75,34,58,64,58,68,,,,,,,,,,,,,,,,,,,,,34,58,64,58,68
A. Al Malki,24,176,64,68,525000,64,52,60,63,61,66,,,,,,,,,,,,,,,,,,,,,52,60,63,61,66
K. Nagato,24,172,64,68,525000,71,40,62,61,59,65,,,,,,,,,,,,,,,,,,,,,40,62,61,59,65
D. Scarr,24,188,64,68,525000,63,38,42,47,61,75,,,,,,,,,,,,,,,,,,,,,38,42,47,61,75
J. Lorch,23,188,64,68,525000,65,44,56,59,61,75,,,,,,,,,,,,,,,,,,,,,44,56,59,61,75
M. Seegert,25,186,64,68,525000,65,34,49,55,62,69,,,,,,,,,,,,,,,,,,,,,34,49,55,62,69
M. Ortíz,25,186,64,68,525000,64,25,44,55,62,68,,,,,,,,,,,,,,,,,,,,,25,44,55,62,68
M. Lode,26,185,64,68,525000,73,33,45,55,62,68,,,,,,,,,,,,,,,,,,,,,33,45,55,62,68
L. Nieuwpoort,24,189,64,68,525000,66,37,48,57,63,68,,,,,,,,,,,,,,,,,,,,,37,48,57,63,68
J. Méndez,24,184,64,68,525000,61,41,57,58,59,70,,,,,,,,,,,,,,,,,,,,,41,57,58,59,70
J. Kotei,25,180,64,68,525000,70,44,59,62,60,61,,,,,,,,,,,,,,,,,,,,,44,59,62,60,61
U. Saltnes,26,187,64,66,525000,68,61,63,62,62,74,,,,,,,,,,,,,,,,,,,,,61,63,62,62,74
M. Firenze,26,180,64,66,525000,62,60,63,67,42,55,,,,,,,,,,,,,,,,,,,,,60,63,67,42,55
E. Papa,26,178,64,66,525000,61,57,60,66,51,66,,,,,,,,,,,,,,,,,,,,,57,60,66,51,66
F. Kastrati,27,180,64,65,525000,81,61,53,65,40,72,,,,,,,,,,,,,,,,,,,,,61,53,65,40,72
W. Cuero,27,177,64,65,525000,80,62,39,60,30,62,,,,,,,,,,,,,,,,,,,,,62,39,60,30,62
J. Proctor,27,188,64,65,525000,71,62,54,61,31,71,,,,,,,,,,,,,,,,,,,,,62,54,61,31,71
M. Jurdík,27,186,64,65,525000,70,64,51,61,35,56,,,,,,,,,,,,,,,,,,,,,64,51,61,35,56
B. Ibini,26,174,64,65,525000,79,62,59,67,40,56,,,,,,,,,,,,,,,,,,,,,62,59,67,40,56
B. Dickenson,26,184,64,65,525000,84,62,59,65,57,69,,,,,,,,,,,,,,,,,,,,,62,59,65,57,69
O. Ademi,27,189,64,65,525000,64,60,49,59,28,75,,,,,,,,,,,,,,,,,,,,,60,49,59,28,75
S. Al Sawadi,26,172,64,65,525000,85,53,58,68,25,58,,,,,,,,,,,,,,,,,,,,,53,58,68,25,58
Y. Asprilla,26,163,64,65,525000,91,58,53,67,40,57,,,,,,,,,,,,,,,,,,,,,58,53,67,40,57
F. Coniglio,27,185,64,65,525000,50,61,50,62,35,69,,,,,,,,,,,,,,,,,,,,,61,50,62,35,69
O. Palmer,27,196,64,65,525000,62,61,44,59,26,79,,,,,,,,,,,,,,,,,,,,,61,44,59,26,79
Han Seok Jong,26,186,64,65,525000,48,46,62,58,58,72,,,,,,,,,,,,,,,,,,,,,46,62,58,58,72
D. Luxbacher,27,174,64,65,525000,76,56,61,67,46,59,,,,,,,,,,,,,,,,,,,,,56,61,67,46,59
N. Aankour,25,172,64,65,525000,79,54,58,63,49,63,,,,,,,,,,,,,,,,,,,,,54,58,63,49,63
F. Azemi,27,185,64,65,525000,78,59,53,64,36,68,,,,,,,,,,,,,,,,,,,,,59,53,64,36,68
K. Hoggas,27,183,64,65,525000,53,63,63,66,42,56,,,,,,,,,,,,,,,,,,,,,63,63,66,42,56
Nacho,26,177,64,65,525000,76,64,60,67,33,58,,,,,,,,,,,,,,,,,,,,,64,60,67,33,58
N. Karger,26,183,64,65,525000,79,58,58,65,40,62,,,,,,,,,,,,,,,,,,,,,58,58,65,40,62
T. Endoh,25,170,64,65,525000,63,56,62,67,41,46,,,,,,,,,,,,,,,,,,,,,56,62,67,41,46
O. Hawkins,27,199,64,65,525000,57,61,46,55,58,72,,,,,,,,,,,,,,,,,,,,,61,46,55,58,72
Heo Yong Joon,26,184,64,65,525000,67,61,61,67,36,61,,,,,,,,,,,,,,,,,,,,,61,61,67,36,61
A. Al Qahtani,26,171,64,65,525000,76,58,59,68,40,57,,,,,,,,,,,,,,,,,,,,,58,59,68,40,57
Y. Matsushita,25,174,64,65,525000,75,53,61,62,42,59,,,,,,,,,,,,,,,,,,,,,53,61,62,42,59
R. Babenko,26,170,64,65,525000,66,59,62,62,57,68,,,,,,,,,,,,,,,,,,,,,59,62,62,57,68
Y. Mamilonne,27,190,64,65,525000,67,61,45,56,26,70,,,,,,,,,,,,,,,,,,,,,61,45,56,26,70
R. Herrmann,25,180,64,65,525000,78,50,61,67,38,60,,,,,,,,,,,,,,,,,,,,,50,61,67,38,60
A. Al Nemer,27,173,64,65,525000,71,53,62,67,43,55,,,,,,,,,,,,,,,,,,,,,53,62,67,43,55
M. Laurent,27,169,64,65,525000,67,62,62,65,38,46,,,,,,,,,,,,,,,,,,,,,62,62,65,38,46
D. Bertrand,26,176,64,65,525000,71,64,58,70,26,40,,,,,,,,,,,,,,,,,,,,,64,58,70,26,40
M. Savković,26,174,64,65,525000,70,60,58,66,29,46,,,,,,,,,,,,,,,,,,,,,60,58,66,29,46
K. Onose,26,177,64,65,525000,68,61,57,67,25,58,,,,,,,,,,,,,,,,,,,,,61,57,67,25,58
K. Isa,27,175,64,65,525000,75,59,57,63,29,56,,,,,,,,,,,,,,,,,,,,,59,57,63,29,56
J. Mullin,26,178,64,65,525000,77,62,61,64,27,60,,,,,,,,,,,,,,,,,,,,,62,61,64,27,60
F. Konaté,18,172,63,74,525000,74,43,48,61,60,58,,,,,,,,,,,,,,,,,,,,,43,48,61,60,58
S. Gartenmann,22,185,63,73,525000,60,33,54,53,64,72,,,,,,,,,,,,,,,,,,,,,33,54,53,64,72
Kike Hermoso,19,190,63,73,525000,58,29,36,41,64,62,,,,,,,,,,,,,,,,,,,,,29,36,41,64,62
B. Burns,19,173,63,73,525000,69,55,61,62,59,67,,,,,,,,,,,,,,,,,,,,,55,61,62,59,67
P. Cornud,22,180,63,73,525000,79,55,59,60,57,67,,,,,,,,,,,,,,,,,,,,,55,59,60,57,67
I. Näsberg,23,186,63,72,525000,61,35,46,52,61,70,,,,,,,,,,,,,,,,,,,,,35,46,52,61,70
K. Toner,22,180,63,72,525000,55,46,51,50,60,71,,,,,,,,,,,,,,,,,,,,,46,51,50,60,71
J. Baird,23,188,63,72,525000,71,30,45,50,60,71,,,,,,,,,,,,,,,,,,,,,30,45,50,60,71
T. Moore,22,184,63,72,525000,61,37,58,56,60,70,,,,,,,,,,,,,,,,,,,,,37,58,56,60,70
Julen López,23,190,63,72,525000,38,21,40,44,63,66,,,,,,,,,,,,,,,,,,,,,21,40,44,63,66
L. Gordon,23,182,63,72,525000,41,29,33,40,64,65,,,,,,,,,,,,,,,,,,,,,29,33,40,64,65
T. Sibbick,20,183,63,72,525000,75,29,49,56,59,64,,,,,,,,,,,,,,,,,,,,,29,49,56,59,64
J. Kabongo,21,194,63,72,525000,64,27,44,46,60,71,,,,,,,,,,,,,,,,,,,,,27,44,46,60,71
M. Farfan,20,175,63,72,525000,68,34,50,65,61,64,,,,,,,,,,,,,,,,,,,,,34,50,65,61,64
S. Erimuya,21,190,63,72,525000,70,35,35,46,64,65,,,,,,,,,,,,,,,,,,,,,35,35,46,64,65
Y. Tatsuta,21,191,63,72,525000,64,36,55,65,60,74,,,,,,,,,,,,,,,,,,,,,36,55,65,60,74
M. Rodrigues,22,184,63,72,525000,56,23,43,43,63,64,,,,,,,,,,,,,,,,,,,,,23,43,43,63,64
U. Abreliano,21,172,63,72,525000,77,43,56,64,58,60,,,,,,,,,,,,,,,,,,,,,43,56,64,58,60
S. Mbakata,21,177,63,72,525000,79,29,50,56,61,66,,,,,,,,,,,,,,,,,,,,,29,50,56,61,66
C. Kobald,21,186,63,72,525000,61,25,47,50,61,70,,,,,,,,,,,,,,,,,,,,,25,47,50,61,70
H. Mashiane,21,170,63,72,525000,74,34,55,65,58,57,,,,,,,,,,,,,,,,,,,,,34,55,65,58,57
Everson,21,187,63,72,525000,62,29,38,47,63,65,,,,,,,,,,,,,,,,,,,,,29,38,47,63,65
Y. Pambou,23,171,63,71,525000,65,48,61,61,59,54,,,,,,,,,,,,,,,,,,,,,48,61,61,59,54
K. Al Samiri,22,168,63,71,525000,56,47,61,67,60,61,,,,,,,,,,,,,,,,,,,,,47,61,67,60,61
J. Ruiz,19,175,63,71,525000,67,52,57,67,43,58,,,,,,,,,,,,,,,,,,,,,52,57,67,43,58
Murilo Mendes,24,179,63,70,525000,77,59,48,72,22,53,,,,,,,,,,,,,,,,,,,,,59,48,72,22,53
J. Lindseth,23,182,63,70,525000,71,54,58,65,52,63,,,,,,,,,,,,,,,,,,,,,54,58,65,52,63
J. Sellars,23,173,63,70,525000,78,59,58,66,35,54,,,,,,,,,,,,,,,,,,,,,59,58,66,35,54
Àlex Corredera,23,178,63,70,525000,56,57,67,67,46,46,,,,,,,,,,,,,,,,,,,,,57,67,67,46,46
D. Widemann,22,180,63,70,525000,78,63,51,66,28,48,,,,,,,,,,,,,,,,,,,,,63,51,66,28,48
D. Caddy,24,186,63,70,525000,66,63,50,59,25,71,,,,,,,,,,,,,,,,,,,,,63,50,59,25,71
Mario González,23,184,63,70,525000,67,57,55,65,20,45,,,,,,,,,,,,,,,,,,,,,57,55,65,20,45
A. Yamga,22,188,63,70,525000,71,58,58,66,29,58,,,,,,,,,,,,,,,,,,,,,58,58,66,29,58
P. Šafranko,24,184,63,70,525000,68,60,48,59,30,67,,,,,,,,,,,,,,,,,,,,,60,48,59,30,67
R. Stewart,22,193,63,70,525000,71,61,50,55,26,64,,,,,,,,,,,,,,,,,,,,,61,50,55,26,64
João Teixeira,23,174,63,70,525000,62,57,57,67,34,45,,,,,,,,,,,,,,,,,,,,,57,57,67,34,45
L. Coyette,21,169,63,70,525000,74,53,60,67,45,47,,,,,,,,,,,,,,,,,,,,,53,60,67,45,47
Lucas Dambros,22,181,63,70,525000,73,61,53,64,30,60,,,,,,,,,,,,,,,,,,,,,61,53,64,30,60
G. Williams,23,172,63,69,525000,78,61,59,67,31,60,,,,,,,,,,,,,,,,,,,,,61,59,67,31,60
R. Healey,24,180,63,69,525000,74,64,48,63,28,54,,,,,,,,,,,,,,,,,,,,,64,48,63,28,54
Kim Gun Hee,24,187,63,69,525000,72,60,53,60,35,66,,,,,,,,,,,,,,,,,,,,,60,53,60,35,66
I. Wadji,24,175,63,69,525000,88,59,51,66,26,61,,,,,,,,,,,,,,,,,,,,,59,51,66,26,61
D. Popa,23,181,63,69,525000,58,61,38,62,20,79,,,,,,,,,,,,,,,,,,,,,61,38,62,20,79
P. Kalambayi,19,183,62,75,525000,69,22,41,44,59,73,,,,,,,,,,,,,,,,,,,,,22,41,44,59,73
S. Sidler,20,185,62,75,525000,65,55,62,60,59,62,,,,,,,,,,,,,,,,,,,,,55,62,60,59,62
F. Valietti,20,185,62,75,525000,70,35,48,60,61,64,,,,,,,,,,,,,,,,,,,,,35,48,60,61,64
Callejón,21,182,62,74,525000,59,53,62,61,59,54,,,,,,,,,,,,,,,,,,,,,53,62,61,59,54
D. Hernández,19,177,62,74,525000,69,62,55,67,30,50,,,,,,,,,,,,,,,,,,,,,62,55,67,30,50
T. Ortíz,19,174,62,74,525000,78,51,59,66,43,48,,,,,,,,,,,,,,,,,,,,,51,59,66,43,48
J. Benson,19,175,62,74,525000,68,54,61,63,54,64,,,,,,,,,,,,,,,,,,,,,54,61,63,54,64
J. Sinclair,22,181,62,73,525000,75,61,52,64,38,61,,,,,,,,,,,,,,,,,,,,,61,52,64,38,61
Hugo Rama,22,177,62,73,525000,59,52,61,63,45,47,,,,,,,,,,,,,,,,,,,,,52,61,63,45,47
T. Buhagiar,21,178,62,73,525000,91,54,50,64,23,61,,,,,,,,,,,,,,,,,,,,,54,50,64,23,61
N. Barona,21,175,62,73,525000,77,48,53,65,34,50,,,,,,,,,,,,,,,,,,,,,48,53,65,34,50
M. Madsen,21,186,62,73,525000,55,48,57,61,58,67,,,,,,,,,,,,,,,,,,,,,48,57,61,58,67
Giovanni,20,166,62,73,525000,78,62,54,65,30,45,,,,,,,,,,,,,,,,,,,,,62,54,65,30,45
L. Bengtsson,21,179,62,73,525000,82,51,53,62,36,54,,,,,,,,,,,,,,,,,,,,,51,53,62,36,54
A. Dobre,20,178,62,73,525000,75,51,53,66,37,61,,,,,,,,,,,,,,,,,,,,,51,53,66,37,61
S. Ambri,21,178,62,73,525000,82,61,52,64,24,56,,,,,,,,,,,,,,,,,,,,,61,52,64,24,56
J. Wehrmann,20,176,62,73,525000,67,51,58,61,59,60,,,,,,,,,,,,,,,,,,,,,51,58,61,59,60
D. Camacho,22,178,62,73,525000,67,55,57,63,42,58,,,,,,,,,,,,,,,,,,,,,55,57,63,42,58
J. Osabutey,20,181,62,73,525000,86,60,41,61,24,54,,,,,,,,,,,,,,,,,,,,,60,41,61,24,54
S. Ahmed-Kadi,22,177,62,73,525000,71,56,57,67,24,41,,,,,,,,,,,,,,,,,,,,,56,57,67,24,41
N. Zanellato,21,187,62,73,525000,60,47,63,68,53,50,,,,,,,,,,,,,,,,,,,,,47,63,68,53,50
O. Kwabena,22,182,62,73,525000,72,53,53,65,26,57,,,,,,,,,,,,,,,,,,,,,53,53,65,26,57
N. Carnat,21,181,62,73,525000,75,53,55,63,36,60,,,,,,,,,,,,,,,,,,,,,53,55,63,36,60
F. Hörberg,20,180,62,73,525000,83,40,53,62,46,60,,,,,,,,,,,,,,,,,,,,,40,53,62,46,60
F. Pérez,20,179,62,73,525000,64,59,53,67,22,53,,,,,,,,,,,,,,,,,,,,,59,53,67,22,53
J. Koffi,21,175,62,73,525000,72,62,54,65,51,65,,,,,,,,,,,,,,,,,,,,,62,54,65,51,65
M. Donato,20,180,62,73,525000,53,63,45,55,30,67,,,,,,,,,,,,,,,,,,,,,63,45,55,30,67
A. Szőke,21,185,62,73,525000,75,60,58,57,40,58,,,,,,,,,,,,,,,,,,,,,60,58,57,40,58
A. Sagna,20,172,62,73,525000,83,59,44,69,25,42,,,,,,,,,,,,,,,,,,,,,59,44,69,25,42
Ballarin,21,170,62,73,525000,66,62,49,64,23,47,,,,,,,,,,,,,,,,,,,,,62,49,64,23,47
N. Wood,17,188,61,82,525000,67,24,39,43,61,62,,,,,,,,,,,,,,,,,,,,,24,39,43,61,62
J. Cabal,18,186,61,82,525000,75,30,45,58,57,63,,,,,,,,,,,,,,,,,,,,,30,45,58,57,63
E. Cardozo,18,164,61,81,525000,64,54,58,64,45,47,,,,,,,,,,,,,,,,,,,,,54,58,64,45,47
R. Tulloch,18,178,61,79,525000,66,59,46,61,22,56,,,,,,,,,,,,,,,,,,,,,59,46,61,22,56
A. Konaté,18,179,61,79,525000,75,54,54,68,29,48,,,,,,,,,,,,,,,,,,,,,54,54,68,29,48
A. Fitzpatrick,18,177,61,79,525000,77,56,56,64,32,48,,,,,,,,,,,,,,,,,,,,,56,56,64,32,48
H. Souttar,20,200,61,78,525000,40,28,41,50,60,64,,,,,,,,,,,,,,,,,,,,,28,41,50,60,64
L. N'Diaye,18,180,61,78,525000,82,59,43,57,20,57,,,,,,,,,,,,,,,,,,,,,59,43,57,20,57
M. Malone,18,184,61,78,525000,56,60,47,58,23,56,,,,,,,,,,,,,,,,,,,,,60,47,58,23,56
J. Lotomba,20,177,61,77,525000,75,47,54,62,54,55,,,,,,,,,,,,,,,,,,,,,47,54,62,54,55
A. Paşcanu,20,185,61,77,525000,66,34,44,59,59,67,,,,,,,,,,,,,,,,,,,,,34,44,59,59,67
C. Gallagher,19,182,61,77,525000,63,49,56,63,50,60,,,,,,,,,,,,,,,,,,,,,49,56,63,50,60
S. Sissoko,20,178,61,77,525000,72,43,56,63,58,63,,,,,,,,,,,,,,,,,,,,,43,56,63,58,63
A. Irving,19,180,61,77,525000,57,52,66,60,56,57,,,,,,,,,,,,,,,,,,,,,52,66,60,56,57
N. Wunsch,18,182,61,77,525000,64,48,56,68,34,53,,,,,,,,,,,,,,,,,,,,,48,56,68,34,53
S. Esposito,18,178,61,77,525000,61,52,63,64,53,49,,,,,,,,,,,,,,,,,,,,,52,63,64,53,49
M. Sala,20,177,61,77,525000,66,33,45,60,63,50,,,,,,,,,,,,,,,,,,,,,33,45,60,63,50
L. Perrin,20,187,61,76,525000,55,28,43,43,60,67,,,,,,,,,,,,,,,,,,,,,28,43,43,60,67
A. Xhemajli,21,190,61,76,525000,50,26,31,33,62,69,,,,,,,,,,,,,,,,,,,,,26,31,33,62,69
B. Yáñez,18,166,61,76,525000,74,54,56,65,28,46,,,,,,,,,,,,,,,,,,,,,54,56,65,28,46
N. Wiemann,20,190,61,76,525000,63,32,45,40,60,66,,,,,,,,,,,,,,,,,,,,,32,45,40,60,66
L. Beltrán,18,175,61,76,525000,65,59,40,60,19,56,,,,,,,,,,,,,,,,,,,,,59,40,60,19,56
S. Pedroza,20,176,61,76,525000,71,42,61,64,56,56,,,,,,,,,,,,,,,,,,,,,42,61,64,56,56
K. N'Dri,18,174,61,76,525000,77,58,56,61,37,57,,,,,,,,,,,,,,,,,,,,,58,56,61,37,57
Rafa Tresaco,18,178,61,76,525000,70,62,42,56,18,54,,,,,,,,,,,,,,,,,,,,,62,42,56,18,54
José Gragera,19,186,61,76,525000,62,44,59,63,55,63,,,,,,,,,,,,,,,,,,,,,44,59,63,55,63
S. Appelkamp,18,175,61,76,525000,66,45,60,68,35,39,,,,,,,,,,,,,,,,,,,,,45,60,68,35,39
B. Sheaf,21,185,61,75,525000,54,37,53,53,58,74,,,,,,,,,,,,,,,,,,,,,37,53,53,58,74
K. Sibille,20,181,61,75,525000,61,34,42,48,61,65,,,,,,,,,,,,,,,,,,,,,34,42,48,61,65
T. McIntyre,20,186,61,75,525000,56,29,37,43,61,63,,,,,,,,,,,,,,,,,,,,,29,37,43,61,63
J. Molumby,19,177,61,75,525000,52,50,57,61,57,59,,,,,,,,,,,,,,,,,,,,,50,57,61,57,59
J. Beste,20,174,61,75,525000,70,41,57,65,55,57,,,,,,,,,,,,,,,,,,,,,41,57,65,55,57
M. Aruga,20,172,61,75,525000,74,36,48,57,57,58,,,,,,,,,,,,,,,,,,,,,36,48,57,57,58
I. Atanga,18,173,61,75,525000,89,50,54,65,18,54,,,,,,,,,,,,,,,,,,,,,50,54,65,18,54
C. Itu,19,175,61,75,525000,66,46,54,60,58,66,,,,,,,,,,,,,,,,,,,,,46,54,60,58,66
T. Grivosti,20,182,61,75,525000,63,28,41,41,59,68,,,,,,,,,,,,,,,,,,,,,28,41,41,59,68
T. Krauß,18,182,61,75,525000,59,58,58,56,59,51,,,,,,,,,,,,,,,,,,,,,58,58,56,59,51
A. Sayyadmanesh,18,182,61,75,525000,64,57,40,66,29,59,,,,,,,,,,,,,,,,,,,,,57,40,66,29,59
L. Gavioli,19,182,61,75,525000,66,48,60,58,51,63,,,,,,,,,,,,,,,,,,,,,48,60,58,51,63
Seoane,36,176,71,71,500000,55,57,64,60,68,78,,,,,,,,,,,,,,,,,,,,,57,64,60,68,78
Pedro López,35,174,70,70,500000,66,60,68,69,71,66,,,,,,,,,,,,,,,,,,,,,60,68,69,71,66
Edsinho Torres,35,178,70,70,500000,70,54,60,60,67,70,,,,,,,,,,,,,,,,,,,,,54,60,60,67,70
Daguinho Parrela,35,185,70,70,500000,78,44,68,58,68,76,,,,,,,,,,,,,,,,,,,,,44,68,58,68,76
Luíz Carlos,33,175,69,69,500000,56,58,64,64,68,71,,,,,,,,,,,,,,,,,,,,,58,64,64,68,71
L. Ciman,33,184,69,69,500000,51,57,68,62,69,68,,,,,,,,,,,,,,,,,,,,,57,68,62,69,68
D. Fox,33,183,69,69,500000,43,47,68,64,68,69,,,,,,,,,,,,,,,,,,,,,47,68,64,68,69
S. Hagen,33,185,69,69,500000,44,35,52,43,69,71,,,,,,,,,,,,,,,,,,,,,35,52,43,69,71
Aythami Artiles,33,185,69,69,500000,31,47,55,54,67,77,,,,,,,,,,,,,,,,,,,,,47,55,54,67,77
T. Jodłowiec,33,189,69,69,500000,43,49,63,58,66,84,,,,,,,,,,,,,,,,,,,,,49,63,58,66,84
C. Leitgeb,34,172,69,69,500000,60,55,69,74,61,52,,,,,,,,,,,,,,,,,,,,,55,69,74,61,52
V. Elm,33,191,69,69,500000,32,59,60,59,67,75,,,,,,,,,,,,,,,,,,,,,59,60,59,67,75
A. Collin,33,187,69,69,500000,42,46,52,49,65,75,,,,,,,,,,,,,,,,,,,,,46,52,49,65,75
A. Kulušić,33,189,69,69,500000,56,35,56,43,67,71,,,,,,,,,,,,,,,,,,,,,35,56,43,67,71
M. Abubakari,33,178,69,69,500000,59,50,62,65,63,77,,,,,,,,,,,,,,,,,,,,,50,62,65,63,77
Aguilera,33,185,69,69,500000,47,54,65,70,63,69,,,,,,,,,,,,,,,,,,,,,54,65,70,63,69
Kijera,33,176,69,69,500000,69,51,70,59,65,76,,,,,,,,,,,,,,,,,,,,,51,70,59,65,76
L. Aveldaño,33,185,69,69,500000,48,52,52,44,67,79,,,,,,,,,,,,,,,,,,,,,52,52,44,67,79
B. van Polen,33,179,69,69,500000,66,51,61,66,67,69,,,,,,,,,,,,,,,,,,,,,51,61,66,67,69
A. Durak,32,181,67,67,500000,68,61,64,69,62,66,,,,,,,,,,,,,,,,,,,,,61,64,69,62,66
Juande,32,183,67,67,500000,64,41,60,60,64,73,,,,,,,,,,,,,,,,,,,,,41,60,60,64,73
S. Cuthbert,32,188,67,67,500000,49,32,49,47,64,80,,,,,,,,,,,,,,,,,,,,,32,49,47,64,80
S. Schuppan,32,187,67,67,500000,54,49,57,58,67,75,,,,,,,,,,,,,,,,,,,,,49,57,58,67,75
R. Perticone,32,184,67,67,500000,49,42,52,48,64,75,,,,,,,,,,,,,,,,,,,,,42,52,48,64,75
K. McFadzean,32,185,67,67,500000,44,37,42,45,66,76,,,,,,,,,,,,,,,,,,,,,37,42,45,66,76
F. Bellugou,32,188,67,67,500000,34,44,64,63,67,68,,,,,,,,,,,,,,,,,,,,,44,64,63,67,68
Qin Sheng,32,183,67,67,500000,61,51,55,57,63,77,,,,,,,,,,,,,,,,,,,,,51,55,57,63,77
H. Martínez,32,178,67,67,500000,46,45,53,48,67,68,,,,,,,,,,,,,,,,,,,,,45,53,48,67,68
J. Lacerda,32,189,67,67,500000,55,43,56,52,65,74,,,,,,,,,,,,,,,,,,,,,43,56,52,65,74
F. Rodríguez,32,186,67,67,500000,46,37,53,50,68,73,,,,,,,,,,,,,,,,,,,,,37,53,50,68,73
A. Imperiale,32,185,67,67,500000,45,23,51,49,65,75,,,,,,,,,,,,,,,,,,,,,23,51,49,65,75
I. Larie,32,191,67,67,500000,35,26,45,41,65,75,,,,,,,,,,,,,,,,,,,,,26,45,41,65,75
R. Zamponi,32,187,67,67,500000,42,29,38,38,66,74,,,,,,,,,,,,,,,,,,,,,29,38,38,66,74
O. Arellano,32,178,66,66,500000,73,63,65,68,33,69,,,,,,,,,,,,,,,,,,,,,63,65,68,33,69
N. Adams,32,178,66,66,500000,68,57,66,64,53,67,,,,,,,,,,,,,,,,,,,,,57,66,64,53,67
I. Khalili,32,182,66,66,500000,71,64,64,66,46,66,,,,,,,,,,,,,,,,,,,,,64,64,66,46,66
M. Little,30,185,66,66,500000,81,35,57,63,60,70,,,,,,,,,,,,,,,,,,,,,35,57,63,60,70
T. Mikkelsen,32,178,66,66,500000,71,61,63,65,44,60,,,,,,,,,,,,,,,,,,,,,61,63,65,44,60
David Caiado,32,176,66,66,500000,67,61,64,73,31,59,,,,,,,,,,,,,,,,,,,,,61,64,73,31,59
B. Kopplin,30,183,66,66,500000,77,50,58,64,63,68,,,,,,,,,,,,,,,,,,,,,50,58,64,63,68
J. Huyghebaert,30,180,66,66,500000,65,40,62,59,65,68,,,,,,,,,,,,,,,,,,,,,40,62,59,65,68
D. Swanson,32,168,66,66,500000,75,63,66,69,56,63,,,,,,,,,,,,,,,,,,,,,63,66,69,56,63
G. McCleary,32,183,66,66,500000,72,66,62,67,47,64,,,,,,,,,,,,,,,,,,,,,66,62,67,47,64
C. Dorda,30,182,66,66,500000,66,35,58,61,65,70,,,,,,,,,,,,,,,,,,,,,35,58,61,65,70
R. Lange,30,178,66,66,500000,69,50,68,66,63,66,,,,,,,,,,,,,,,,,,,,,50,68,66,63,66
M. de Leeuw,32,178,66,66,500000,47,67,59,67,57,69,,,,,,,,,,,,,,,,,,,,,67,59,67,57,69
R. Sufyani,32,179,66,66,500000,69,63,63,65,34,69,,,,,,,,,,,,,,,,,,,,,63,63,65,34,69
D. Malone,30,185,66,66,500000,63,44,60,63,64,78,,,,,,,,,,,,,,,,,,,,,44,60,63,64,78
J. Wójcicki,30,190,66,66,500000,72,58,61,64,60,68,,,,,,,,,,,,,,,,,,,,,58,61,64,60,68
V. Crețu,30,176,66,66,500000,65,26,50,59,66,69,,,,,,,,,,,,,,,,,,,,,26,50,59,66,69
T. Konrad,29,186,65,66,500000,67,30,32,35,66,69,,,,,,,,,,,,,,,,,,,,,30,32,35,66,69
C. Dikamona,29,187,65,66,500000,61,22,43,51,59,78,,,,,,,,,,,,,,,,,,,,,22,43,51,59,78
C. Routis,29,186,65,66,500000,56,53,61,61,62,74,,,,,,,,,,,,,,,,,,,,,53,61,61,62,74
Yi Teng,29,190,65,66,500000,41,37,46,39,63,77,,,,,,,,,,,,,,,,,,,,,37,46,39,63,77
D. González,29,190,65,66,500000,44,31,42,42,61,78,,,,,,,,,,,,,,,,,,,,,31,42,42,61,78
M. Done,30,178,65,65,500000,77,59,60,65,56,68,,,,,,,,,,,,,,,,,,,,,59,60,65,56,68
O. Bozanic,30,177,65,65,500000,72,63,64,66,62,66,,,,,,,,,,,,,,,,,,,,,63,64,66,62,66
T. Gebhart,30,182,65,65,500000,60,60,66,68,41,66,,,,,,,,,,,,,,,,,,,,,60,66,68,41,66
R. Flynn,30,175,65,65,500000,64,58,66,65,59,62,,,,,,,,,,,,,,,,,,,,,58,66,65,59,62
J. Ryan,30,180,65,65,500000,61,56,64,66,59,67,,,,,,,,,,,,,,,,,,,,,56,64,66,59,67
A. Smárason,30,184,65,65,500000,65,65,63,64,50,74,,,,,,,,,,,,,,,,,,,,,65,63,64,50,74
D. Templeton,30,176,65,65,500000,76,61,60,68,46,60,,,,,,,,,,,,,,,,,,,,,61,60,68,46,60
T. Parkes,27,188,65,65,500000,57,33,51,52,60,80,,,,,,,,,,,,,,,,,,,,,33,51,52,60,80
D. Di Quinzio,30,178,65,65,500000,79,62,65,68,58,62,,,,,,,,,,,,,,,,,,,,,62,65,68,58,62
M. Chergui,30,179,65,65,500000,73,62,59,67,31,60,,,,,,,,,,,,,,,,,,,,,62,59,67,31,60
H. Kadish,26,179,65,65,500000,73,42,58,60,63,74,,,,,,,,,,,,,,,,,,,,,42,58,60,63,74
M. Stiefler,30,178,65,65,500000,74,50,64,68,46,68,,,,,,,,,,,,,,,,,,,,,50,64,68,46,68
A. Popa,30,170,65,65,500000,75,58,60,68,44,54,,,,,,,,,,,,,,,,,,,,,58,60,68,44,54
L. Tipton,26,183,65,65,500000,75,48,63,60,61,74,,,,,,,,,,,,,,,,,,,,,48,63,60,61,74
Fan Yunlong,30,180,65,65,500000,73,51,66,68,51,71,,,,,,,,,,,,,,,,,,,,,51,66,68,51,71
Benjamin Muscato,27,182,65,65,500000,62,38,47,46,66,68,,,,,,,,,,,,,,,,,,,,,38,47,46,66,68
Paulito Zanon,27,186,65,65,500000,60,49,48,43,68,76,,,,,,,,,,,,,,,,,,,,,49,48,43,68,76
K. Takayama,30,174,65,65,500000,73,61,59,66,32,64,,,,,,,,,,,,,,,,,,,,,61,59,66,32,64
L. Mntambo,30,178,65,65,500000,72,58,65,68,47,62,,,,,,,,,,,,,,,,,,,,,58,65,68,47,62
M. Fernández,30,175,65,65,500000,58,65,63,67,30,42,,,,,,,,,,,,,,,,,,,,,65,63,67,30,42
D. Potts,25,172,64,68,500000,67,39,57,63,63,68,,,,,,,,,,,,,,,,,,,,,39,57,63,63,68
Y. Barnawi,25,176,64,68,500000,73,38,53,63,61,71,,,,,,,,,,,,,,,,,,,,,38,53,63,61,71
V. Henry,25,178,64,68,500000,75,61,62,70,59,58,,,,,,,,,,,,,,,,,,,,,61,62,70,59,58
Park Yi-Young,25,186,64,68,500000,75,33,54,61,62,63,,,,,,,,,,,,,,,,,,,,,33,54,61,62,63
I. Savane,25,181,64,68,500000,81,37,56,59,59,65,,,,,,,,,,,,,,,,,,,,,37,56,59,59,65
D. Jablonský,27,190,64,67,500000,71,36,44,50,62,71,,,,,,,,,,,,,,,,,,,,,36,44,50,62,71
C. Missilou,26,180,64,67,500000,67,41,52,60,61,71,,,,,,,,,,,,,,,,,,,,,41,52,60,61,71
R. McDonald,27,191,64,67,500000,56,29,47,54,62,71,,,,,,,,,,,,,,,,,,,,,29,47,54,62,71
A. Stewart,26,183,64,67,500000,56,22,45,46,63,71,,,,,,,,,,,,,,,,,,,,,22,45,46,63,71
O. Turton,26,180,64,67,500000,70,43,60,59,60,70,,,,,,,,,,,,,,,,,,,,,43,60,59,60,70
J. Grimmer,25,184,64,67,500000,77,50,56,62,60,65,,,,,,,,,,,,,,,,,,,,,50,56,62,60,65
A. Henley,25,178,64,67,500000,75,39,54,62,62,62,,,,,,,,,,,,,,,,,,,,,39,54,62,62,62
Kim Won Sik,27,186,64,67,500000,71,37,52,49,62,75,,,,,,,,,,,,,,,,,,,,,37,52,49,62,75
J. Donacien,25,183,64,67,500000,78,34,49,55,62,72,,,,,,,,,,,,,,,,,,,,,34,49,55,62,72
Alex Vallejo,27,189,64,67,500000,39,44,60,58,62,63,,,,,,,,,,,,,,,,,,,,,44,60,58,62,63
L. Shephard,24,178,64,67,500000,75,48,57,62,60,67,,,,,,,,,,,,,,,,,,,,,48,57,62,60,67
A. Al Shamekh,26,176,64,67,500000,77,39,56,61,59,69,,,,,,,,,,,,,,,,,,,,,39,56,61,59,69
Wang Tong,26,179,64,67,500000,79,48,60,60,60,66,,,,,,,,,,,,,,,,,,,,,48,60,60,60,66
R. Arciero,26,177,64,67,500000,63,33,50,59,65,66,,,,,,,,,,,,,,,,,,,,,33,50,59,65,66
Z. Gordon,26,180,64,67,500000,77,33,47,61,61,75,,,,,,,,,,,,,,,,,,,,,33,47,61,61,75
A. Foosnæs,25,172,64,67,500000,75,42,53,62,60,57,,,,,,,,,,,,,,,,,,,,,42,53,62,60,57
S. Strand,26,175,64,67,500000,83,31,50,60,60,59,,,,,,,,,,,,,,,,,,,,,31,50,60,60,59
P. Sweeney,24,178,64,66,500000,73,41,54,59,60,74,,,,,,,,,,,,,,,,,,,,,41,54,59,60,74
J. Tillson,26,183,64,66,500000,58,44,56,61,60,73,,,,,,,,,,,,,,,,,,,,,44,56,61,60,73
C. Nielsen,24,184,64,66,500000,76,60,57,63,58,70,,,,,,,,,,,,,,,,,,,,,60,57,63,58,70
J. Beaulieu,26,180,64,66,500000,57,46,57,62,65,59,,,,,,,,,,,,,,,,,,,,,46,57,62,65,59
P. Tschernegg,26,181,64,66,500000,51,39,55,57,61,78,,,,,,,,,,,,,,,,,,,,,39,55,57,61,78
Kako Sanz,26,181,64,66,500000,50,43,63,62,59,59,,,,,,,,,,,,,,,,,,,,,43,63,62,59,59
J. Dem,26,182,64,66,500000,74,43,51,55,63,75,,,,,,,,,,,,,,,,,,,,,43,51,55,63,75
L. Kalludra,27,170,64,65,500000,76,57,63,70,47,61,,,,,,,,,,,,,,,,,,,,,57,63,70,47,61
A. Sarcevic,27,183,64,65,500000,68,62,63,67,56,66,,,,,,,,,,,,,,,,,,,,,62,63,67,56,66
H. Ben Moussa,27,173,64,65,500000,69,54,63,67,53,65,,,,,,,,,,,,,,,,,,,,,54,63,67,53,65
T. Dieng,27,189,64,65,500000,64,50,58,63,63,77,,,,,,,,,,,,,,,,,,,,,50,58,63,63,77
F. Madrigal,27,176,64,65,500000,69,56,63,63,62,68,,,,,,,,,,,,,,,,,,,,,56,63,63,62,68
H. Shimoda,27,171,64,65,500000,78,55,61,64,52,66,,,,,,,,,,,,,,,,,,,,,55,61,64,52,66
V. Hammershøj-Mistrati,27,177,64,65,500000,55,51,63,64,55,63,,,,,,,,,,,,,,,,,,,,,51,63,64,55,63
F. Grahl,27,170,64,65,500000,63,51,67,67,54,62,,,,,,,,,,,,,,,,,,,,,51,67,67,54,62
B. Blasi,23,180,63,72,500000,66,32,49,51,60,69,,,,,,,,,,,,,,,,,,,,,32,49,51,60,69
S. Hart,22,183,63,72,500000,74,49,55,63,60,66,,,,,,,,,,,,,,,,,,,,,49,55,63,60,66
Lee Sang Ki,23,179,63,72,500000,77,58,59,64,54,74,,,,,,,,,,,,,,,,,,,,,58,59,64,54,74
M. Akpınar,17,185,63,72,500000,67,64,46,59,22,65,,,,,,,,,,,,,,,,,,,,,64,46,59,22,65
C. Shaughnessy,23,191,63,71,500000,60,43,52,54,61,68,,,,,,,,,,,,,,,,,,,,,43,52,54,61,68
W. Nightingale,23,185,63,71,500000,67,25,34,43,64,66,,,,,,,,,,,,,,,,,,,,,25,34,43,64,66
S. Mmaee,22,181,63,71,500000,68,32,48,55,60,71,,,,,,,,,,,,,,,,,,,,,32,48,55,60,71
M. Gargiulo,23,187,63,71,500000,62,44,58,60,61,69,,,,,,,,,,,,,,,,,,,,,44,58,60,61,69
B. Warland,22,185,63,71,500000,51,24,37,46,63,69,,,,,,,,,,,,,,,,,,,,,24,37,46,63,69
T. Thomas,23,183,63,71,500000,61,40,57,59,61,64,,,,,,,,,,,,,,,,,,,,,40,57,59,61,64
M. Nakkim,22,187,63,71,500000,53,32,44,47,60,72,,,,,,,,,,,,,,,,,,,,,32,44,47,60,72
C. Pérez,24,185,63,71,500000,47,25,44,42,63,65,,,,,,,,,,,,,,,,,,,,,25,44,42,63,65
T. Blomeyer,23,191,63,71,500000,54,29,42,52,61,68,,,,,,,,,,,,,,,,,,,,,29,42,52,61,68
A. Skovgaard,22,185,63,71,500000,57,27,42,45,62,66,,,,,,,,,,,,,,,,,,,,,27,42,45,62,66
Jeong Tae Wook,22,194,63,71,500000,54,24,34,30,61,73,,,,,,,,,,,,,,,,,,,,,24,34,30,61,73
O. Steurer,24,191,63,71,500000,57,34,48,46,61,70,,,,,,,,,,,,,,,,,,,,,34,48,46,61,70
G. Smith,23,191,63,71,500000,66,26,44,55,60,68,,,,,,,,,,,,,,,,,,,,,26,44,55,60,68
F. Russo,24,186,63,71,500000,59,30,48,49,64,63,,,,,,,,,,,,,,,,,,,,,30,48,49,64,63
I. Gaponov,21,185,63,71,500000,63,28,37,37,65,63,,,,,,,,,,,,,,,,,,,,,28,37,37,65,63
G. Calò,22,180,63,71,500000,64,36,56,61,60,67,,,,,,,,,,,,,,,,,,,,,36,56,61,60,67
João Silva,21,185,63,71,500000,57,41,49,53,63,60,,,,,,,,,,,,,,,,,,,,,41,49,53,63,60
L. Polworth,24,179,63,70,500000,70,53,59,66,56,56,,,,,,,,,,,,,,,,,,,,,53,59,66,56,56
G. Karlen,24,185,63,70,500000,66,62,62,59,56,64,,,,,,,,,,,,,,,,,,,,,62,62,59,56,64
M. Rocca,23,175,63,70,500000,67,53,63,65,48,49,,,,,,,,,,,,,,,,,,,,,53,63,65,48,49
M. Greve,24,188,63,70,500000,69,57,62,63,52,64,,,,,,,,,,,,,,,,,,,,,57,62,63,52,64
A. McEneff,23,175,63,70,500000,71,59,61,65,54,65,,,,,,,,,,,,,,,,,,,,,59,61,65,54,65
M. Besuschkow,22,187,63,70,500000,64,52,61,60,55,67,,,,,,,,,,,,,,,,,,,,,52,61,60,55,67
Kim Hyeon Wook,24,160,63,70,500000,84,56,63,70,43,61,,,,,,,,,,,,,,,,,,,,,56,63,70,43,61
A. Fontana,19,173,63,70,500000,71,57,59,64,46,59,,,,,,,,,,,,,,,,,,,,,57,59,64,46,59
M. Helal,23,172,63,70,500000,67,54,62,66,49,54,,,,,,,,,,,,,,,,,,,,,54,62,66,49,54
L. Nilsen,24,180,63,69,500000,85,57,54,64,54,65,,,,,,,,,,,,,,,,,,,,,57,54,64,54,65
D. Connolly,24,176,63,69,500000,91,54,56,65,30,59,,,,,,,,,,,,,,,,,,,,,54,56,65,30,59
M. Pinnock,24,183,63,69,500000,74,57,59,64,31,61,,,,,,,,,,,,,,,,,,,,,57,59,64,31,61
A. Madrid,24,175,63,69,500000,70,48,63,64,58,64,,,,,,,,,,,,,,,,,,,,,48,63,64,58,64
B. Whitfield,23,165,63,69,500000,71,57,61,67,36,46,,,,,,,,,,,,,,,,,,,,,57,61,67,36,46
Seo Myeong Won,24,180,63,69,500000,73,57,61,64,26,56,,,,,,,,,,,,,,,,,,,,,57,61,64,26,56
M. Maruoka,23,170,63,69,500000,67,48,59,73,28,41,,,,,,,,,,,,,,,,,,,,,48,59,73,28,41
H. Demir,21,178,63,69,500000,63,52,62,63,46,66,,,,,,,,,,,,,,,,,,,,,52,62,63,46,66
A. Masuyama,22,173,63,69,500000,81,51,54,65,23,52,,,,,,,,,,,,,,,,,,,,,51,54,65,23,52
S. Shome,21,178,63,69,500000,70,52,59,63,60,69,,,,,,,,,,,,,,,,,,,,,52,59,63,60,69
R. Guder,24,183,63,69,500000,85,62,51,65,25,68,,,,,,,,,,,,,,,,,,,,,62,51,65,25,68
F. Bin Jamayah,24,175,63,69,500000,74,56,63,63,37,40,,,,,,,,,,,,,,,,,,,,,56,63,63,37,40
Huang Zichang,22,173,63,69,500000,84,54,56,65,41,51,,,,,,,,,,,,,,,,,,,,,54,56,65,41,51
A. Ståhl,24,185,63,69,500000,71,57,57,63,35,57,,,,,,,,,,,,,,,,,,,,,57,57,63,35,57
M. Moro,24,177,63,69,500000,82,53,54,65,33,53,,,,,,,,,,,,,,,,,,,,,53,54,65,33,53
K. Nishizawa,22,171,63,69,500000,70,52,60,64,29,57,,,,,,,,,,,,,,,,,,,,,52,60,64,29,57
Marcinho,24,173,63,69,500000,73,62,51,69,31,56,,,,,,,,,,,,,,,,,,,,,62,51,69,31,56
L. Erwin,25,188,63,68,500000,67,61,50,61,27,64,,,,,,,,,,,,,,,,,,,,,61,50,61,27,64
A. Gilliead,23,183,63,68,500000,81,55,55,64,28,59,,,,,,,,,,,,,,,,,,,,,55,55,64,28,59
Y. Kaabouni,24,179,63,68,500000,68,52,61,64,46,56,,,,,,,,,,,,,,,,,,,,,52,61,64,46,56
Calderón,24,182,63,68,500000,68,58,59,67,32,36,,,,,,,,,,,,,,,,,,,,,58,59,67,32,36
A. Samuel,23,183,63,68,500000,80,59,48,64,22,66,,,,,,,,,,,,,,,,,,,,,59,48,64,22,66
M. Egho,25,187,63,68,500000,76,58,53,64,37,64,,,,,,,,,,,,,,,,,,,,,58,53,64,37,64
B. Gschweidl,23,178,63,68,500000,71,61,41,60,22,65,,,,,,,,,,,,,,,,,,,,,61,41,60,22,65
O. Aydoğan,22,175,63,68,500000,66,62,60,69,23,49,,,,,,,,,,,,,,,,,,,,,62,60,69,23,49
Wang Jinxian,23,175,63,68,500000,70,42,56,68,47,58,,,,,,,,,,,,,,,,,,,,,42,56,68,47,58
F. Anselmo,25,188,63,68,500000,48,64,44,57,26,61,,,,,,,,,,,,,,,,,,,,,64,44,57,26,61
J. Yates,22,175,63,68,500000,68,63,44,63,29,64,,,,,,,,,,,,,,,,,,,,,63,44,63,29,64
D. Hümmet,22,187,63,68,500000,60,63,50,57,28,71,,,,,,,,,,,,,,,,,,,,,63,50,57,28,71
M. Sanoh,23,170,63,68,500000,84,57,52,69,29,68,,,,,,,,,,,,,,,,,,,,,57,52,69,29,68
A. Al Suwat,24,168,63,68,500000,65,60,59,66,44,60,,,,,,,,,,,,,,,,,,,,,60,59,66,44,60
Y. Nakasaka,21,171,63,68,500000,73,52,61,61,42,59,,,,,,,,,,,,,,,,,,,,,52,61,61,42,59
A. Porcino,24,175,63,68,500000,75,33,54,67,55,54,,,,,,,,,,,,,,,,,,,,,33,54,67,55,54
Tang Shi,24,176,63,68,500000,83,59,56,64,30,57,,,,,,,,,,,,,,,,,,,,,59,56,64,30,57
L. Schnellbacher,25,180,63,68,500000,77,61,48,67,25,57,,,,,,,,,,,,,,,,,,,,,61,48,67,25,57
H. El-Helwe,24,187,63,68,500000,75,59,56,70,34,62,,,,,,,,,,,,,,,,,,,,,59,56,70,34,62
D. Bock,24,182,63,68,500000,72,58,57,63,40,62,,,,,,,,,,,,,,,,,,,,,58,57,63,40,62
M. Miller,23,178,63,68,500000,73,62,44,62,20,58,,,,,,,,,,,,,,,,,,,,,62,44,62,20,58
M. Kuzmanović,23,178,63,68,500000,71,58,58,65,23,56,,,,,,,,,,,,,,,,,,,,,58,58,65,23,56
E. Bekiroglu,23,185,63,68,500000,67,60,57,65,38,68,,,,,,,,,,,,,,,,,,,,,60,57,65,38,68
A. Elogo,24,179,63,68,500000,83,59,52,70,32,58,,,,,,,,,,,,,,,,,,,,,59,52,70,32,58
S. Pino,25,199,63,68,500000,58,58,49,60,28,77,,,,,,,,,,,,,,,,,,,,,58,49,60,28,77
S. Nnamani,24,183,63,68,500000,62,62,57,59,36,73,,,,,,,,,,,,,,,,,,,,,62,57,59,36,73
D. Popadiuc,24,177,63,68,500000,67,50,62,64,27,49,,,,,,,,,,,,,,,,,,,,,50,62,64,27,49
S. Bakari,24,178,63,68,500000,82,57,55,68,28,56,,,,,,,,,,,,,,,,,,,,,57,55,68,28,56
S. Shimada,23,165,63,68,500000,73,62,60,64,49,54,,,,,,,,,,,,,,,,,,,,,62,60,64,49,54
M. Mandron,24,191,63,67,500000,60,60,52,63,44,77,,,,,,,,,,,,,,,,,,,,,60,52,63,44,77
K. Angielski,23,177,63,67,500000,70,63,56,65,26,53,,,,,,,,,,,,,,,,,,,,,63,56,65,26,53
K. Kinoshita,24,182,63,67,500000,63,62,48,62,24,70,,,,,,,,,,,,,,,,,,,,,62,48,62,24,70
M. Ferrier,24,183,63,67,500000,87,60,49,63,24,75,,,,,,,,,,,,,,,,,,,,,60,49,63,24,75
J. Karlsson,20,171,63,67,500000,79,61,50,74,28,46,,,,,,,,,,,,,,,,,,,,,61,50,74,28,46
K. Kozuka,24,173,63,67,500000,77,53,66,67,41,59,,,,,,,,,,,,,,,,,,,,,53,66,67,41,59
J. Gordon,24,178,63,67,500000,78,59,55,64,45,76,,,,,,,,,,,,,,,,,,,,,59,55,64,45,76
D. Mullen,24,177,63,67,500000,80,63,50,61,41,74,,,,,,,,,,,,,,,,,,,,,63,50,61,41,74
S. Ruiz,21,185,62,74,500000,69,31,52,54,62,67,,,,,,,,,,,,,,,,,,,,,31,52,54,62,67
J. Mosquera,22,175,62,74,500000,65,37,51,54,61,68,,,,,,,,,,,,,,,,,,,,,37,51,54,61,68
T. Clarke,21,165,62,74,500000,84,52,58,66,56,65,,,,,,,,,,,,,,,,,,,,,52,58,66,56,65
S. Seddon,21,179,62,74,500000,75,40,50,60,57,59,,,,,,,,,,,,,,,,,,,,,40,50,60,57,59
R. Ziegele,22,186,62,74,500000,56,28,37,44,60,67,,,,,,,,,,,,,,,,,,,,,28,37,44,60,67
L. James-Wildin,21,178,62,74,500000,77,48,54,61,56,77,,,,,,,,,,,,,,,,,,,,,48,54,61,56,77
I. De Santis,22,184,62,74,500000,45,40,37,44,61,68,,,,,,,,,,,,,,,,,,,,,40,37,44,61,68
R. Hernández,21,171,62,74,500000,83,33,48,59,58,62,,,,,,,,,,,,,,,,,,,,,33,48,59,58,62
S. Farhan,22,180,62,74,500000,65,42,43,50,59,78,,,,,,,,,,,,,,,,,,,,,42,43,50,59,78
W. Alarcón,18,181,62,74,500000,64,56,60,65,53,65,,,,,,,,,,,,,,,,,,,,,56,60,65,53,65
Alberto Espeso,21,173,62,74,500000,74,33,53,64,57,43,,,,,,,,,,,,,,,,,,,,,33,53,64,57,43
A. Rațiu,21,183,62,74,500000,67,50,59,66,59,58,,,,,,,,,,,,,,,,,,,,,50,59,66,59,58
A. Mohamed,20,178,62,74,500000,76,39,53,66,57,56,,,,,,,,,,,,,,,,,,,,,39,53,66,57,56
M. Toscano,21,170,62,74,500000,66,38,54,60,59,56,,,,,,,,,,,,,,,,,,,,,38,54,60,59,56
E. Abouchabaka,19,183,62,73,500000,63,60,59,64,31,53,,,,,,,,,,,,,,,,,,,,,60,59,64,31,53
K. Çelik,19,179,62,73,500000,63,62,49,60,23,57,,,,,,,,,,,,,,,,,,,,,62,49,60,23,57
Diogo Almeida,18,184,62,73,500000,73,58,55,63,20,55,,,,,,,,,,,,,,,,,,,,,58,55,63,20,55
E. List,22,174,62,72,500000,94,60,49,65,27,64,,,,,,,,,,,,,,,,,,,,,60,49,65,27,64
E. Wekesser,21,184,62,72,500000,69,61,42,56,28,70,,,,,,,,,,,,,,,,,,,,,61,42,56,28,70
C. Ogbene,22,175,62,72,500000,90,54,49,66,38,68,,,,,,,,,,,,,,,,,,,,,54,49,66,38,68
E. Riis,21,190,62,72,500000,67,60,42,58,20,62,,,,,,,,,,,,,,,,,,,,,60,42,58,20,62
Jaime Pinto,21,183,62,72,500000,68,62,53,66,28,52,,,,,,,,,,,,,,,,,,,,,62,53,66,28,52
J. Shipley,21,183,62,72,500000,65,55,64,61,53,59,,,,,,,,,,,,,,,,,,,,,55,64,61,53,59
P. Klimala,20,183,62,72,500000,81,58,42,61,28,55,,,,,,,,,,,,,,,,,,,,,58,42,61,28,55
Arribas,20,180,62,72,500000,58,61,50,63,34,49,,,,,,,,,,,,,,,,,,,,,61,50,63,34,49
M. De Luca,20,192,62,72,500000,39,63,48,58,20,53,,,,,,,,,,,,,,,,,,,,,63,48,58,20,53
B. Álvarez,21,171,62,72,500000,77,50,58,64,44,49,,,,,,,,,,,,,,,,,,,,,50,58,64,44,49
M. Meneses,20,174,62,72,500000,70,57,63,57,33,56,,,,,,,,,,,,,,,,,,,,,57,63,57,33,56
D. Jubitana,20,173,62,72,500000,66,59,59,65,37,54,,,,,,,,,,,,,,,,,,,,,59,59,65,37,54
O. Gaines,21,181,62,72,500000,85,53,53,63,26,56,,,,,,,,,,,,,,,,,,,,,53,53,63,26,56
A. Ghareeb,22,165,62,72,500000,83,59,52,67,18,53,,,,,,,,,,,,,,,,,,,,,59,52,67,18,53
S. Córdova,22,173,62,72,500000,72,59,54,67,30,44,,,,,,,,,,,,,,,,,,,,,59,54,67,30,44
A. Dovbyk,22,184,62,72,500000,71,60,44,62,26,70,,,,,,,,,,,,,,,,,,,,,60,44,62,26,70
Ángel López,22,172,62,72,500000,71,54,57,65,40,46,,,,,,,,,,,,,,,,,,,,,54,57,65,40,46
D. Benzar,21,170,62,72,500000,81,51,56,63,23,51,,,,,,,,,,,,,,,,,,,,,51,56,63,23,51
N. Anđušić,22,177,62,72,500000,68,56,55,65,30,50,,,,,,,,,,,,,,,,,,,,,56,55,65,30,50
V. Egri,21,173,62,72,500000,76,44,61,65,48,46,,,,,,,,,,,,,,,,,,,,,44,61,65,48,46
L. Østigård,19,185,61,81,500000,66,36,39,48,59,67,,,,,,,,,,,,,,,,,,,,,36,39,48,59,67
A. Gallo,19,183,61,81,500000,79,50,61,61,56,54,,,,,,,,,,,,,,,,,,,,,50,61,61,56,54
R. Hutchinson,19,179,61,79,500000,72,30,48,59,56,60,,,,,,,,,,,,,,,,,,,,,30,48,59,56,60
N. Bannis,17,184,61,79,500000,74,61,46,62,23,47,,,,,,,,,,,,,,,,,,,,,61,46,62,23,47
A. Amade,19,170,61,78,500000,80,33,44,65,59,49,,,,,,,,,,,,,,,,,,,,,33,44,65,59,49
S. Palma,19,189,61,78,500000,58,25,37,50,60,69,,,,,,,,,,,,,,,,,,,,,25,37,50,60,69
I. Domínguez,19,171,61,78,500000,69,33,47,55,64,53,,,,,,,,,,,,,,,,,,,,,33,47,55,64,53
Diego Pampín,19,175,61,77,500000,60,33,51,55,58,55,,,,,,,,,,,,,,,,,,,,,33,51,55,58,55
P. Maslov,19,184,61,77,500000,76,33,50,58,56,60,,,,,,,,,,,,,,,,,,,,,33,50,58,56,60
D. Meredith,19,173,61,76,500000,63,38,48,55,62,55,,,,,,,,,,,,,,,,,,,,,38,48,55,62,55
F. Rodríguez,19,183,61,76,500000,66,30,42,47,61,62,,,,,,,,,,,,,,,,,,,,,30,42,47,61,62
J. Meier,19,181,61,75,500000,63,43,47,55,61,63,,,,,,,,,,,,,,,,,,,,,43,47,55,61,63
G. Magnée,19,173,61,75,500000,74,28,50,59,55,59,,,,,,,,,,,,,,,,,,,,,28,50,59,55,59
N. Ennis,20,180,61,74,500000,81,60,48,64,38,63,,,,,,,,,,,,,,,,,,,,,60,48,64,38,63
M. Skenderović,21,182,61,74,500000,64,61,45,62,23,51,,,,,,,,,,,,,,,,,,,,,61,45,62,23,51
E. Daci,20,183,61,74,500000,62,62,49,66,24,50,,,,,,,,,,,,,,,,,,,,,62,49,66,24,50
Júnior Brumado,20,190,61,74,500000,73,56,41,65,28,72,,,,,,,,,,,,,,,,,,,,,56,41,65,28,72
O. Deschacht,38,183,71,71,475000,37,45,60,52,75,69,,,,,,,,,,,,,,,,,,,,,45,60,52,75,69
B. Cesar,36,191,71,71,475000,32,27,39,52,71,71,,,,,,,,,,,,,,,,,,,,,27,39,52,71,71
Chong Te Se,35,181,69,69,475000,61,69,64,64,41,75,,,,,,,,,,,,,,,,,,,,,69,64,64,41,75
F. Mazzeo,35,177,69,69,475000,60,70,61,69,28,56,,,,,,,,,,,,,,,,,,,,,70,61,69,28,56
D. Nugent,34,180,68,68,475000,56,68,58,68,35,61,,,,,,,,,,,,,,,,,,,,,68,58,68,35,61
Z. Dedič,34,183,68,68,475000,69,71,58,68,35,70,,,,,,,,,,,,,,,,,,,,,71,58,68,35,70
C. Valencia,34,173,68,68,475000,67,69,57,66,42,59,,,,,,,,,,,,,,,,,,,,,69,57,66,42,59
Xiao Zhi,34,187,68,68,475000,61,65,54,63,43,73,,,,,,,,,,,,,,,,,,,,,65,54,63,43,73
B. Jones,32,180,67,67,475000,56,55,59,65,69,70,,,,,,,,,,,,,,,,,,,,,55,59,65,69,70
F. Öztorun,32,176,67,67,475000,66,43,59,65,66,67,,,,,,,,,,,,,,,,,,,,,43,59,65,66,67
R. Strauß,32,175,67,67,475000,72,53,59,64,65,63,,,,,,,,,,,,,,,,,,,,,53,59,64,65,63
L. Scaglia,32,183,67,67,475000,83,57,61,67,59,69,,,,,,,,,,,,,,,,,,,,,57,61,67,59,69
J. Martínez,32,177,67,67,475000,72,57,63,66,64,68,,,,,,,,,,,,,,,,,,,,,57,63,66,64,68
J. Kalla,32,180,67,67,475000,67,46,59,62,66,70,,,,,,,,,,,,,,,,,,,,,46,59,62,66,70
F. Monzón,32,179,67,67,475000,71,52,63,65,61,71,,,,,,,,,,,,,,,,,,,,,52,63,65,61,71
S. Salinas,33,178,67,67,475000,73,58,64,67,56,61,,,,,,,,,,,,,,,,,,,,,58,64,67,56,61
C. Deac,33,177,67,67,475000,63,66,68,67,60,73,,,,,,,,,,,,,,,,,,,,,66,68,67,60,73
Xavi Molina,32,182,67,67,475000,60,46,62,63,69,69,,,,,,,,,,,,,,,,,,,,,46,62,63,69,69
Alcatraz,32,180,67,67,475000,74,61,68,66,62,75,,,,,,,,,,,,,,,,,,,,,61,68,66,62,75
G. Voboril,32,177,67,67,475000,77,30,56,65,64,69,,,,,,,,,,,,,,,,,,,,,30,56,65,64,69
H. Berríos,32,174,67,67,475000,59,51,56,63,67,67,,,,,,,,,,,,,,,,,,,,,51,56,63,67,67
A. Mbekile,32,172,67,67,475000,67,43,59,65,66,61,,,,,,,,,,,,,,,,,,,,,43,59,65,66,61
M. Heider,33,187,67,67,475000,71,65,61,64,49,81,,,,,,,,,,,,,,,,,,,,,65,61,64,49,81
J. Sandoval,32,179,67,67,475000,71,52,56,63,67,73,,,,,,,,,,,,,,,,,,,,,52,56,63,67,73
J. Demetriou,31,180,66,66,475000,73,61,61,63,63,71,,,,,,,,,,,,,,,,,,,,,61,61,63,63,71
M. Connolly,31,188,66,66,475000,51,48,57,56,69,72,,,,,,,,,,,,,,,,,,,,,48,57,56,69,72
D. Guthrie,32,176,66,66,475000,53,62,67,66,60,66,,,,,,,,,,,,,,,,,,,,,62,67,66,60,66
P. Hartley,31,185,66,66,475000,45,34,49,43,63,83,,,,,,,,,,,,,,,,,,,,,34,49,43,63,83
S. MacDonald,31,185,66,66,475000,54,58,62,65,65,65,,,,,,,,,,,,,,,,,,,,,58,62,65,65,65
L. Craig,32,183,66,66,475000,55,65,68,65,58,66,,,,,,,,,,,,,,,,,,,,,65,68,65,58,66
J. Toivio,31,186,66,66,475000,58,52,55,51,64,72,,,,,,,,,,,,,,,,,,,,,52,55,51,64,72
J. Zavala,31,190,66,66,475000,54,54,59,61,65,76,,,,,,,,,,,,,,,,,,,,,54,59,61,65,76
M. Konrad,31,187,66,66,475000,58,56,57,55,67,79,,,,,,,,,,,,,,,,,,,,,56,57,55,67,79
S. Glarner,31,177,66,66,475000,67,52,59,60,63,75,,,,,,,,,,,,,,,,,,,,,52,59,60,63,75
K. Ceesay,31,180,66,66,475000,81,50,54,62,62,76,,,,,,,,,,,,,,,,,,,,,50,54,62,62,76
Wang Yongpo,32,178,66,66,475000,71,67,66,66,57,66,,,,,,,,,,,,,,,,,,,,,67,66,66,57,66
Zhao Mingjian,31,181,66,66,475000,71,52,63,64,64,71,,,,,,,,,,,,,,,,,,,,,52,63,64,64,71
M. Baudry,31,188,66,66,475000,56,32,49,58,66,66,,,,,,,,,,,,,,,,,,,,,32,49,58,66,66
V. Muratori,31,179,66,66,475000,62,25,55,56,65,69,,,,,,,,,,,,,,,,,,,,,25,55,56,65,69
T. Teniste,31,173,66,66,475000,77,48,60,66,61,67,,,,,,,,,,,,,,,,,,,,,48,60,66,61,67
T. Breukers,31,182,66,66,475000,65,47,57,60,67,72,,,,,,,,,,,,,,,,,,,,,47,57,60,67,72
W. Moke,31,183,66,66,475000,72,33,57,50,67,76,,,,,,,,,,,,,,,,,,,,,33,57,50,67,76
I. Armaş,31,194,66,66,475000,47,34,50,39,66,74,,,,,,,,,,,,,,,,,,,,,34,50,39,66,74
A. DeLaGarza,31,175,66,66,475000,69,48,61,62,63,69,,,,,,,,,,,,,,,,,,,,,48,61,62,63,69
L. Burliga,31,186,66,66,475000,71,55,59,61,64,82,,,,,,,,,,,,,,,,,,,,,55,59,61,64,82
J. Ballón,31,179,66,66,475000,68,61,63,65,62,72,,,,,,,,,,,,,,,,,,,,,61,63,65,62,72
A. Acosta,31,169,66,66,475000,52,58,67,71,64,64,,,,,,,,,,,,,,,,,,,,,58,67,71,64,64
Manuel Sánchez,31,185,66,66,475000,53,43,53,51,66,77,,,,,,,,,,,,,,,,,,,,,43,53,51,66,77
Choi Bo Kyung,31,184,66,66,475000,62,39,56,54,63,72,,,,,,,,,,,,,,,,,,,,,39,56,54,63,72
B. Kessel,31,191,66,66,475000,60,55,59,59,68,75,,,,,,,,,,,,,,,,,,,,,55,59,59,68,75
J. Reinhardt,31,182,66,66,475000,71,56,62,59,63,71,,,,,,,,,,,,,,,,,,,,,56,62,59,63,71
C. Meneses,31,183,66,66,475000,54,50,64,63,63,73,,,,,,,,,,,,,,,,,,,,,50,64,63,63,73
M. Yedro,32,170,66,66,475000,55,59,63,68,50,76,,,,,,,,,,,,,,,,,,,,,59,63,68,50,76
M. El Makrini,31,184,66,66,475000,46,44,59,63,63,73,,,,,,,,,,,,,,,,,,,,,44,59,63,63,73
M. Leitgeb,31,183,66,66,475000,41,54,59,60,64,71,,,,,,,,,,,,,,,,,,,,,54,59,60,64,71
B. Emir,31,178,66,66,475000,71,46,56,63,67,62,,,,,,,,,,,,,,,,,,,,,46,56,63,67,62
N. Hammann,31,185,66,66,475000,69,57,62,59,63,74,,,,,,,,,,,,,,,,,,,,,57,62,59,63,74
Narcisso Mau,31,177,66,66,475000,65,55,61,56,63,64,,,,,,,,,,,,,,,,,,,,,55,61,56,63,64
Botelhinonsa,31,183,66,66,475000,63,52,59,55,69,77,,,,,,,,,,,,,,,,,,,,,52,59,55,69,77
Edenildo Lagoas,31,180,66,66,475000,61,53,64,57,67,65,,,,,,,,,,,,,,,,,,,,,53,64,57,67,65
K. Ota,31,178,66,66,475000,69,55,71,68,61,68,,,,,,,,,,,,,,,,,,,,,55,71,68,61,68
H. Watanabe,31,186,66,66,475000,48,32,44,35,66,67,,,,,,,,,,,,,,,,,,,,,32,44,35,66,67
N. Breeveld,32,178,66,66,475000,67,60,62,67,63,77,,,,,,,,,,,,,,,,,,,,,60,62,67,63,77
G. Karanović,31,186,65,65,475000,68,60,53,63,39,67,,,,,,,,,,,,,,,,,,,,,60,53,63,39,67
M. O'Connor,31,180,65,65,475000,63,60,65,60,59,76,,,,,,,,,,,,,,,,,,,,,60,65,60,59,76
D. Gorter,31,175,65,65,475000,54,63,66,65,61,66,,,,,,,,,,,,,,,,,,,,,63,66,65,61,66
Song Jin Hyung,31,175,65,65,475000,78,60,66,66,57,58,,,,,,,,,,,,,,,,,,,,,60,66,66,57,58
S. Ringstad,27,188,65,65,475000,74,56,61,65,61,73,,,,,,,,,,,,,,,,,,,,,56,61,65,61,73
Q. Amarikwa,31,175,65,65,475000,73,61,55,66,28,71,,,,,,,,,,,,,,,,,,,,,61,55,66,28,71
A. Taylor,28,193,65,65,475000,59,36,41,47,62,78,,,,,,,,,,,,,,,,,,,,,36,41,47,62,78
L. Brown,28,183,65,65,475000,71,54,60,60,63,76,,,,,,,,,,,,,,,,,,,,,54,60,60,63,76
J. Davidson,28,180,65,65,475000,67,49,60,64,60,65,,,,,,,,,,,,,,,,,,,,,49,60,64,60,65
V. Prodell,31,190,65,65,475000,71,61,48,58,29,68,,,,,,,,,,,,,,,,,,,,,61,48,58,29,68
P. Salomon,31,179,65,65,475000,61,56,60,63,59,71,,,,,,,,,,,,,,,,,,,,,56,60,63,59,71
M. Novak,28,184,65,65,475000,72,41,56,65,64,69,,,,,,,,,,,,,,,,,,,,,41,56,65,64,69
J. Bertilsson,31,177,65,65,475000,71,61,63,66,32,59,,,,,,,,,,,,,,,,,,,,,61,63,66,32,59
T. Öztürk,29,191,65,65,475000,46,43,54,53,65,76,,,,,,,,,,,,,,,,,,,,,43,54,53,65,76
Fran Cruz,28,184,65,65,475000,56,36,50,50,61,77,,,,,,,,,,,,,,,,,,,,,36,50,50,61,77
S. Lawless,28,170,65,65,475000,72,61,61,67,56,64,,,,,,,,,,,,,,,,,,,,,61,61,67,56,64
L. Burnet,28,170,65,65,475000,74,42,59,66,63,63,,,,,,,,,,,,,,,,,,,,,42,59,66,63,63
R. Jackson,28,175,65,65,475000,85,53,56,64,58,74,,,,,,,,,,,,,,,,,,,,,53,56,64,58,74
N. Hasler,28,175,65,65,475000,67,51,62,67,63,67,,,,,,,,,,,,,,,,,,,,,51,62,67,63,67
W. Creavalle,28,183,65,65,475000,71,49,56,64,63,72,,,,,,,,,,,,,,,,,,,,,49,56,64,63,72
Brito,31,177,65,65,475000,81,59,59,68,27,63,,,,,,,,,,,,,,,,,,,,,59,59,68,27,63
P. Ofosu-Ayeh,27,181,65,65,475000,81,47,56,66,62,71,,,,,,,,,,,,,,,,,,,,,47,56,66,62,71
R. Hollingshead,28,185,65,65,475000,58,60,60,65,66,71,,,,,,,,,,,,,,,,,,,,,60,60,65,66,71
Kwak Hae Seong,27,178,65,65,475000,70,48,52,64,62,70,,,,,,,,,,,,,,,,,,,,,48,52,64,62,70
Ding Haifeng,27,182,65,65,475000,79,45,64,68,57,62,,,,,,,,,,,,,,,,,,,,,45,64,68,57,62
Park Dae Han,28,173,65,65,475000,76,28,55,65,61,63,,,,,,,,,,,,,,,,,,,,,28,55,65,61,63
I. Coulibaly,29,183,65,65,475000,56,41,55,58,63,74,,,,,,,,,,,,,,,,,,,,,41,55,58,63,74
C. Jopia,27,174,65,65,475000,74,48,60,66,61,73,,,,,,,,,,,,,,,,,,,,,48,60,66,61,73
Borja Lázaro,31,188,65,65,475000,39,65,46,57,32,72,,,,,,,,,,,,,,,,,,,,,65,46,57,32,72
K. Hachisuka,28,180,65,65,475000,71,40,57,60,60,77,,,,,,,,,,,,,,,,,,,,,40,57,60,60,77
S. Acka,28,182,65,65,475000,63,31,44,43,64,71,,,,,,,,,,,,,,,,,,,,,31,44,43,64,71
K. Mawatari,28,175,65,65,475000,70,47,58,63,62,64,,,,,,,,,,,,,,,,,,,,,47,58,63,62,64
R. Matsumoto,31,175,65,65,475000,82,52,61,63,54,61,,,,,,,,,,,,,,,,,,,,,52,61,63,54,61
A. Guechi,28,190,65,65,475000,48,21,44,40,67,63,,,,,,,,,,,,,,,,,,,,,21,44,40,67,63
M. Maak,27,191,64,66,475000,47,31,48,52,62,71,,,,,,,,,,,,,,,,,,,,,31,48,52,62,71
N. Ralph,26,175,64,66,475000,77,44,56,65,59,54,,,,,,,,,,,,,,,,,,,,,44,56,65,59,54
J. Tamm,27,192,64,66,475000,59,51,43,50,60,78,,,,,,,,,,,,,,,,,,,,,51,43,50,60,78
K. Baccus,27,180,64,66,475000,69,48,60,62,62,63,,,,,,,,,,,,,,,,,,,,,48,60,62,62,63
P. Retre,26,178,64,66,475000,63,48,59,65,61,66,,,,,,,,,,,,,,,,,,,,,48,59,65,61,66
Mi Haolun,26,175,64,66,475000,81,57,58,61,63,63,,,,,,,,,,,,,,,,,,,,,57,58,61,63,63
Ángel García,26,185,64,66,475000,78,58,58,63,59,67,,,,,,,,,,,,,,,,,,,,,58,58,63,59,67
D. Kiki,25,180,64,66,475000,73,51,57,64,59,71,,,,,,,,,,,,,,,,,,,,,51,57,64,59,71
M. Ošs,27,191,64,66,475000,51,28,33,34,63,78,,,,,,,,,,,,,,,,,,,,,28,33,34,63,78
K. Enghardt,27,186,64,66,475000,64,41,54,59,61,70,,,,,,,,,,,,,,,,,,,,,41,54,59,61,70
A. Hopmark,27,192,64,66,475000,46,42,52,53,62,75,,,,,,,,,,,,,,,,,,,,,42,52,53,62,75
D. Offenbacher,27,174,64,65,475000,75,61,64,68,57,70,,,,,,,,,,,,,,,,,,,,,61,64,68,57,70
G. Morrissey,27,183,64,65,475000,53,60,59,61,62,70,,,,,,,,,,,,,,,,,,,,,60,59,61,62,70
S. Caturano,28,185,64,64,475000,69,60,51,60,31,68,,,,,,,,,,,,,,,,,,,,,60,51,60,31,68
J. Bowery,27,185,64,64,475000,78,60,50,64,33,72,,,,,,,,,,,,,,,,,,,,,60,50,64,33,72
J. Tsoumou,28,188,64,64,475000,73,60,55,58,27,78,,,,,,,,,,,,,,,,,,,,,60,55,58,27,78
B. Reeves,27,172,64,64,475000,72,62,62,68,53,63,,,,,,,,,,,,,,,,,,,,,62,62,68,53,63
M. Schwenk,27,178,64,64,475000,68,60,58,67,45,63,,,,,,,,,,,,,,,,,,,,,60,58,67,45,63
M. Pink,28,188,64,64,475000,58,65,49,59,27,72,,,,,,,,,,,,,,,,,,,,,65,49,59,27,72
J. Mason,28,178,64,64,475000,64,63,58,65,37,61,,,,,,,,,,,,,,,,,,,,,63,58,65,37,61
K. Appiah,28,180,64,64,475000,77,61,50,63,35,66,,,,,,,,,,,,,,,,,,,,,61,50,63,35,66
R. Bowman,27,185,64,64,475000,68,61,47,60,31,78,,,,,,,,,,,,,,,,,,,,,61,47,60,31,78
P. Slišković,28,193,64,64,475000,69,62,43,55,33,76,,,,,,,,,,,,,,,,,,,,,62,43,55,33,76
E. Sağlik,27,170,64,64,475000,58,62,67,68,50,56,,,,,,,,,,,,,,,,,,,,,62,67,68,50,56
S. Payne,27,178,64,64,475000,77,61,49,63,27,69,,,,,,,,,,,,,,,,,,,,,61,49,63,27,69
T. Rühle,28,179,64,64,475000,75,59,59,69,31,70,,,,,,,,,,,,,,,,,,,,,59,59,69,31,70
N. Ajose,27,173,64,64,475000,73,64,50,63,30,59,,,,,,,,,,,,,,,,,,,,,64,50,63,30,59
J. Mendes,28,186,64,64,475000,74,63,52,60,35,65,,,,,,,,,,,,,,,,,,,,,63,52,60,35,65
W. Jordán,28,183,64,64,475000,50,63,56,63,34,65,,,,,,,,,,,,,,,,,,,,,63,56,63,34,65
J. Derstroff,27,182,64,64,475000,79,61,56,67,28,57,,,,,,,,,,,,,,,,,,,,,61,56,67,28,57
T. Boyd,28,188,64,64,475000,47,66,43,55,28,72,,,,,,,,,,,,,,,,,,,,,66,43,55,28,72
M. Harrer,27,182,64,64,475000,75,64,55,65,34,60,,,,,,,,,,,,,,,,,,,,,64,55,65,34,60
A. Sarr,28,174,64,64,475000,78,62,46,67,23,44,,,,,,,,,,,,,,,,,,,,,62,46,67,23,44
A. Gnanduillet,27,193,64,64,475000,67,64,44,58,29,80,,,,,,,,,,,,,,,,,,,,,64,44,58,29,80
D. Asprilla,27,180,64,64,475000,70,63,58,68,39,70,,,,,,,,,,,,,,,,,,,,,63,58,68,39,70
F. Saavedra,27,168,64,64,475000,78,60,52,68,24,60,,,,,,,,,,,,,,,,,,,,,60,52,68,24,60
R. Dadashov,27,190,64,64,475000,58,64,48,56,33,72,,,,,,,,,,,,,,,,,,,,,64,48,56,33,72
J. Dossou,27,173,64,64,475000,71,53,57,68,34,58,,,,,,,,,,,,,,,,,,,,,53,57,68,34,58
M. Deville,26,192,64,64,475000,67,62,60,58,33,76,,,,,,,,,,,,,,,,,,,,,62,60,58,33,76
S. Kreyer,28,181,64,64,475000,67,66,44,62,26,60,,,,,,,,,,,,,,,,,,,,,66,44,62,26,60
D. Sosa,27,167,64,64,475000,76,57,58,67,41,48,,,,,,,,,,,,,,,,,,,,,57,58,67,41,48
José Fran,27,178,64,64,475000,75,56,57,65,29,59,,,,,,,,,,,,,,,,,,,,,56,57,65,29,59
K. van Veen,28,185,64,64,475000,50,67,49,61,24,67,,,,,,,,,,,,,,,,,,,,,67,49,61,24,67
Vagnão Junior,27,172,64,64,475000,77,63,63,76,29,44,,,,,,,,,,,,,,,,,,,,,63,63,76,29,44
Y. Díaz,27,178,64,64,475000,84,58,56,64,32,64,,,,,,,,,,,,,,,,,,,,,58,56,64,32,64
C. Tarragona,28,180,64,64,475000,59,66,47,60,29,62,,,,,,,,,,,,,,,,,,,,,66,47,60,29,62
K. Ogawa,26,170,64,64,475000,71,60,60,67,49,62,,,,,,,,,,,,,,,,,,,,,60,60,67,49,62
Claudio Mouria,27,183,64,64,475000,64,68,61,66,31,55,,,,,,,,,,,,,,,,,,,,,68,61,66,31,55
Zhu Jianrong,27,185,64,64,475000,64,59,52,54,37,73,,,,,,,,,,,,,,,,,,,,,59,52,54,37,73
P. Hoffmann,27,186,64,64,475000,91,58,56,61,36,68,,,,,,,,,,,,,,,,,,,,,58,56,61,36,68
J. Castro,27,165,64,64,475000,76,46,60,65,62,53,,,,,,,,,,,,,,,,,,,,,46,60,65,62,53
A. Tertereau,27,182,64,64,475000,62,55,62,62,52,56,,,,,,,,,,,,,,,,,,,,,55,62,62,52,56
O. Bernal,23,174,63,71,475000,64,28,51,59,61,70,,,,,,,,,,,,,,,,,,,,,28,51,59,61,70
B. Sørmo,22,187,63,71,475000,70,44,55,58,60,70,,,,,,,,,,,,,,,,,,,,,44,55,58,60,70
J. Strauß,23,177,63,71,475000,72,52,61,65,55,61,,,,,,,,,,,,,,,,,,,,,52,61,65,55,61
E. Binaku,23,185,63,71,475000,79,41,52,65,57,65,,,,,,,,,,,,,,,,,,,,,41,52,65,57,65
A. Moreno,23,175,63,71,475000,71,35,53,55,60,71,,,,,,,,,,,,,,,,,,,,,35,53,55,60,71
R. Sáez,23,175,63,71,475000,73,36,56,59,62,59,,,,,,,,,,,,,,,,,,,,,36,56,59,62,59
M. Godinho,22,178,63,71,475000,76,28,54,66,60,65,,,,,,,,,,,,,,,,,,,,,28,54,66,60,65
Diego Parras,23,178,63,71,475000,73,27,50,59,60,61,,,,,,,,,,,,,,,,,,,,,27,50,59,60,61
C. Okoroji,22,177,63,71,475000,77,29,55,65,58,57,,,,,,,,,,,,,,,,,,,,,29,55,65,58,57
I. Łasicki,24,184,63,70,475000,50,34,48,48,62,72,,,,,,,,,,,,,,,,,,,,,34,48,48,62,72
D. Carrero,25,183,63,70,475000,50,43,52,58,60,69,,,,,,,,,,,,,,,,,,,,,43,52,58,60,69
R. Al Mousa,24,178,63,70,475000,62,44,58,60,62,65,,,,,,,,,,,,,,,,,,,,,44,58,60,62,65
D. O'Shaughnessy,24,190,63,70,475000,50,32,44,42,62,70,,,,,,,,,,,,,,,,,,,,,32,44,42,62,70
B. Comley,23,180,63,70,475000,70,47,59,60,61,69,,,,,,,,,,,,,,,,,,,,,47,59,60,61,69
J. Aspropotamitis,23,188,63,70,475000,50,23,43,39,61,74,,,,,,,,,,,,,,,,,,,,,23,43,39,61,74
M. Ristl,22,179,63,70,475000,59,44,57,60,62,64,,,,,,,,,,,,,,,,,,,,,44,57,60,62,64
D. Baumgartner,22,187,63,70,475000,68,35,46,40,61,67,,,,,,,,,,,,,,,,,,,,,35,46,40,61,67
R. Hatsuse,21,175,63,70,475000,72,30,48,56,60,63,,,,,,,,,,,,,,,,,,,,,30,48,56,60,63
D. Cleary,23,182,63,70,475000,58,30,39,44,62,68,,,,,,,,,,,,,,,,,,,,,30,39,44,62,68
Liu Yiming,24,190,63,70,475000,54,25,38,37,61,78,,,,,,,,,,,,,,,,,,,,,25,38,37,61,78
T. Hilliard-Arce,23,185,63,70,475000,60,24,36,40,61,69,,,,,,,,,,,,,,,,,,,,,24,36,40,61,69
G. Ondoua,23,185,63,70,475000,62,46,58,56,58,68,,,,,,,,,,,,,,,,,,,,,46,58,56,58,68
D. Pines,21,196,63,70,475000,72,22,37,44,60,74,,,,,,,,,,,,,,,,,,,,,22,37,44,60,74
S. Köhler,22,185,63,70,475000,68,41,59,60,58,58,,,,,,,,,,,,,,,,,,,,,41,59,60,58,58
N. Baggerman,21,175,63,69,475000,65,52,56,60,61,65,,,,,,,,,,,,,,,,,,,,,52,56,60,61,65
B. Morris,23,182,63,68,475000,69,51,57,63,61,70,,,,,,,,,,,,,,,,,,,,,51,57,63,61,70
H. Boateng,23,183,63,68,475000,69,50,60,65,60,74,,,,,,,,,,,,,,,,,,,,,50,60,65,60,74
T. Gomelt,24,185,63,68,475000,69,63,63,67,46,57,,,,,,,,,,,,,,,,,,,,,63,63,67,46,57
P. Olsen,25,175,63,68,475000,62,43,63,63,45,65,,,,,,,,,,,,,,,,,,,,,43,63,63,45,65
D. Mazzocco,23,186,63,68,475000,66,53,63,62,57,65,,,,,,,,,,,,,,,,,,,,,53,63,62,57,65
S. D'Almeida,23,178,63,68,475000,77,53,56,64,61,80,,,,,,,,,,,,,,,,,,,,,53,56,64,61,80
A. Jakobsen,25,180,63,68,475000,73,59,62,75,44,62,,,,,,,,,,,,,,,,,,,,,59,62,75,44,62
F. Krogstad,24,181,63,68,475000,65,54,63,62,54,68,,,,,,,,,,,,,,,,,,,,,54,63,62,54,68
S. Murray,25,176,63,67,475000,67,60,64,64,47,61,,,,,,,,,,,,,,,,,,,,,60,64,64,47,61
M. Ovenstad,25,182,63,67,475000,71,59,62,62,53,66,,,,,,,,,,,,,,,,,,,,,59,62,62,53,66
A. Kuen,24,175,63,67,475000,66,56,62,67,37,53,,,,,,,,,,,,,,,,,,,,,56,62,67,37,53
K. Junker,25,186,63,67,475000,79,59,46,64,25,64,,,,,,,,,,,,,,,,,,,,,59,46,64,25,64
D. Whitehead,25,179,63,67,475000,72,58,60,64,53,61,,,,,,,,,,,,,,,,,,,,,58,60,64,53,61
T. Conlon,23,173,63,67,475000,63,50,62,65,56,66,,,,,,,,,,,,,,,,,,,,,50,62,65,56,66
F. Fumu Tamuzo,24,180,63,67,475000,91,59,49,68,32,57,,,,,,,,,,,,,,,,,,,,,59,49,68,32,57
M. Burgess,24,185,63,67,475000,78,56,57,64,39,66,,,,,,,,,,,,,,,,,,,,,56,57,64,39,66
M. Rasner,24,177,63,67,475000,63,60,57,66,59,61,,,,,,,,,,,,,,,,,,,,,60,57,66,59,61
Lee Dong Su,25,185,63,67,475000,57,45,56,61,60,67,,,,,,,,,,,,,,,,,,,,,45,56,61,60,67
S. Yajima,25,171,63,67,475000,69,56,64,64,42,64,,,,,,,,,,,,,,,,,,,,,56,64,64,42,64
R. Sawakami,25,181,63,67,475000,70,62,49,55,27,73,,,,,,,,,,,,,,,,,,,,,62,49,55,27,73
J. Schneider,25,178,63,67,475000,83,62,45,66,24,64,,,,,,,,,,,,,,,,,,,,,62,45,66,24,64
K. Yuruki,23,183,63,67,475000,84,47,54,64,22,55,,,,,,,,,,,,,,,,,,,,,47,54,64,22,55
M. Hvilsom,26,185,63,66,475000,67,60,51,57,39,74,,,,,,,,,,,,,,,,,,,,,60,51,57,39,74
M. Söderqvist,26,176,63,66,475000,84,60,52,67,30,56,,,,,,,,,,,,,,,,,,,,,60,52,67,30,56
S. McCartan,25,178,63,66,475000,88,59,59,66,32,62,,,,,,,,,,,,,,,,,,,,,59,59,66,32,62
G. Wegkamp,26,193,63,66,475000,57,61,52,56,35,74,,,,,,,,,,,,,,,,,,,,,61,52,56,35,74
C. Pain,25,175,63,66,475000,87,64,50,66,40,66,,,,,,,,,,,,,,,,,,,,,64,50,66,40,66
C. Țîră,25,190,63,66,475000,64,60,47,61,25,60,,,,,,,,,,,,,,,,,,,,,60,47,61,25,60
R. Gyasi,24,181,63,66,475000,81,60,52,67,33,59,,,,,,,,,,,,,,,,,,,,,60,52,67,33,59
A. Gero,25,189,63,66,475000,67,57,47,58,27,85,,,,,,,,,,,,,,,,,,,,,57,47,58,27,85
G. Luperini,25,186,63,66,475000,73,55,59,65,56,66,,,,,,,,,,,,,,,,,,,,,55,59,65,56,66
H. Ishige,24,170,63,66,475000,65,54,59,67,45,61,,,,,,,,,,,,,,,,,,,,,54,59,67,45,61
Y. Yakovenko,25,192,63,66,475000,59,60,45,57,30,73,,,,,,,,,,,,,,,,,,,,,60,45,57,30,73
D. Segbé Azankpo,26,180,63,66,475000,76,59,44,57,26,72,,,,,,,,,,,,,,,,,,,,,59,44,57,26,72
Y. Sugawara,19,179,62,74,475000,67,36,50,61,58,65,,,,,,,,,,,,,,,,,,,,,36,50,61,58,65
M. López,19,175,62,74,475000,72,43,58,62,59,59,,,,,,,,,,,,,,,,,,,,,43,58,62,59,59
C. Humphreys-Grant,20,185,62,73,475000,62,32,48,50,60,65,,,,,,,,,,,,,,,,,,,,,32,48,50,60,65
M. Egbo,21,180,62,73,475000,73,40,57,64,55,66,,,,,,,,,,,,,,,,,,,,,40,57,64,55,66
F. Sierralta,22,190,62,73,475000,54,30,46,51,66,71,,,,,,,,,,,,,,,,,,,,,30,46,51,66,71
G. Edmundson,21,190,62,73,475000,55,26,37,40,63,70,,,,,,,,,,,,,,,,,,,,,26,37,40,63,70
B. Haunstrup,22,172,62,73,475000,75,27,54,62,58,62,,,,,,,,,,,,,,,,,,,,,27,54,62,58,62
M. Al Mufarrij,22,181,62,73,475000,56,26,38,43,63,62,,,,,,,,,,,,,,,,,,,,,26,38,43,63,62
D. Leahy,21,185,62,73,475000,63,50,56,58,61,64,,,,,,,,,,,,,,,,,,,,,50,56,58,61,64
L. Germoni,21,175,62,73,475000,65,34,52,55,60,65,,,,,,,,,,,,,,,,,,,,,34,52,55,60,65
M. Mangraviti,21,188,62,73,475000,72,50,55,57,61,61,,,,,,,,,,,,,,,,,,,,,50,55,57,61,61
F. Baak,20,191,62,73,475000,52,33,42,44,59,67,,,,,,,,,,,,,,,,,,,,,33,42,44,59,67
M. Olosunde,21,186,62,73,475000,76,39,50,62,60,61,,,,,,,,,,,,,,,,,,,,,39,50,62,60,61
R. Schlegel,22,185,62,73,475000,55,32,33,36,63,73,,,,,,,,,,,,,,,,,,,,,32,33,36,63,73
J. Vollert,21,186,62,73,475000,56,41,55,57,59,68,,,,,,,,,,,,,,,,,,,,,41,55,57,59,68
A. Khammas,20,176,62,73,475000,77,33,60,67,56,49,,,,,,,,,,,,,,,,,,,,,33,60,67,56,49
B. Williams,20,178,62,73,475000,72,42,55,62,59,63,,,,,,,,,,,,,,,,,,,,,42,55,62,59,63
N. Díaz,20,178,62,73,475000,66,25,48,59,60,68,,,,,,,,,,,,,,,,,,,,,25,48,59,60,68
L. Dietz,22,190,62,73,475000,52,37,53,56,62,65,,,,,,,,,,,,,,,,,,,,,37,53,56,62,65
T. Isherwood,21,195,62,73,475000,64,33,44,42,57,81,,,,,,,,,,,,,,,,,,,,,33,44,42,57,81
Pablo,21,180,62,73,475000,71,34,55,54,58,57,,,,,,,,,,,,,,,,,,,,,34,55,54,58,57
J. Carls,22,179,62,73,475000,61,43,57,61,59,57,,,,,,,,,,,,,,,,,,,,,43,57,61,59,57
J. Rossiter,22,178,62,72,475000,61,48,56,62,64,70,,,,,,,,,,,,,,,,,,,,,48,56,62,64,70
A. Phillips,21,180,62,72,475000,64,55,61,65,42,55,,,,,,,,,,,,,,,,,,,,,55,61,65,42,55
A. Sissako,21,186,62,72,475000,71,53,58,64,61,72,,,,,,,,,,,,,,,,,,,,,53,58,64,61,72
C. Owens,21,185,62,72,475000,64,52,61,63,52,61,,,,,,,,,,,,,,,,,,,,,52,61,63,52,61
Y. Goke,20,183,62,72,475000,67,53,61,64,47,66,,,,,,,,,,,,,,,,,,,,,53,61,64,47,66
M. Camara,21,178,62,72,475000,64,53,63,66,46,58,,,,,,,,,,,,,,,,,,,,,53,63,66,46,58
T. Pobega,19,188,62,72,475000,67,53,57,61,63,65,,,,,,,,,,,,,,,,,,,,,53,57,61,63,65
H. Gulden,23,179,62,71,475000,69,52,61,65,38,43,,,,,,,,,,,,,,,,,,,,,52,61,65,38,43
F. Ahumada,23,180,62,71,475000,70,59,55,64,30,62,,,,,,,,,,,,,,,,,,,,,59,55,64,30,62
D. Herazo,23,180,62,71,475000,77,59,53,64,29,65,,,,,,,,,,,,,,,,,,,,,59,53,64,29,65
G. Miller,20,178,62,71,475000,75,61,43,61,31,63,,,,,,,,,,,,,,,,,,,,,61,43,61,31,63
U. Sale,23,179,62,71,475000,86,56,55,63,48,71,,,,,,,,,,,,,,,,,,,,,56,55,63,48,71
J. Möbius,22,179,62,71,475000,69,57,56,67,29,52,,,,,,,,,,,,,,,,,,,,,57,56,67,29,52
R. Meshino,21,171,62,71,475000,59,63,53,68,21,55,,,,,,,,,,,,,,,,,,,,,63,53,68,21,55
M. Raguž,21,186,62,71,475000,65,59,45,57,21,62,,,,,,,,,,,,,,,,,,,,,59,45,57,21,62
F. Mussa,23,170,62,71,475000,84,55,53,65,43,61,,,,,,,,,,,,,,,,,,,,,55,53,65,43,61
E. Calvillo,21,170,62,71,475000,63,56,60,63,58,56,,,,,,,,,,,,,,,,,,,,,56,60,63,58,56
A. Roldan,22,178,62,71,475000,65,55,59,63,53,61,,,,,,,,,,,,,,,,,,,,,55,59,63,53,61
B. Källman,20,182,62,71,475000,79,57,47,61,20,62,,,,,,,,,,,,,,,,,,,,,57,47,61,20,62
M. Gueye,21,186,62,71,475000,51,64,47,55,29,60,,,,,,,,,,,,,,,,,,,,,64,47,55,29,60
Rubén Enri,21,180,62,71,475000,58,64,50,57,23,57,,,,,,,,,,,,,,,,,,,,,64,50,57,23,57
Iván,22,182,62,71,475000,70,53,60,61,29,57,,,,,,,,,,,,,,,,,,,,,53,60,61,29,57
Y. Iwasaki,21,172,62,71,475000,88,48,55,65,32,53,,,,,,,,,,,,,,,,,,,,,48,55,65,32,53
M. Sykes,21,182,62,71,475000,66,53,59,64,58,58,,,,,,,,,,,,,,,,,,,,,53,59,64,58,58
J. Larsson,20,178,62,71,475000,75,55,52,65,38,65,,,,,,,,,,,,,,,,,,,,,55,52,65,38,65
B. Tutu,21,193,62,71,475000,75,59,44,55,24,60,,,,,,,,,,,,,,,,,,,,,59,44,55,24,60
C. Halper,21,179,62,71,475000,68,56,55,65,41,51,,,,,,,,,,,,,,,,,,,,,56,55,65,41,51
A. Schmidt,21,193,62,71,475000,53,63,40,55,27,66,,,,,,,,,,,,,,,,,,,,,63,40,55,27,66
Javi Gómez,20,174,62,71,475000,76,57,57,66,28,44,,,,,,,,,,,,,,,,,,,,,57,57,66,28,44
M. Marin,20,180,62,71,475000,70,53,62,64,58,62,,,,,,,,,,,,,,,,,,,,,53,62,64,58,62
F. Maistro,21,178,62,71,475000,65,49,62,61,50,54,,,,,,,,,,,,,,,,,,,,,49,62,61,50,54
Y. Annor,21,179,62,71,475000,88,56,50,64,20,51,,,,,,,,,,,,,,,,,,,,,56,50,64,20,51
F. Tolomello,17,177,61,80,475000,76,55,60,63,61,59,,,,,,,,,,,,,,,,,,,,,55,60,63,61,59
A. Aidonis,18,181,61,79,475000,66,31,38,44,61,63,,,,,,,,,,,,,,,,,,,,,31,38,44,61,63
W. Singo,18,194,61,78,475000,61,31,40,42,63,59,,,,,,,,,,,,,,,,,,,,,31,40,42,63,59
O. Kossounou,18,190,61,77,475000,64,28,50,54,59,67,,,,,,,,,,,,,,,,,,,,,28,50,54,59,67
K. Ramsay,18,179,61,76,475000,70,33,44,60,58,63,,,,,,,,,,,,,,,,,,,,,33,44,60,58,63
Carreira,18,170,61,76,475000,63,26,46,54,60,49,,,,,,,,,,,,,,,,,,,,,26,46,54,60,49
T. Svendsen,19,172,61,74,475000,75,42,59,70,54,61,,,,,,,,,,,,,,,,,,,,,42,59,70,54,61
N. Holland,21,178,61,74,475000,78,51,54,66,26,45,,,,,,,,,,,,,,,,,,,,,51,54,66,26,45
Chen Binbin,21,177,61,74,475000,77,55,54,62,24,61,,,,,,,,,,,,,,,,,,,,,55,54,62,24,61
N. Strunck,19,185,61,74,475000,71,50,56,64,54,62,,,,,,,,,,,,,,,,,,,,,50,56,64,54,62
N. Fröling,19,180,61,74,475000,72,62,51,62,34,71,,,,,,,,,,,,,,,,,,,,,62,51,62,34,71
F. Kaya,19,183,61,74,475000,67,59,40,63,24,55,,,,,,,,,,,,,,,,,,,,,59,40,63,24,55
A. Ciss,19,186,61,74,475000,74,50,58,63,53,65,,,,,,,,,,,,,,,,,,,,,50,58,63,53,65
M. Sopoćko,20,175,61,74,475000,68,49,60,61,44,55,,,,,,,,,,,,,,,,,,,,,49,60,61,44,55
J. Vargas,19,166,61,74,475000,65,61,47,65,20,41,,,,,,,,,,,,,,,,,,,,,61,47,65,20,41
A. Lebeau,19,175,61,74,475000,73,53,62,62,47,49,,,,,,,,,,,,,,,,,,,,,53,62,62,47,49
R. Moldoveanu,20,177,61,74,475000,72,55,55,61,17,52,,,,,,,,,,,,,,,,,,,,,55,55,61,17,52
M. Gueddar,20,176,61,74,475000,76,56,53,69,18,45,,,,,,,,,,,,,,,,,,,,,56,53,69,18,45
M. Bird,18,183,60,82,475000,68,46,59,56,47,47,,,,,,,,,,,,,,,,,,,,,46,59,56,47,47
C. Burke,35,175,69,69,450000,72,65,64,71,39,65,,,,,,,,,,,,,,,,,,,,,65,64,71,39,65
Paulo Daineiro,35,168,69,69,450000,85,56,63,74,33,56,,,,,,,,,,,,,,,,,,,,,56,63,74,33,56
A. Reyna,34,169,68,68,450000,62,65,67,70,38,59,,,,,,,,,,,,,,,,,,,,,65,67,70,38,59
M. Pérez,34,165,68,68,450000,73,58,69,73,44,60,,,,,,,,,,,,,,,,,,,,,58,69,73,44,60
J. Gjasula,33,189,67,67,450000,54,65,69,67,53,69,,,,,,,,,,,,,,,,,,,,,65,69,67,53,69
E. Friberg,33,179,67,67,450000,44,57,70,62,55,70,,,,,,,,,,,,,,,,,,,,,57,70,62,55,70
Romário,33,173,67,67,450000,69,67,65,74,44,48,,,,,,,,,,,,,,,,,,,,,67,65,74,44,48
S. Gleeson,30,178,65,65,450000,63,64,65,62,60,71,,,,,,,,,,,,,,,,,,,,,64,65,62,60,71
Y. Amankwah,30,194,65,65,450000,42,32,31,39,64,80,,,,,,,,,,,,,,,,,,,,,32,31,39,64,80
L. Gerson,29,187,65,65,450000,55,52,66,62,59,76,,,,,,,,,,,,,,,,,,,,,52,66,62,59,76
C. Gutiérrez,29,166,65,65,450000,76,53,61,68,60,62,,,,,,,,,,,,,,,,,,,,,53,61,68,60,62
M. Pedersen,29,184,65,65,450000,64,36,53,51,60,81,,,,,,,,,,,,,,,,,,,,,36,53,51,60,81
L. Pérez,30,175,65,65,450000,71,53,61,63,63,64,,,,,,,,,,,,,,,,,,,,,53,61,63,63,64
J. Mills,29,175,65,65,450000,75,49,61,64,60,71,,,,,,,,,,,,,,,,,,,,,49,61,64,60,71
R. McGowan,29,191,65,65,450000,67,48,56,58,62,76,,,,,,,,,,,,,,,,,,,,,48,56,58,62,76
Y. Pehlivan,30,184,65,65,450000,70,58,57,63,59,70,,,,,,,,,,,,,,,,,,,,,58,57,63,59,70
A. Matuszczyk,30,183,65,65,450000,62,62,63,65,63,64,,,,,,,,,,,,,,,,,,,,,62,63,65,63,64
M. Fayez,29,177,65,65,450000,74,33,56,60,63,70,,,,,,,,,,,,,,,,,,,,,33,56,60,63,70
Yang Jun A,30,188,65,65,450000,51,56,56,59,62,75,,,,,,,,,,,,,,,,,,,,,56,56,59,62,75
D. Escalante,29,179,65,65,450000,63,49,60,57,61,71,,,,,,,,,,,,,,,,,,,,,49,60,57,61,71
Lee Woong Hee,30,182,65,65,450000,72,29,52,58,63,73,,,,,,,,,,,,,,,,,,,,,29,52,58,63,73
D. Drescher,29,190,65,65,450000,34,23,40,40,64,70,,,,,,,,,,,,,,,,,,,,,23,40,40,64,70
L. Droppa,30,183,65,65,450000,61,49,60,55,61,73,,,,,,,,,,,,,,,,,,,,,49,60,55,61,73
Adrià Gallego,29,184,65,65,450000,77,39,54,53,61,72,,,,,,,,,,,,,,,,,,,,,39,54,53,61,72
K. Moleko,29,181,65,65,450000,77,49,60,66,63,57,,,,,,,,,,,,,,,,,,,,,49,60,66,63,57
I. Al Zubaidi,29,172,65,65,450000,74,33,56,64,59,67,,,,,,,,,,,,,,,,,,,,,33,56,64,59,67
Kim Nam Chun,30,184,65,65,450000,42,23,50,36,63,74,,,,,,,,,,,,,,,,,,,,,23,50,36,63,74
F. Castillo,29,174,65,65,450000,68,37,54,61,63,62,,,,,,,,,,,,,,,,,,,,,37,54,61,63,62
L. Paz,30,175,65,65,450000,65,54,59,60,63,62,,,,,,,,,,,,,,,,,,,,,54,59,60,63,62
G. Mencia,30,179,65,65,450000,60,30,56,57,64,67,,,,,,,,,,,,,,,,,,,,,30,56,57,64,67
J. Zwischenbrugger,29,187,65,65,450000,62,46,55,55,64,69,,,,,,,,,,,,,,,,,,,,,46,55,55,64,69
M. Mbamba,30,176,65,65,450000,72,60,59,67,59,71,,,,,,,,,,,,,,,,,,,,,60,59,67,59,71
L. Saldaña,29,170,65,65,450000,83,48,58,62,60,56,,,,,,,,,,,,,,,,,,,,,48,58,62,60,56
J. García,30,186,65,65,450000,44,24,38,36,62,72,,,,,,,,,,,,,,,,,,,,,24,38,36,62,72
J. Clarke,29,183,65,65,450000,65,44,52,55,63,74,,,,,,,,,,,,,,,,,,,,,44,52,55,63,74
Oh Jae Suk,29,178,65,65,450000,55,34,46,56,67,68,,,,,,,,,,,,,,,,,,,,,34,46,56,67,68
A. Hinestroza,30,180,65,65,450000,58,33,58,51,61,78,,,,,,,,,,,,,,,,,,,,,33,58,51,61,78
R. Janssen,29,179,65,65,450000,55,40,59,61,64,66,,,,,,,,,,,,,,,,,,,,,40,59,61,64,66
F. Torres,30,180,65,65,450000,55,27,49,43,64,72,,,,,,,,,,,,,,,,,,,,,27,49,43,64,72
L. Klimavicius,30,191,65,65,450000,43,23,29,32,65,78,,,,,,,,,,,,,,,,,,,,,23,29,32,65,78
A. Sy,30,191,65,65,450000,55,28,40,39,66,69,,,,,,,,,,,,,,,,,,,,,28,40,39,66,69
D. Achucarro,28,178,64,66,450000,63,36,50,56,62,70,,,,,,,,,,,,,,,,,,,,,36,50,56,62,70
A. Zamora,27,179,64,65,450000,58,44,51,58,63,62,,,,,,,,,,,,,,,,,,,,,44,51,58,63,62
T. Björkström,28,180,64,65,450000,67,37,53,54,63,71,,,,,,,,,,,,,,,,,,,,,37,53,54,63,71
N. Cameron,27,188,64,65,450000,63,35,46,38,63,71,,,,,,,,,,,,,,,,,,,,,35,46,38,63,71
J. Kamber,27,171,64,65,450000,77,52,55,62,56,71,,,,,,,,,,,,,,,,,,,,,52,55,62,56,71
R. Bennett,27,191,64,65,450000,73,39,53,55,62,74,,,,,,,,,,,,,,,,,,,,,39,53,55,62,74
R. Bouhenna,28,191,64,65,450000,59,24,40,39,64,66,,,,,,,,,,,,,,,,,,,,,24,40,39,64,66
J. Tveita,27,184,64,65,450000,69,56,56,60,63,69,,,,,,,,,,,,,,,,,,,,,56,56,60,63,69
L. Zuta,26,180,64,65,450000,78,48,59,61,59,66,,,,,,,,,,,,,,,,,,,,,48,59,61,59,66
S. Grether,27,179,64,65,450000,64,51,60,61,63,66,,,,,,,,,,,,,,,,,,,,,51,60,61,63,66
D. Dziwniel,26,178,64,65,450000,71,44,58,65,60,65,,,,,,,,,,,,,,,,,,,,,44,58,65,60,65
B. Moe,27,185,64,65,450000,69,43,42,49,63,72,,,,,,,,,,,,,,,,,,,,,43,42,49,63,72
M. Rosales,27,174,64,65,450000,64,35,56,60,60,66,,,,,,,,,,,,,,,,,,,,,35,56,60,60,66
Jon García,28,177,64,65,450000,61,35,49,52,64,58,,,,,,,,,,,,,,,,,,,,,35,49,52,64,58
S. Rouiller,28,183,64,65,450000,57,25,40,47,63,74,,,,,,,,,,,,,,,,,,,,,25,40,47,63,74
Han Hee Hoon,28,183,64,65,450000,63,23,35,36,64,72,,,,,,,,,,,,,,,,,,,,,23,35,36,64,72
R. Shinzato,28,184,64,65,450000,64,35,48,46,63,68,,,,,,,,,,,,,,,,,,,,,35,48,46,63,68
Y. Misao,28,175,64,65,450000,71,42,62,60,61,69,,,,,,,,,,,,,,,,,,,,,42,62,60,61,69
K. Larson,27,176,64,65,450000,69,34,54,60,59,72,,,,,,,,,,,,,,,,,,,,,34,54,60,59,72
J. Pirinen,27,184,64,65,450000,78,38,51,63,63,67,,,,,,,,,,,,,,,,,,,,,38,51,63,63,67
A. Peteleu,26,182,64,65,450000,76,43,56,62,59,68,,,,,,,,,,,,,,,,,,,,,43,56,62,59,68
Y. Andia,26,175,64,65,450000,65,55,61,66,59,67,,,,,,,,,,,,,,,,,,,,,55,61,66,59,67
J. Matuwila,27,186,64,65,450000,78,23,35,46,60,80,,,,,,,,,,,,,,,,,,,,,23,35,46,60,80
H. Amin,27,174,64,65,450000,79,40,56,66,57,57,,,,,,,,,,,,,,,,,,,,,40,56,66,57,57
Y. Hoshi,26,170,64,65,450000,78,55,54,65,55,68,,,,,,,,,,,,,,,,,,,,,55,54,65,55,68
A. Ibayashi,28,179,64,65,450000,58,29,50,41,66,63,,,,,,,,,,,,,,,,,,,,,29,50,41,66,63
K. Hattori,28,188,64,65,450000,46,40,37,34,64,75,,,,,,,,,,,,,,,,,,,,,40,37,34,64,75
Maguinho,27,173,64,65,450000,86,51,52,66,57,64,,,,,,,,,,,,,,,,,,,,,51,52,66,57,64
B. Sekulić,27,187,64,65,450000,68,31,55,61,63,66,,,,,,,,,,,,,,,,,,,,,31,55,61,63,66
H. Singh,28,180,64,64,450000,52,61,65,64,54,65,,,,,,,,,,,,,,,,,,,,,61,65,64,54,65
K. Sheppard,28,181,64,64,450000,85,58,58,62,29,73,,,,,,,,,,,,,,,,,,,,,58,58,62,29,73
C. Kröpfl,29,170,64,64,450000,81,54,58,70,29,49,,,,,,,,,,,,,,,,,,,,,54,58,70,29,49
S. Wagstaff,29,178,64,64,450000,75,54,58,65,55,63,,,,,,,,,,,,,,,,,,,,,54,58,65,55,63
T. Obadeyi,29,182,64,64,450000,84,60,55,64,34,67,,,,,,,,,,,,,,,,,,,,,60,55,64,34,67
D. Hofbauer,28,181,64,64,450000,63,61,64,68,55,69,,,,,,,,,,,,,,,,,,,,,61,64,68,55,69
D. Powell,28,187,64,64,450000,89,61,54,64,28,64,,,,,,,,,,,,,,,,,,,,,61,54,64,28,64
Y. Kasim,28,181,64,64,450000,59,51,64,65,57,68,,,,,,,,,,,,,,,,,,,,,51,64,65,57,68
J. Edwards,28,173,64,64,450000,74,58,60,66,62,75,,,,,,,,,,,,,,,,,,,,,58,60,66,62,75
M. Aratore,28,177,64,64,450000,69,58,61,66,46,59,,,,,,,,,,,,,,,,,,,,,58,61,66,46,59
G. Wylde,28,175,64,64,450000,87,52,61,67,43,64,,,,,,,,,,,,,,,,,,,,,52,61,67,43,64
L. Tankulic,28,183,64,64,450000,70,60,53,66,31,66,,,,,,,,,,,,,,,,,,,,,60,53,66,31,66
P. Cowan-Hall,28,173,64,64,450000,86,59,56,66,35,59,,,,,,,,,,,,,,,,,,,,,59,56,66,35,59
J. Nilsen,28,177,64,64,450000,66,59,63,65,61,69,,,,,,,,,,,,,,,,,,,,,59,63,65,61,69
K. Ward,28,168,64,64,450000,72,60,63,65,48,54,,,,,,,,,,,,,,,,,,,,,60,63,65,48,54
F. Julienne,28,171,64,64,450000,75,63,57,66,32,49,,,,,,,,,,,,,,,,,,,,,63,57,66,32,49
D. Boysen,28,179,64,64,450000,78,59,57,66,39,67,,,,,,,,,,,,,,,,,,,,,59,57,66,39,67
J. Chianese,29,176,64,64,450000,76,59,58,63,36,58,,,,,,,,,,,,,,,,,,,,,59,58,63,36,58
G. Korte,28,175,64,64,450000,74,62,59,67,29,54,,,,,,,,,,,,,,,,,,,,,62,59,67,29,54
R. Korte,28,175,64,64,450000,82,55,60,67,38,52,,,,,,,,,,,,,,,,,,,,,55,60,67,38,52
Hwang Soon Min,28,178,64,64,450000,70,59,62,63,54,62,,,,,,,,,,,,,,,,,,,,,59,62,63,54,62
S. Rakowitz,29,172,64,64,450000,83,60,57,72,31,44,,,,,,,,,,,,,,,,,,,,,60,57,72,31,44
A. Al Zaqan,28,178,64,64,450000,82,63,56,67,19,60,,,,,,,,,,,,,,,,,,,,,63,56,67,19,60
D. Wheeler,28,180,64,64,450000,81,61,52,66,31,73,,,,,,,,,,,,,,,,,,,,,61,52,66,31,73
L. Mancinelli,29,168,64,64,450000,69,61,63,65,66,61,,,,,,,,,,,,,,,,,,,,,61,63,65,66,61
T. McNamara,28,175,64,64,450000,54,67,65,67,38,65,,,,,,,,,,,,,,,,,,,,,67,65,67,38,65
M. Diakota,28,181,64,64,450000,73,56,57,66,60,74,,,,,,,,,,,,,,,,,,,,,56,57,66,60,74
N. Bandiera,29,172,64,64,450000,74,61,52,67,22,43,,,,,,,,,,,,,,,,,,,,,61,52,67,22,43
A. Melgalvis,29,178,64,64,450000,71,63,61,62,61,67,,,,,,,,,,,,,,,,,,,,,63,61,62,61,67
Lucas Sotero,28,178,64,64,450000,69,52,65,65,37,52,,,,,,,,,,,,,,,,,,,,,52,65,65,37,52
R. Iio,28,174,64,64,450000,74,57,59,65,45,59,,,,,,,,,,,,,,,,,,,,,57,59,65,45,59
K. Kotegawa,29,173,64,64,450000,65,58,64,63,39,58,,,,,,,,,,,,,,,,,,,,,58,64,63,39,58
F. Arismendi,28,175,64,64,450000,65,55,63,65,47,60,,,,,,,,,,,,,,,,,,,,,55,63,65,47,60
P. Bueno,29,181,64,64,450000,69,64,38,64,19,51,,,,,,,,,,,,,,,,,,,,,64,38,64,19,51
A. Ben Mohamed,24,176,63,70,450000,85,54,55,62,58,69,,,,,,,,,,,,,,,,,,,,,54,55,62,58,69
A. McGowan,22,180,63,70,450000,69,32,51,61,61,66,,,,,,,,,,,,,,,,,,,,,32,51,61,61,66
L. Grimshaw,24,180,63,70,450000,62,43,58,58,62,75,,,,,,,,,,,,,,,,,,,,,43,58,58,62,75
Montoro,24,182,63,70,450000,63,32,50,49,63,66,,,,,,,,,,,,,,,,,,,,,32,50,49,63,66
J. Moe,23,185,63,70,450000,69,33,56,59,61,62,,,,,,,,,,,,,,,,,,,,,33,56,59,61,62
J. Marulanda,23,178,63,70,450000,73,34,52,58,61,61,,,,,,,,,,,,,,,,,,,,,34,52,58,61,61
Endika,22,177,63,70,450000,69,36,50,56,59,70,,,,,,,,,,,,,,,,,,,,,36,50,56,59,70
Dani Fernández,22,178,63,70,450000,55,34,53,61,63,59,,,,,,,,,,,,,,,,,,,,,34,53,61,63,59
G. Gallifuoco,25,187,63,69,450000,69,45,60,58,59,73,,,,,,,,,,,,,,,,,,,,,45,60,58,59,73
M. Al Olayan,24,170,63,69,450000,69,46,59,63,60,68,,,,,,,,,,,,,,,,,,,,,46,59,63,60,68
J. Blåbjerg,24,180,63,69,450000,69,40,50,60,63,65,,,,,,,,,,,,,,,,,,,,,40,50,60,63,65
R. Haynes,23,184,63,69,450000,77,52,59,63,59,61,,,,,,,,,,,,,,,,,,,,,52,59,63,59,61
C. Burgess,23,194,63,69,450000,45,28,41,40,62,71,,,,,,,,,,,,,,,,,,,,,28,41,40,62,71
A. Sharahili,25,185,63,69,450000,66,29,42,57,60,71,,,,,,,,,,,,,,,,,,,,,29,42,57,60,71
D. Granli,25,188,63,69,450000,64,48,57,58,62,68,,,,,,,,,,,,,,,,,,,,,48,57,58,62,68
D. Slamar,24,187,63,69,450000,52,25,41,44,61,68,,,,,,,,,,,,,,,,,,,,,25,41,44,61,68
K. Burger,24,189,63,69,450000,59,27,52,54,64,70,,,,,,,,,,,,,,,,,,,,,27,52,54,64,70
J. Brinch,24,185,63,69,450000,72,28,50,51,64,69,,,,,,,,,,,,,,,,,,,,,28,50,51,64,69
A. Iacovitti,21,185,63,69,450000,69,34,49,52,60,73,,,,,,,,,,,,,,,,,,,,,34,49,52,60,73
J. Augustinsson,23,185,63,69,450000,76,36,59,59,56,68,,,,,,,,,,,,,,,,,,,,,36,59,59,56,68
I. Sapała,23,187,63,69,450000,61,37,56,58,56,74,,,,,,,,,,,,,,,,,,,,,37,56,58,56,74
M. Marcjanik,24,186,63,69,450000,57,42,46,53,63,66,,,,,,,,,,,,,,,,,,,,,42,46,53,63,66
I. Vujica,22,180,63,69,450000,72,33,53,64,61,66,,,,,,,,,,,,,,,,,,,,,33,53,64,61,66
D. Rasak,23,184,63,69,450000,66,45,56,61,61,69,,,,,,,,,,,,,,,,,,,,,45,56,61,61,69
F. Olivera,24,185,63,69,450000,79,47,54,51,60,72,,,,,,,,,,,,,,,,,,,,,47,54,51,60,72
H. Löfkvist,24,186,63,69,450000,65,34,53,58,60,68,,,,,,,,,,,,,,,,,,,,,34,53,58,60,68
Li Shuai,24,180,63,69,450000,71,27,44,54,60,66,,,,,,,,,,,,,,,,,,,,,27,44,54,60,66
A. Kadlec,23,177,63,69,450000,72,36,52,58,59,63,,,,,,,,,,,,,,,,,,,,,36,52,58,59,63
Lapeña,23,183,63,69,450000,67,35,54,67,59,59,,,,,,,,,,,,,,,,,,,,,35,54,67,59,59
J. Hammar,25,197,63,68,450000,33,34,46,38,60,73,,,,,,,,,,,,,,,,,,,,,34,46,38,60,73
B. Heneghan,25,191,63,68,450000,44,24,40,41,60,68,,,,,,,,,,,,,,,,,,,,,24,40,41,60,68
N. Brandenburger,24,184,63,68,450000,66,43,53,55,63,76,,,,,,,,,,,,,,,,,,,,,43,53,55,63,76
F. Michel,24,189,63,68,450000,58,49,57,60,60,72,,,,,,,,,,,,,,,,,,,,,49,57,60,60,72
A. Madu,25,186,63,68,450000,40,26,41,36,61,75,,,,,,,,,,,,,,,,,,,,,26,41,36,61,75
H. Lennon,24,190,63,68,450000,66,26,36,46,63,69,,,,,,,,,,,,,,,,,,,,,26,36,46,63,69
C. Zock,25,190,63,68,450000,70,58,62,60,60,74,,,,,,,,,,,,,,,,,,,,,58,62,60,60,74
A. Hazazi,25,183,63,68,450000,65,44,58,63,60,67,,,,,,,,,,,,,,,,,,,,,44,58,63,60,67
C. Maghoma,21,195,63,68,450000,50,32,41,36,62,75,,,,,,,,,,,,,,,,,,,,,32,41,36,62,75
Olaortua,25,182,63,68,450000,63,31,40,41,64,62,,,,,,,,,,,,,,,,,,,,,31,40,41,64,62
K. Yoshino,24,182,63,68,450000,66,23,39,35,62,71,,,,,,,,,,,,,,,,,,,,,23,39,35,62,71
A. Odabas,25,187,63,68,450000,70,24,42,40,61,67,,,,,,,,,,,,,,,,,,,,,24,42,40,61,67
M. Grösch,25,188,63,68,450000,58,23,39,36,63,73,,,,,,,,,,,,,,,,,,,,,23,39,36,63,73
A. Razak,26,184,63,66,450000,73,49,63,63,56,65,,,,,,,,,,,,,,,,,,,,,49,63,63,56,65
C. Forrester,26,180,63,66,450000,66,54,61,63,58,64,,,,,,,,,,,,,,,,,,,,,54,61,63,58,64
M. Maouche,26,180,63,66,450000,68,54,64,64,53,68,,,,,,,,,,,,,,,,,,,,,54,64,64,53,68
R. Maeda,25,172,63,66,450000,68,44,56,62,55,67,,,,,,,,,,,,,,,,,,,,,44,56,62,55,67
A. Okosun,25,197,63,66,450000,54,54,58,61,57,81,,,,,,,,,,,,,,,,,,,,,54,58,61,57,81
D. Barreto,26,180,63,66,450000,71,57,63,63,42,63,,,,,,,,,,,,,,,,,,,,,57,63,63,42,63
V. Bezecourt,26,170,63,66,450000,66,58,64,65,51,61,,,,,,,,,,,,,,,,,,,,,58,64,65,51,61
J. Buitrago,26,176,63,66,450000,53,55,58,64,61,56,,,,,,,,,,,,,,,,,,,,,55,58,64,61,56
S. Maholli,26,187,63,65,450000,62,62,47,62,24,67,,,,,,,,,,,,,,,,,,,,,62,47,62,24,67
A. Caceres,26,173,63,65,450000,70,59,61,63,58,66,,,,,,,,,,,,,,,,,,,,,59,61,63,58,66
T. Müller,26,180,63,65,450000,80,62,58,67,33,58,,,,,,,,,,,,,,,,,,,,,62,58,67,33,58
Lee Woo Hyeok,26,185,63,65,450000,71,45,62,62,51,68,,,,,,,,,,,,,,,,,,,,,45,62,62,51,68
A. Kolev,26,191,63,65,450000,72,61,50,61,41,73,,,,,,,,,,,,,,,,,,,,,61,50,61,41,73
K. Rendón,26,182,63,65,450000,74,57,64,62,53,68,,,,,,,,,,,,,,,,,,,,,57,64,62,53,68
Shin Chang Moo,26,170,63,65,450000,63,58,61,63,44,61,,,,,,,,,,,,,,,,,,,,,58,61,63,44,61
D. Altobelli,26,188,63,65,450000,54,48,61,60,59,70,,,,,,,,,,,,,,,,,,,,,48,61,60,59,70
Ji Eon Hak,25,180,63,65,450000,69,58,57,65,34,57,,,,,,,,,,,,,,,,,,,,,58,57,65,34,57
C. Martinez,22,170,63,65,450000,77,57,58,65,46,61,,,,,,,,,,,,,,,,,,,,,57,58,65,46,61
L. Hannant,25,180,63,65,450000,67,58,56,63,55,73,,,,,,,,,,,,,,,,,,,,,58,56,63,55,73
K. Guthrie,26,191,63,64,450000,70,63,51,62,41,67,,,,,,,,,,,,,,,,,,,,,63,51,62,41,67
N. Mileusnić,25,180,63,64,450000,91,57,51,65,23,60,,,,,,,,,,,,,,,,,,,,,57,51,65,23,60
F. Miesenböck,25,173,63,64,450000,68,60,61,63,44,51,,,,,,,,,,,,,,,,,,,,,60,61,63,44,51
S. Polat,22,179,62,72,450000,76,30,37,59,63,54,,,,,,,,,,,,,,,,,,,,,30,37,59,63,54
R. Renteria,23,181,62,72,450000,59,23,32,37,61,70,,,,,,,,,,,,,,,,,,,,,23,32,37,61,70
A. Lajami,23,178,62,72,450000,76,47,52,54,60,68,,,,,,,,,,,,,,,,,,,,,47,52,54,60,68
L. Sernicola,22,187,62,72,450000,61,39,54,54,61,59,,,,,,,,,,,,,,,,,,,,,39,54,54,61,59
K. Riis,22,187,62,72,450000,70,40,47,53,58,69,,,,,,,,,,,,,,,,,,,,,40,47,53,58,69
André Teles,22,180,62,72,450000,67,45,57,61,59,63,,,,,,,,,,,,,,,,,,,,,45,57,61,59,63
A. Tanaka,20,177,62,72,450000,71,47,61,65,57,63,,,,,,,,,,,,,,,,,,,,,47,61,65,57,63
N. Arena,21,183,62,72,450000,66,30,38,48,63,64,,,,,,,,,,,,,,,,,,,,,30,38,48,63,64
J. Díaz,20,180,62,72,450000,65,30,52,59,62,62,,,,,,,,,,,,,,,,,,,,,30,52,59,62,62
G. Roemeratoe,19,178,62,72,450000,71,44,59,62,59,69,,,,,,,,,,,,,,,,,,,,,44,59,62,59,69
Ricardo Mangas,21,179,62,72,450000,65,33,51,61,59,49,,,,,,,,,,,,,,,,,,,,,33,51,61,59,49
V. Méndez,19,175,62,72,450000,47,46,58,53,61,61,,,,,,,,,,,,,,,,,,,,,46,58,53,61,61
A. Semprini,21,182,62,72,450000,73,44,56,59,61,57,,,,,,,,,,,,,,,,,,,,,44,56,59,61,57
A. Al Amri,22,185,62,72,450000,56,26,43,39,62,61,,,,,,,,,,,,,,,,,,,,,26,43,39,62,61
M. Okazaki,20,181,62,72,450000,73,24,41,43,62,64,,,,,,,,,,,,,,,,,,,,,24,41,43,62,64
Zhang Xiuwei,23,173,62,72,450000,76,54,58,62,58,60,,,,,,,,,,,,,,,,,,,,,54,58,62,58,60
W. Omsberg,23,193,62,72,450000,50,24,40,33,61,67,,,,,,,,,,,,,,,,,,,,,24,40,33,61,67
L. Gottwalt,21,192,62,72,450000,60,34,39,41,59,71,,,,,,,,,,,,,,,,,,,,,34,39,41,59,71
V. Theocharis,20,181,62,72,450000,62,40,55,62,59,61,,,,,,,,,,,,,,,,,,,,,40,55,62,59,61
F. Sivetti,21,178,62,72,450000,67,50,61,63,57,64,,,,,,,,,,,,,,,,,,,,,50,61,63,57,64
A. Abqar,20,188,62,72,450000,51,30,42,45,62,64,,,,,,,,,,,,,,,,,,,,,30,42,45,62,64
Óscar Gil,21,180,62,72,450000,73,34,52,59,59,60,,,,,,,,,,,,,,,,,,,,,34,52,59,59,60
B. Kouyaté,22,193,62,72,450000,63,29,42,42,59,68,,,,,,,,,,,,,,,,,,,,,29,42,42,59,68
J. Mancilla,21,170,62,72,450000,64,37,50,59,60,65,,,,,,,,,,,,,,,,,,,,,37,50,59,60,65
M. Svoboda,20,195,62,72,450000,54,36,45,35,58,78,,,,,,,,,,,,,,,,,,,,,36,45,35,58,78
A. Hagelskjær,22,187,62,72,450000,62,29,53,56,61,62,,,,,,,,,,,,,,,,,,,,,29,53,56,61,62
Y. Diori,21,180,62,72,450000,73,35,49,59,61,62,,,,,,,,,,,,,,,,,,,,,35,49,59,61,62
Rodrigo Freitas,21,189,62,72,450000,55,31,39,43,65,63,,,,,,,,,,,,,,,,,,,,,31,39,43,65,63
F. Loshaj,22,174,62,71,450000,60,47,59,67,51,63,,,,,,,,,,,,,,,,,,,,,47,59,67,51,63
J. Araya,23,176,62,71,450000,66,48,58,64,57,64,,,,,,,,,,,,,,,,,,,,,48,58,64,57,64
G. Maris,23,180,62,71,450000,67,56,58,62,55,59,,,,,,,,,,,,,,,,,,,,,56,58,62,55,59
S. Friðjónsson,23,186,62,71,450000,71,56,58,63,56,71,,,,,,,,,,,,,,,,,,,,,56,58,63,56,71
C. McGrandles,23,185,62,71,450000,69,54,60,65,51,69,,,,,,,,,,,,,,,,,,,,,54,60,65,51,69
J. Broh Tonye,22,180,62,71,450000,71,50,59,63,61,58,,,,,,,,,,,,,,,,,,,,,50,59,63,61,58
F. Mac Allister,23,176,62,71,450000,69,44,58,64,63,65,,,,,,,,,,,,,,,,,,,,,44,58,64,63,65
J. Anderson,23,188,62,70,450000,72,53,58,64,45,59,,,,,,,,,,,,,,,,,,,,,53,58,64,45,59
B. Kennedy,22,178,62,70,450000,70,59,56,65,34,64,,,,,,,,,,,,,,,,,,,,,59,56,65,34,64
J. Thompson,22,175,62,70,450000,66,47,60,63,50,61,,,,,,,,,,,,,,,,,,,,,47,60,63,50,61
J. Mondal,22,176,62,70,450000,81,59,55,63,32,62,,,,,,,,,,,,,,,,,,,,,59,55,63,32,62
J. Victoria,23,164,62,70,450000,66,62,47,64,26,45,,,,,,,,,,,,,,,,,,,,,62,47,64,26,45
A. Dzabana,22,171,62,70,450000,81,62,53,69,17,44,,,,,,,,,,,,,,,,,,,,,62,53,69,17,44
A. Di Nardo,20,183,62,70,450000,64,60,49,58,23,54,,,,,,,,,,,,,,,,,,,,,60,49,58,23,54
L. Jensen,22,175,62,70,450000,71,59,58,64,26,51,,,,,,,,,,,,,,,,,,,,,59,58,64,26,51
R. Torres,22,172,62,70,450000,63,43,58,63,61,64,,,,,,,,,,,,,,,,,,,,,43,58,63,61,64
M. Ambrosiewicz,21,184,62,70,450000,58,48,58,63,61,65,,,,,,,,,,,,,,,,,,,,,48,58,63,61,65
L. Spence,23,179,62,70,450000,66,46,58,63,54,57,,,,,,,,,,,,,,,,,,,,,46,58,63,54,57
T. Bonga,22,196,62,70,450000,77,54,45,66,32,73,,,,,,,,,,,,,,,,,,,,,54,45,66,32,73
L. Pfeiffer,22,196,62,70,450000,53,59,43,54,30,75,,,,,,,,,,,,,,,,,,,,,59,43,54,30,75
V. Vanbaleghem,22,186,62,70,450000,63,43,60,62,63,73,,,,,,,,,,,,,,,,,,,,,43,60,62,63,73
E. Kamsoba,23,164,62,70,450000,92,57,46,65,22,38,,,,,,,,,,,,,,,,,,,,,57,46,65,22,38
F. Ramírez,22,183,62,70,450000,65,55,59,64,52,65,,,,,,,,,,,,,,,,,,,,,55,59,64,52,65
L. Cuppone,21,178,62,70,450000,77,60,48,63,26,57,,,,,,,,,,,,,,,,,,,,,60,48,63,26,57
Andrés García,23,181,62,70,450000,65,52,64,66,47,54,,,,,,,,,,,,,,,,,,,,,52,64,66,47,54
Fran Castillo,22,175,62,70,450000,61,54,64,68,47,41,,,,,,,,,,,,,,,,,,,,,54,64,68,47,41
J. Araujo,17,175,61,79,450000,76,28,54,63,58,55,,,,,,,,,,,,,,,,,,,,,28,54,63,58,55
K. da Graca,21,188,61,74,450000,58,29,41,39,60,67,,,,,,,,,,,,,,,,,,,,,29,41,39,60,67
C. Moya,21,169,61,74,450000,67,40,55,61,58,62,,,,,,,,,,,,,,,,,,,,,40,55,61,58,62
E. Orona,20,181,61,74,450000,79,46,58,55,60,64,,,,,,,,,,,,,,,,,,,,,46,58,55,60,64
G. Johnston,20,181,61,74,450000,59,33,41,40,59,64,,,,,,,,,,,,,,,,,,,,,33,41,40,59,64
N. Phillips,22,188,61,74,450000,51,29,43,38,60,63,,,,,,,,,,,,,,,,,,,,,29,43,38,60,63
J. Sánchez Purata,21,187,61,74,450000,52,48,48,52,60,64,,,,,,,,,,,,,,,,,,,,,48,48,52,60,64
H. Daza,21,176,61,74,450000,74,36,54,60,54,60,,,,,,,,,,,,,,,,,,,,,36,54,60,54,60
G. Arib,19,168,61,74,450000,67,37,56,62,57,57,,,,,,,,,,,,,,,,,,,,,37,56,62,57,57
D. Armstrong,21,175,61,73,450000,80,54,52,66,28,48,,,,,,,,,,,,,,,,,,,,,54,52,66,28,48
B. Sambou,21,182,61,73,450000,76,58,42,59,21,64,,,,,,,,,,,,,,,,,,,,,58,42,59,21,64
J. Barrett,21,181,61,73,450000,65,56,58,64,47,52,,,,,,,,,,,,,,,,,,,,,56,58,64,47,52
A. Donkor,21,185,61,73,450000,76,60,53,62,33,68,,,,,,,,,,,,,,,,,,,,,60,53,62,33,68
A. Oteh,20,183,61,73,450000,77,57,46,60,23,66,,,,,,,,,,,,,,,,,,,,,57,46,60,23,66
Tomás Reymão,20,190,61,73,450000,53,57,57,63,50,64,,,,,,,,,,,,,,,,,,,,,57,57,63,50,64
A. Laurienté,20,171,61,73,450000,61,56,58,66,33,40,,,,,,,,,,,,,,,,,,,,,56,58,66,33,40
M. Choinière,20,175,61,73,450000,67,53,57,69,44,37,,,,,,,,,,,,,,,,,,,,,53,57,69,44,37
Y. Taki,19,167,61,73,450000,72,55,56,65,45,37,,,,,,,,,,,,,,,,,,,,,55,56,65,45,37
C. Bayiha,20,173,61,73,450000,81,50,56,65,53,58,,,,,,,,,,,,,,,,,,,,,50,56,65,53,58
Itaitinga,20,181,61,73,450000,62,60,43,67,18,49,,,,,,,,,,,,,,,,,,,,,60,43,67,18,49
Dani García,20,176,61,73,450000,62,55,63,65,44,55,,,,,,,,,,,,,,,,,,,,,55,63,65,44,55
S. Straudi,20,176,61,73,450000,72,51,55,64,50,51,,,,,,,,,,,,,,,,,,,,,51,55,64,50,51
A. Roczen,19,193,61,73,450000,67,58,44,54,35,69,,,,,,,,,,,,,,,,,,,,,58,44,54,35,69
V. Tasar,22,174,61,73,450000,78,60,55,64,24,45,,,,,,,,,,,,,,,,,,,,,60,55,64,24,45
A. Helmersen,21,190,61,72,450000,63,61,44,56,28,71,,,,,,,,,,,,,,,,,,,,,61,44,56,28,71
G. Ganea,20,179,61,72,450000,73,59,40,58,19,63,,,,,,,,,,,,,,,,,,,,,59,40,58,19,63
A. Velasco,16,167,60,83,450000,68,50,55,62,47,50,,,,,,,,,,,,,,,,,,,,,50,55,62,47,50
Y. Begraoui,17,175,60,82,450000,75,59,43,61,20,51,,,,,,,,,,,,,,,,,,,,,59,43,61,20,51
C. Haydar,18,185,60,82,450000,60,29,41,45,59,62,,,,,,,,,,,,,,,,,,,,,29,41,45,59,62
E. Alvarez,17,173,60,81,450000,67,58,55,65,27,39,,,,,,,,,,,,,,,,,,,,,58,55,65,27,39
E. Sørensen,19,189,60,80,450000,64,62,44,57,18,49,,,,,,,,,,,,,,,,,,,,,62,44,57,18,49
N. Djouahra,19,171,60,79,450000,62,53,59,61,30,36,,,,,,,,,,,,,,,,,,,,,53,59,61,30,36
D. Vlahovic,19,190,60,79,450000,59,61,49,55,24,57,,,,,,,,,,,,,,,,,,,,,61,49,55,24,57
P. Bargiel,19,180,60,78,450000,79,53,55,65,32,44,,,,,,,,,,,,,,,,,,,,,53,55,65,32,44
L. Sandoval,20,183,60,78,450000,77,55,51,59,36,57,,,,,,,,,,,,,,,,,,,,,55,51,59,36,57
B. Adekanye,20,170,60,78,450000,72,56,52,64,30,53,,,,,,,,,,,,,,,,,,,,,56,52,64,30,53
V. Kušej,19,166,60,78,450000,73,56,50,65,23,42,,,,,,,,,,,,,,,,,,,,,56,50,65,23,42
J. Peñaloza,19,172,60,78,450000,67,58,55,63,29,45,,,,,,,,,,,,,,,,,,,,,58,55,63,29,45
F. Navarro,19,171,60,78,450000,64,46,57,63,59,50,,,,,,,,,,,,,,,,,,,,,46,57,63,59,50
I. Tarasov,19,173,60,78,450000,88,49,45,66,21,53,,,,,,,,,,,,,,,,,,,,,49,45,66,21,53
Lee Soo Bin,19,180,60,78,450000,57,45,55,65,45,43,,,,,,,,,,,,,,,,,,,,,45,55,65,45,43
J. Pereyra,20,181,60,77,450000,63,55,61,64,40,61,,,,,,,,,,,,,,,,,,,,,55,61,64,40,61
B. Morris,19,175,60,77,450000,77,61,51,62,21,39,,,,,,,,,,,,,,,,,,,,,61,51,62,21,39
O. Brynhildsen,20,175,60,77,450000,72,53,52,66,43,54,,,,,,,,,,,,,,,,,,,,,53,52,66,43,54
E. Vertainen,20,189,60,77,450000,76,57,52,59,35,66,,,,,,,,,,,,,,,,,,,,,57,52,59,35,66
A. Nava,19,169,60,77,450000,61,51,60,63,45,42,,,,,,,,,,,,,,,,,,,,,51,60,63,45,42
Algobia,20,180,60,77,450000,45,52,58,61,54,48,,,,,,,,,,,,,,,,,,,,,52,58,61,54,48
K. Cannavò,19,180,60,77,450000,81,58,49,56,28,57,,,,,,,,,,,,,,,,,,,,,58,49,56,28,57
H. Luna,19,176,60,77,450000,71,47,55,64,26,49,,,,,,,,,,,,,,,,,,,,,47,55,64,26,49
C. Aguirre,20,177,60,77,450000,69,57,56,63,28,52,,,,,,,,,,,,,,,,,,,,,57,56,63,28,52
T. Nkada,19,177,60,77,450000,74,60,49,62,22,48,,,,,,,,,,,,,,,,,,,,,60,49,62,22,48
A. Dallas,19,178,60,77,450000,81,57,44,58,28,59,,,,,,,,,,,,,,,,,,,,,57,44,58,28,59
P. Mukairu,19,182,60,77,450000,86,64,51,58,29,44,,,,,,,,,,,,,,,,,,,,,64,51,58,29,44
E. Embleton,20,173,60,76,450000,61,54,59,61,52,54,,,,,,,,,,,,,,,,,,,,,54,59,61,52,54
S. Lomónaco,20,173,60,76,450000,69,55,45,62,21,53,,,,,,,,,,,,,,,,,,,,,55,45,62,21,53
E. Botheim,19,180,60,76,450000,65,61,40,58,27,57,,,,,,,,,,,,,,,,,,,,,61,40,58,27,57
J. Moder,20,188,60,76,450000,61,57,55,57,54,69,,,,,,,,,,,,,,,,,,,,,57,55,57,54,69
P. Sussek,19,176,60,76,450000,73,48,54,67,25,48,,,,,,,,,,,,,,,,,,,,,48,54,67,25,48
O. Bailey,19,178,60,76,450000,71,55,53,63,23,51,,,,,,,,,,,,,,,,,,,,,55,53,63,23,51
Álvaro García,19,183,60,76,450000,66,46,58,59,55,64,,,,,,,,,,,,,,,,,,,,,46,58,59,55,64
O. Atilgan,19,178,60,76,450000,76,56,51,62,26,54,,,,,,,,,,,,,,,,,,,,,56,51,62,26,54
A. Verda,20,183,60,76,450000,57,63,44,52,23,47,,,,,,,,,,,,,,,,,,,,,63,44,52,23,47
A. Baroan,19,188,60,76,450000,77,56,57,60,26,51,,,,,,,,,,,,,,,,,,,,,56,57,60,26,51
E. Majetschak,19,185,60,76,450000,56,57,62,59,42,54,,,,,,,,,,,,,,,,,,,,,57,62,59,42,54
T. Ducrocq,19,176,60,76,450000,69,45,59,61,48,50,,,,,,,,,,,,,,,,,,,,,45,59,61,48,50
C. Ainley,21,173,60,75,450000,69,46,56,65,37,51,,,,,,,,,,,,,,,,,,,,,46,56,65,37,51
M. Ndjoli,20,183,60,75,450000,71,60,49,60,26,62,,,,,,,,,,,,,,,,,,,,,60,49,60,26,62
L. Rivas,19,173,60,75,450000,76,50,57,66,33,42,,,,,,,,,,,,,,,,,,,,,50,57,66,33,42
M. Pompetti,19,176,60,75,450000,55,37,62,60,41,48,,,,,,,,,,,,,,,,,,,,,37,62,60,41,48
Liu Ruofan,20,188,60,75,450000,73,52,54,61,23,59,,,,,,,,,,,,,,,,,,,,,52,54,61,23,59
I. Kanu,19,182,60,75,450000,77,58,39,64,24,56,,,,,,,,,,,,,,,,,,,,,58,39,64,24,56
G. Gori,20,187,60,75,450000,51,63,47,56,25,49,,,,,,,,,,,,,,,,,,,,,63,47,56,25,49
F. Murray,20,173,60,75,450000,71,51,57,60,34,48,,,,,,,,,,,,,,,,,,,,,51,57,60,34,48
E. Chilufya,19,171,60,75,450000,85,54,40,68,24,47,,,,,,,,,,,,,,,,,,,,,54,40,68,24,47
D. Wanner,20,179,60,75,450000,67,55,55,66,37,53,,,,,,,,,,,,,,,,,,,,,55,55,66,37,53
M. Belkheir,20,185,60,75,450000,73,57,51,61,29,60,,,,,,,,,,,,,,,,,,,,,57,51,61,29,60
Patrick,20,179,60,75,450000,66,62,48,62,18,54,,,,,,,,,,,,,,,,,,,,,62,48,62,18,54
S. Bakaev,19,178,60,75,450000,78,53,53,63,34,48,,,,,,,,,,,,,,,,,,,,,53,53,63,34,48
Rúben Fonseca,19,188,60,75,450000,53,59,40,54,28,63,,,,,,,,,,,,,,,,,,,,,59,40,54,28,63
I. Buckley-Ricketts,21,178,60,74,450000,81,52,51,65,23,48,,,,,,,,,,,,,,,,,,,,,52,51,65,23,48
J. Tilley,21,175,60,74,450000,68,55,57,65,22,49,,,,,,,,,,,,,,,,,,,,,55,57,65,22,49
C. Kahraman,20,175,60,74,450000,65,56,55,62,48,51,,,,,,,,,,,,,,,,,,,,,56,55,62,48,51
S. Smith,21,181,60,74,450000,68,60,49,54,22,53,,,,,,,,,,,,,,,,,,,,,60,49,54,22,53
S. Pasquali,19,176,60,74,450000,66,49,59,63,54,53,,,,,,,,,,,,,,,,,,,,,49,59,63,54,53
M. İnan,19,182,60,74,450000,63,47,56,61,54,63,,,,,,,,,,,,,,,,,,,,,47,56,61,54,63
Yeun Jong Gyu,21,173,60,74,450000,74,38,55,58,56,59,,,,,,,,,,,,,,,,,,,,,38,55,58,56,59
C. O'Hare,21,173,60,74,450000,72,55,56,64,45,50,,,,,,,,,,,,,,,,,,,,,55,56,64,45,50
N. Røjkjær,20,179,60,74,450000,70,57,56,62,24,55,,,,,,,,,,,,,,,,,,,,,57,56,62,24,55
A. Hartigan,19,178,60,74,450000,66,53,59,60,53,61,,,,,,,,,,,,,,,,,,,,,53,59,60,53,61
R. Boultam,21,187,60,74,450000,63,46,58,63,48,66,,,,,,,,,,,,,,,,,,,,,46,58,63,48,66
R. Souici,21,184,60,74,450000,64,48,58,61,53,62,,,,,,,,,,,,,,,,,,,,,48,58,61,53,62
C. Hendry,21,182,60,74,450000,69,61,44,64,23,51,,,,,,,,,,,,,,,,,,,,,61,44,64,23,51
A. Al Hamdan,19,185,60,74,450000,68,58,41,57,19,62,,,,,,,,,,,,,,,,,,,,,58,41,57,19,62
M. Čović,21,175,60,74,450000,70,44,55,70,35,33,,,,,,,,,,,,,,,,,,,,,44,55,70,35,33
T. Badaloni,19,186,60,74,450000,57,60,47,57,25,57,,,,,,,,,,,,,,,,,,,,,60,47,57,25,57
S. Tiffoney,20,175,60,74,450000,77,56,53,63,28,43,,,,,,,,,,,,,,,,,,,,,56,53,63,28,43
B. Hadžić,20,184,60,74,450000,46,61,47,55,27,63,,,,,,,,,,,,,,,,,,,,,61,47,55,27,63
N. Capaldo,21,177,60,74,450000,66,54,62,61,47,57,,,,,,,,,,,,,,,,,,,,,54,62,61,47,57
J. Rivera,21,175,60,74,450000,77,54,51,63,18,54,,,,,,,,,,,,,,,,,,,,,54,51,63,18,54
I. Baidoo,20,170,60,74,450000,80,54,50,65,25,54,,,,,,,,,,,,,,,,,,,,,54,50,65,25,54
Li Haoran,19,180,60,74,450000,71,49,55,69,46,47,,,,,,,,,,,,,,,,,,,,,49,55,69,46,47
M. Çapkan,19,177,60,74,450000,66,50,56,68,34,45,,,,,,,,,,,,,,,,,,,,,50,56,68,34,45
C. Araujo,37,172,71,71,425000,59,45,61,75,75,67,,,,,,,,,,,,,,,,,,,,,45,61,75,75,67
Kang Min Soo,33,186,68,68,425000,65,38,49,54,67,73,,,,,,,,,,,,,,,,,,,,,38,49,54,67,73
M. Parensen,33,180,68,68,425000,63,50,63,64,67,71,,,,,,,,,,,,,,,,,,,,,50,63,64,67,71
B. Watson,33,181,68,68,425000,41,64,67,64,67,65,,,,,,,,,,,,,,,,,,,,,64,67,64,67,65
Zapater,34,180,68,68,425000,48,64,69,61,66,69,,,,,,,,,,,,,,,,,,,,,64,69,61,66,69
L. Chambers,33,185,68,68,425000,54,26,52,51,67,75,,,,,,,,,,,,,,,,,,,,,26,52,51,67,75
J. Brix-Damborg,33,183,68,68,425000,40,41,62,54,66,80,,,,,,,,,,,,,,,,,,,,,41,62,54,66,80
Oh Beom Seok,34,181,68,68,425000,69,61,65,64,67,77,,,,,,,,,,,,,,,,,,,,,61,65,64,67,77
J. Wright,33,185,68,68,425000,44,28,47,43,69,61,,,,,,,,,,,,,,,,,,,,,28,47,43,69,61
R. Schiavi,33,183,68,68,425000,48,33,42,39,66,74,,,,,,,,,,,,,,,,,,,,,33,42,39,66,74
M. Karl,33,192,68,68,425000,34,57,60,56,67,75,,,,,,,,,,,,,,,,,,,,,57,60,56,67,75
C. Skuse,33,185,68,68,425000,52,57,62,62,69,69,,,,,,,,,,,,,,,,,,,,,57,62,62,69,69
S. Blondelle,33,185,68,68,425000,36,39,59,54,69,71,,,,,,,,,,,,,,,,,,,,,39,59,54,69,71
Zhao Xuri,33,185,68,68,425000,43,64,62,59,65,79,,,,,,,,,,,,,,,,,,,,,64,62,59,65,79
M. Milligan,33,178,68,68,425000,62,52,65,61,66,74,,,,,,,,,,,,,,,,,,,,,52,65,61,66,74
D. Arreola,33,182,68,68,425000,68,65,65,65,66,70,,,,,,,,,,,,,,,,,,,,,65,65,65,66,70
K. Aouadhi,33,194,68,68,425000,59,57,63,63,65,74,,,,,,,,,,,,,,,,,,,,,57,63,63,65,74
J. Hernández,33,176,68,68,425000,69,58,64,65,64,76,,,,,,,,,,,,,,,,,,,,,58,64,65,64,76
E. Gülüm,32,185,66,66,425000,57,51,53,55,62,82,,,,,,,,,,,,,,,,,,,,,51,53,55,62,82
A. Grant,32,180,66,66,425000,70,52,59,64,62,78,,,,,,,,,,,,,,,,,,,,,52,59,64,62,78
M. Hughes,32,188,66,66,425000,35,35,46,47,65,78,,,,,,,,,,,,,,,,,,,,,35,46,47,65,78
J. Horn,32,188,66,66,425000,66,29,50,40,62,75,,,,,,,,,,,,,,,,,,,,,29,50,40,62,75
R. Åhman Persson,32,188,66,66,425000,34,50,61,55,63,76,,,,,,,,,,,,,,,,,,,,,50,61,55,63,76
H. Jele,32,181,66,66,425000,66,55,63,68,69,58,,,,,,,,,,,,,,,,,,,,,55,63,68,69,58
A. Auassar,32,187,66,66,425000,38,64,65,61,61,78,,,,,,,,,,,,,,,,,,,,,64,65,61,61,78
Jordi Figueras,32,185,66,66,425000,34,29,52,52,64,75,,,,,,,,,,,,,,,,,,,,,29,52,52,64,75
H. Mulder,32,180,66,66,425000,52,58,62,61,63,75,,,,,,,,,,,,,,,,,,,,,58,62,61,63,75
M. Vilotić,32,190,66,66,425000,38,47,50,55,66,70,,,,,,,,,,,,,,,,,,,,,47,50,55,66,70
J. Lopera,32,181,66,66,425000,65,61,61,65,61,76,,,,,,,,,,,,,,,,,,,,,61,61,65,61,76
B. García,32,183,66,66,425000,55,37,58,57,66,72,,,,,,,,,,,,,,,,,,,,,37,58,57,66,72
E. Godoy,32,186,66,66,425000,54,31,45,36,65,77,,,,,,,,,,,,,,,,,,,,,31,45,36,65,77
Jano,32,188,66,66,425000,49,49,63,57,62,66,,,,,,,,,,,,,,,,,,,,,49,63,57,62,66
K. Iwashita,32,181,66,66,425000,36,32,41,41,66,69,,,,,,,,,,,,,,,,,,,,,32,41,41,66,69
T. Yalçıner,32,178,66,66,425000,64,45,56,64,67,69,,,,,,,,,,,,,,,,,,,,,45,56,64,67,69
A. Ndengane,32,186,66,66,425000,73,33,37,45,69,69,,,,,,,,,,,,,,,,,,,,,33,37,45,69,69
L. Feeney,32,183,65,65,425000,75,57,61,66,41,65,,,,,,,,,,,,,,,,,,,,,57,61,66,41,65
S. Cox,32,181,65,65,425000,58,66,58,63,36,70,,,,,,,,,,,,,,,,,,,,,66,58,63,36,70
R. Boukari,32,187,65,65,425000,73,61,60,65,29,58,,,,,,,,,,,,,,,,,,,,,61,60,65,29,58
J. Brown,30,175,65,65,425000,77,55,57,66,60,69,,,,,,,,,,,,,,,,,,,,,55,57,66,60,69
Yang Xu,32,188,65,65,425000,51,61,50,59,28,71,,,,,,,,,,,,,,,,,,,,,61,50,59,28,71
Zhang Wenzhao,32,177,65,65,425000,79,57,62,65,53,60,,,,,,,,,,,,,,,,,,,,,57,62,65,53,60
L. Schwechlen,30,182,65,65,425000,56,18,52,52,65,72,,,,,,,,,,,,,,,,,,,,,18,52,52,65,72
O. Mendoza,30,173,65,65,425000,68,32,54,60,62,73,,,,,,,,,,,,,,,,,,,,,32,54,60,62,73
E. Schreiner,30,181,65,65,425000,69,53,59,63,61,71,,,,,,,,,,,,,,,,,,,,,53,59,63,61,71
M. Marshall,32,170,65,65,425000,89,58,59,69,42,62,,,,,,,,,,,,,,,,,,,,,58,59,69,42,62
G. Kuświk,32,181,65,65,425000,68,62,56,64,30,67,,,,,,,,,,,,,,,,,,,,,62,56,64,30,67
Wang Gang,30,188,65,65,425000,77,54,60,63,59,78,,,,,,,,,,,,,,,,,,,,,54,60,63,59,78
C. Erskine,32,185,65,65,425000,64,63,61,68,28,57,,,,,,,,,,,,,,,,,,,,,63,61,68,28,57
L. Mosquera,30,175,65,65,425000,66,61,63,60,63,68,,,,,,,,,,,,,,,,,,,,,61,63,60,63,68
R. Dimitrov,30,174,65,65,425000,62,45,52,58,64,64,,,,,,,,,,,,,,,,,,,,,45,52,58,64,64
Xu Yang,32,172,65,65,425000,61,63,63,67,48,63,,,,,,,,,,,,,,,,,,,,,63,63,67,48,63
G. Pacheco,30,181,65,65,425000,81,28,56,59,62,70,,,,,,,,,,,,,,,,,,,,,28,56,59,62,70
Han Yong Su,29,184,64,65,425000,34,22,44,56,62,67,,,,,,,,,,,,,,,,,,,,,22,44,56,62,67
M. Demetriou,29,180,64,65,425000,72,50,54,61,62,71,,,,,,,,,,,,,,,,,,,,,50,54,61,62,71
M. Huber,29,187,64,65,425000,40,29,37,44,63,72,,,,,,,,,,,,,,,,,,,,,29,37,44,63,72
J. Riquett,29,184,64,65,425000,54,23,37,37,63,72,,,,,,,,,,,,,,,,,,,,,23,37,37,63,72
A. Wordsworth,30,185,64,64,425000,59,64,65,62,47,64,,,,,,,,,,,,,,,,,,,,,64,65,62,47,64
E. Upson,29,180,64,64,425000,61,58,61,64,57,74,,,,,,,,,,,,,,,,,,,,,58,61,64,57,74
R. Reid,30,183,64,64,425000,76,62,51,61,34,72,,,,,,,,,,,,,,,,,,,,,62,51,61,34,72
K. Walker,29,177,64,64,425000,55,59,63,63,61,68,,,,,,,,,,,,,,,,,,,,,59,63,63,61,68
F. Brustad,30,190,64,64,425000,87,59,55,61,35,72,,,,,,,,,,,,,,,,,,,,,59,55,61,35,72
E. Israelsson,30,181,64,64,425000,55,63,61,61,58,79,,,,,,,,,,,,,,,,,,,,,63,61,61,58,79
J. O'Toole,30,188,64,64,425000,57,61,59,63,56,75,,,,,,,,,,,,,,,,,,,,,61,59,63,56,75
B. Kantarovski,27,183,64,64,425000,69,40,55,60,61,73,,,,,,,,,,,,,,,,,,,,,40,55,60,61,73
J. Mårtensson,30,180,64,64,425000,67,48,61,61,61,72,,,,,,,,,,,,,,,,,,,,,48,61,61,61,72
A. MacDonald,29,170,64,64,425000,71,60,61,66,59,84,,,,,,,,,,,,,,,,,,,,,60,61,66,59,84
M. Eramo,29,180,64,64,425000,67,59,62,67,59,71,,,,,,,,,,,,,,,,,,,,,59,62,67,59,71
Lim Sang Hyub,30,180,64,64,425000,69,63,62,65,42,62,,,,,,,,,,,,,,,,,,,,,63,62,65,42,62
B. McKay,30,170,64,64,425000,71,64,52,65,23,68,,,,,,,,,,,,,,,,,,,,,64,52,65,23,68
D. McMillan,30,180,64,64,425000,68,63,50,61,27,65,,,,,,,,,,,,,,,,,,,,,63,50,61,27,65
Vicente,30,176,64,64,425000,67,49,61,62,58,68,,,,,,,,,,,,,,,,,,,,,49,61,62,58,68
V. Créhin,30,169,64,64,425000,68,63,58,67,32,65,,,,,,,,,,,,,,,,,,,,,63,58,67,32,65
M. Guezoui,30,188,64,64,425000,50,64,47,58,20,71,,,,,,,,,,,,,,,,,,,,,64,47,58,20,71
S. Piesinger,27,192,64,64,425000,38,54,52,54,63,75,,,,,,,,,,,,,,,,,,,,,54,52,54,63,75
F. Reynero,30,177,64,64,425000,79,54,62,67,36,59,,,,,,,,,,,,,,,,,,,,,54,62,67,36,59
T. Nishi,29,173,64,64,425000,60,55,63,66,51,60,,,,,,,,,,,,,,,,,,,,,55,63,66,51,60
S. Zúñiga,29,167,64,64,425000,72,62,69,71,46,63,,,,,,,,,,,,,,,,,,,,,62,69,71,46,63
Wanderson,30,172,64,64,425000,87,61,55,65,55,68,,,,,,,,,,,,,,,,,,,,,61,55,65,55,68
A. Hasegawa,30,186,64,64,425000,54,60,63,62,55,65,,,,,,,,,,,,,,,,,,,,,60,63,62,55,65
J. Galeano,30,170,64,64,425000,56,50,61,60,63,62,,,,,,,,,,,,,,,,,,,,,50,61,60,63,62
L. Del Pinto,29,180,64,64,425000,44,48,60,63,58,67,,,,,,,,,,,,,,,,,,,,,48,60,63,58,67
Mychell Chagas,30,183,64,64,425000,75,63,46,63,19,63,,,,,,,,,,,,,,,,,,,,,63,46,63,19,63
P. Cortizo,29,186,64,64,425000,63,46,63,59,57,67,,,,,,,,,,,,,,,,,,,,,46,63,59,57,67
G. Williams,26,176,63,68,425000,72,26,56,62,60,69,,,,,,,,,,,,,,,,,,,,,26,56,62,60,69
K. Ntlhe,25,175,63,68,425000,76,33,51,59,58,66,,,,,,,,,,,,,,,,,,,,,33,51,59,58,66
F. Helstrup,26,188,63,68,425000,66,28,45,51,60,73,,,,,,,,,,,,,,,,,,,,,28,45,51,60,73
L. Hendrie,24,178,63,68,425000,71,35,55,59,60,66,,,,,,,,,,,,,,,,,,,,,35,55,59,60,66
J. Bunney,25,188,63,68,425000,68,58,62,57,58,72,,,,,,,,,,,,,,,,,,,,,58,62,57,58,72
J. Horsfield,23,180,63,68,425000,64,50,60,62,60,66,,,,,,,,,,,,,,,,,,,,,50,60,62,60,66
A. Torralvo,25,170,63,68,425000,76,38,57,63,56,50,,,,,,,,,,,,,,,,,,,,,38,57,63,56,50
Kim Dae Jung,26,190,63,68,425000,41,43,43,49,60,73,,,,,,,,,,,,,,,,,,,,,43,43,49,60,73
D. Payne,23,182,63,68,425000,75,37,51,61,60,65,,,,,,,,,,,,,,,,,,,,,37,51,61,60,65
N. Antonov,24,182,63,68,425000,76,45,52,62,60,69,,,,,,,,,,,,,,,,,,,,,45,52,62,60,69
R. Laryea,24,175,63,68,425000,77,55,58,64,58,60,,,,,,,,,,,,,,,,,,,,,55,58,64,58,60
D. Stec,25,180,63,68,425000,73,48,55,64,59,61,,,,,,,,,,,,,,,,,,,,,48,55,64,59,61
T. Rocha,25,175,63,68,425000,68,56,56,61,61,69,,,,,,,,,,,,,,,,,,,,,56,56,61,61,69
O. Alseth,24,183,63,68,425000,73,42,47,58,61,72,,,,,,,,,,,,,,,,,,,,,42,47,58,61,72
A. Mayorga,22,178,63,68,425000,71,50,60,59,64,60,,,,,,,,,,,,,,,,,,,,,50,60,59,64,60
S. Furtado,24,175,63,68,425000,76,46,59,64,56,50,,,,,,,,,,,,,,,,,,,,,46,59,64,56,50
J. Scherzer,23,185,63,68,425000,65,33,50,62,62,67,,,,,,,,,,,,,,,,,,,,,33,50,62,62,67
H. Rashidi,24,175,63,68,425000,76,58,59,65,58,61,,,,,,,,,,,,,,,,,,,,,58,59,65,58,61
M. Haas,23,180,63,68,425000,72,48,54,60,60,65,,,,,,,,,,,,,,,,,,,,,48,54,60,60,65
S. Bjørshol,25,184,63,68,425000,74,25,51,60,58,69,,,,,,,,,,,,,,,,,,,,,25,51,60,58,69
C. Martínez,25,174,63,68,425000,61,39,47,59,65,59,,,,,,,,,,,,,,,,,,,,,39,47,59,65,59
I. Touray,24,177,63,67,425000,81,41,54,60,57,64,,,,,,,,,,,,,,,,,,,,,41,54,60,57,64
P. Digby,24,195,63,67,425000,68,50,57,55,61,73,,,,,,,,,,,,,,,,,,,,,50,57,55,61,73
G. Arokoyo,26,188,63,67,425000,52,32,44,39,62,71,,,,,,,,,,,,,,,,,,,,,32,44,39,62,71
G. Leigh,24,181,63,67,425000,78,46,52,61,62,66,,,,,,,,,,,,,,,,,,,,,46,52,61,62,66
S. Tanser,24,182,63,67,425000,73,47,60,63,59,60,,,,,,,,,,,,,,,,,,,,,47,60,63,59,60
M. Qasem,24,176,63,67,425000,73,56,54,68,57,74,,,,,,,,,,,,,,,,,,,,,56,54,68,57,74
M. Ridenton,23,180,63,67,425000,67,55,63,57,57,68,,,,,,,,,,,,,,,,,,,,,55,63,57,57,68
R. Lopes Cabral,24,175,63,67,425000,79,41,55,65,59,62,,,,,,,,,,,,,,,,,,,,,41,55,65,59,62
M. Jadama,25,185,63,67,425000,49,32,42,47,61,72,,,,,,,,,,,,,,,,,,,,,32,42,47,61,72
Jeon Min Gwang,26,186,63,67,425000,70,51,57,54,59,74,,,,,,,,,,,,,,,,,,,,,51,57,54,59,74
Han Pengfei,26,190,63,67,425000,43,51,53,56,61,78,,,,,,,,,,,,,,,,,,,,,51,53,56,61,78
D. Petrovic,26,185,63,67,425000,47,29,42,42,62,69,,,,,,,,,,,,,,,,,,,,,29,42,42,62,69
M. Bilir,24,183,63,67,425000,62,38,56,60,60,68,,,,,,,,,,,,,,,,,,,,,38,56,60,60,68
Y. Kimoto,25,183,63,67,425000,60,40,51,47,62,71,,,,,,,,,,,,,,,,,,,,,40,51,47,62,71
M. Fritz,25,192,63,67,425000,56,41,47,47,61,75,,,,,,,,,,,,,,,,,,,,,41,47,47,61,75
A. Kovačević,25,189,63,67,425000,56,32,39,39,63,66,,,,,,,,,,,,,,,,,,,,,32,39,39,63,66
S. Wimmer,25,187,63,66,425000,59,52,50,54,63,72,,,,,,,,,,,,,,,,,,,,,52,50,54,63,72
A. Al Fahad,25,176,63,66,425000,67,52,49,49,61,73,,,,,,,,,,,,,,,,,,,,,52,49,49,61,73
A. Gogić,25,185,63,66,425000,38,45,47,51,61,77,,,,,,,,,,,,,,,,,,,,,45,47,51,61,77
I. van Weert,25,181,63,66,425000,57,31,47,43,63,63,,,,,,,,,,,,,,,,,,,,,31,47,43,63,63
A. Al Shammari,25,188,63,66,425000,55,38,48,52,63,67,,,,,,,,,,,,,,,,,,,,,38,48,52,63,67
A. Al Dohaim,25,182,63,66,425000,65,41,45,48,61,70,,,,,,,,,,,,,,,,,,,,,41,45,48,61,70
D. Wiebe,25,187,63,66,425000,55,41,51,58,61,70,,,,,,,,,,,,,,,,,,,,,41,51,58,61,70
A. Pițian,23,192,63,66,425000,57,25,40,43,60,66,,,,,,,,,,,,,,,,,,,,,25,40,43,60,66
S. Robinson,27,168,63,64,425000,74,56,61,65,50,68,,,,,,,,,,,,,,,,,,,,,56,61,65,50,68
W. Evseev,27,177,63,64,425000,69,56,61,66,54,57,,,,,,,,,,,,,,,,,,,,,56,61,66,54,57
S. Hoskins,26,173,63,64,425000,85,56,51,68,33,61,,,,,,,,,,,,,,,,,,,,,56,51,68,33,61
B. McNamee,27,175,63,64,425000,74,55,60,64,46,56,,,,,,,,,,,,,,,,,,,,,55,60,64,46,56
H. Bunn,26,175,63,64,425000,72,65,60,60,37,53,,,,,,,,,,,,,,,,,,,,,65,60,60,37,53
J. Mountney,26,184,63,64,425000,73,57,61,61,46,71,,,,,,,,,,,,,,,,,,,,,57,61,61,46,71
L. Gambin,26,168,63,64,425000,71,52,57,67,30,42,,,,,,,,,,,,,,,,,,,,,52,57,67,30,42
K. Coulibaly,26,184,63,64,425000,75,57,58,65,40,60,,,,,,,,,,,,,,,,,,,,,57,58,65,40,60
S. Handle,26,170,63,64,425000,82,55,56,68,44,55,,,,,,,,,,,,,,,,,,,,,55,56,68,44,55
J. Ramos,26,182,63,64,425000,72,58,54,64,30,69,,,,,,,,,,,,,,,,,,,,,58,54,64,30,69
F. Al Aiyaf,27,167,63,64,425000,69,48,62,66,55,50,,,,,,,,,,,,,,,,,,,,,48,62,66,55,50
I. Karsanidis,26,178,63,64,425000,73,54,59,68,50,65,,,,,,,,,,,,,,,,,,,,,54,59,68,50,65
P. Breitkreuz,27,187,63,64,425000,55,63,40,58,24,65,,,,,,,,,,,,,,,,,,,,,63,40,58,24,65
R. Lemus,27,170,63,64,425000,68,51,62,66,50,60,,,,,,,,,,,,,,,,,,,,,51,62,66,50,60
M. Guerbert,27,170,63,64,425000,61,52,60,67,40,46,,,,,,,,,,,,,,,,,,,,,52,60,67,40,46
P. Schwarz,27,174,63,64,425000,66,46,65,62,51,66,,,,,,,,,,,,,,,,,,,,,46,65,62,51,66
M. Gonçalves,18,178,62,73,425000,56,44,55,54,62,67,,,,,,,,,,,,,,,,,,,,,44,55,54,62,67
I. Cissé,23,185,62,71,425000,72,37,61,63,60,64,,,,,,,,,,,,,,,,,,,,,37,61,63,60,64
M. Piccinocchi,24,172,62,71,425000,60,51,59,66,56,61,,,,,,,,,,,,,,,,,,,,,51,59,66,56,61
Z. Jules,21,190,62,71,425000,64,33,42,45,60,75,,,,,,,,,,,,,,,,,,,,,33,42,45,60,75
E. Ntim,23,179,62,71,425000,76,25,51,52,62,65,,,,,,,,,,,,,,,,,,,,,25,51,52,62,65
P. Asmah,23,172,62,71,425000,58,33,49,66,60,54,,,,,,,,,,,,,,,,,,,,,33,49,66,60,54
D. Casey,21,183,62,71,425000,53,35,40,46,59,72,,,,,,,,,,,,,,,,,,,,,35,40,46,59,72
A. Brorsson,20,188,62,71,425000,55,20,39,42,61,68,,,,,,,,,,,,,,,,,,,,,20,39,42,61,68
J. Hernández,22,170,62,71,425000,72,41,55,59,57,65,,,,,,,,,,,,,,,,,,,,,41,55,59,57,65
C. Weberg,21,184,62,71,425000,63,29,48,51,60,67,,,,,,,,,,,,,,,,,,,,,29,48,51,60,67
Edgar,22,193,62,71,425000,41,27,52,40,62,65,,,,,,,,,,,,,,,,,,,,,27,52,40,62,65
M. Vihmann,23,195,62,71,425000,54,28,45,43,60,70,,,,,,,,,,,,,,,,,,,,,28,45,43,60,70
C. Costin,21,177,62,71,425000,78,30,51,61,57,59,,,,,,,,,,,,,,,,,,,,,30,51,61,57,59
W. Britto,22,182,62,71,425000,77,44,53,58,59,70,,,,,,,,,,,,,,,,,,,,,44,53,58,59,70
A. Ibrahim,21,171,62,71,425000,70,45,55,61,61,56,,,,,,,,,,,,,,,,,,,,,45,55,61,61,56
G. Méndez,24,180,62,69,425000,65,58,59,67,35,56,,,,,,,,,,,,,,,,,,,,,58,59,67,35,56
J. Houghton,23,183,62,69,425000,66,50,61,57,57,69,,,,,,,,,,,,,,,,,,,,,50,61,57,57,69
J. Weir,23,177,62,69,425000,69,46,61,67,53,57,,,,,,,,,,,,,,,,,,,,,46,61,67,53,57
M. Cubillos,23,170,62,69,425000,71,58,59,64,21,60,,,,,,,,,,,,,,,,,,,,,58,59,64,21,60
J. Gerezgiher,23,176,62,69,425000,70,52,58,67,38,48,,,,,,,,,,,,,,,,,,,,,52,58,67,38,48
L. Cueto,23,175,62,69,425000,91,57,50,67,33,48,,,,,,,,,,,,,,,,,,,,,57,50,67,33,48
Ba Dun,23,181,62,69,425000,76,53,56,64,48,59,,,,,,,,,,,,,,,,,,,,,53,56,64,48,59
D. Agyei,22,183,62,69,425000,71,58,48,60,29,66,,,,,,,,,,,,,,,,,,,,,58,48,60,29,66
S. Ibrahim,22,177,62,69,425000,79,61,43,60,23,72,,,,,,,,,,,,,,,,,,,,,61,43,60,23,72
J. Arak,24,183,62,69,425000,73,58,57,59,37,66,,,,,,,,,,,,,,,,,,,,,58,57,59,37,66
K. Yoshio,21,168,62,69,425000,75,52,60,64,44,50,,,,,,,,,,,,,,,,,,,,,52,60,64,44,50
L. Scherff,22,175,62,69,425000,81,48,49,68,47,71,,,,,,,,,,,,,,,,,,,,,48,49,68,47,71
A. Eisa,23,180,62,69,425000,88,57,52,66,28,59,,,,,,,,,,,,,,,,,,,,,57,52,66,28,59
T. Barlow,23,188,62,69,425000,74,58,49,58,43,67,,,,,,,,,,,,,,,,,,,,,58,49,58,43,67
V. Pinson,23,177,62,69,425000,63,64,47,62,21,43,,,,,,,,,,,,,,,,,,,,,64,47,62,21,43
M. Krauß,22,170,62,69,425000,79,52,53,68,28,53,,,,,,,,,,,,,,,,,,,,,52,53,68,28,53
K. Velasco,22,172,62,69,425000,75,44,55,67,29,50,,,,,,,,,,,,,,,,,,,,,44,55,67,29,50
O. Camara,20,169,62,69,425000,84,55,54,63,26,56,,,,,,,,,,,,,,,,,,,,,55,54,63,26,56
E. Cuello,22,180,62,69,425000,64,53,58,63,37,56,,,,,,,,,,,,,,,,,,,,,53,58,63,37,56
Y. Ackah,20,169,62,69,425000,69,46,56,65,56,51,,,,,,,,,,,,,,,,,,,,,46,56,65,56,51
E. Ramaj,23,175,62,69,425000,80,56,57,64,26,59,,,,,,,,,,,,,,,,,,,,,56,57,64,26,59
B. Pichler,21,184,62,69,425000,70,56,54,66,32,62,,,,,,,,,,,,,,,,,,,,,56,54,66,32,62
Y. Senesi,22,180,62,69,425000,79,62,55,65,32,55,,,,,,,,,,,,,,,,,,,,,62,55,65,32,55
C. Kane,24,181,62,68,425000,76,58,43,60,51,71,,,,,,,,,,,,,,,,,,,,,58,43,60,51,71
J. Morias,23,173,62,68,425000,74,61,43,63,28,76,,,,,,,,,,,,,,,,,,,,,61,43,63,28,76
S. Chihadeh,24,183,62,68,425000,69,63,48,61,24,52,,,,,,,,,,,,,,,,,,,,,63,48,61,24,52
P. Cappelluzzo,23,182,62,68,425000,52,60,46,63,30,68,,,,,,,,,,,,,,,,,,,,,60,46,63,30,68
G. Oakley,23,187,62,68,425000,60,60,41,55,25,69,,,,,,,,,,,,,,,,,,,,,60,41,55,25,69
D. Castañeda,24,184,62,68,425000,51,62,45,54,26,59,,,,,,,,,,,,,,,,,,,,,62,45,54,26,59
S. Mandash,24,167,62,68,425000,81,56,53,65,24,53,,,,,,,,,,,,,,,,,,,,,56,53,65,24,53
S. Musiolik,23,193,62,68,425000,73,59,42,57,24,58,,,,,,,,,,,,,,,,,,,,,59,42,57,24,58
J. Velásquez,24,174,62,68,425000,78,58,56,63,49,55,,,,,,,,,,,,,,,,,,,,,58,56,63,49,55
S. McCoulsky,22,183,62,68,425000,89,58,37,60,20,68,,,,,,,,,,,,,,,,,,,,,58,37,60,20,68
Park Dong Jin,24,185,62,68,425000,73,54,47,57,63,77,,,,,,,,,,,,,,,,,,,,,54,47,57,63,77
S. Çakır,22,172,62,68,425000,68,61,60,65,34,51,,,,,,,,,,,,,,,,,,,,,61,60,65,34,51
Sito,22,180,62,68,425000,51,60,61,69,43,38,,,,,,,,,,,,,,,,,,,,,60,61,69,43,38
M. Heinrich,21,180,62,68,425000,76,53,55,66,31,53,,,,,,,,,,,,,,,,,,,,,53,55,66,31,53
J. Romil,24,185,62,68,425000,72,61,54,64,22,58,,,,,,,,,,,,,,,,,,,,,61,54,64,22,58
H. Keyta,24,184,62,68,425000,78,61,54,67,32,55,,,,,,,,,,,,,,,,,,,,,61,54,67,32,55
A. Al Joui,24,171,62,68,425000,77,51,58,63,24,43,,,,,,,,,,,,,,,,,,,,,51,58,63,24,43
Rubén López,24,184,62,68,425000,55,62,47,57,32,66,,,,,,,,,,,,,,,,,,,,,62,47,57,32,66
F. Langsdorf,23,178,62,68,425000,58,61,46,62,26,55,,,,,,,,,,,,,,,,,,,,,61,46,62,26,55
K. Yamaguchi,23,175,62,68,425000,75,62,54,58,31,56,,,,,,,,,,,,,,,,,,,,,62,54,58,31,56
U. Nissilä,23,174,62,68,425000,67,55,58,63,38,46,,,,,,,,,,,,,,,,,,,,,55,58,63,38,46
Jordi Sánchez,24,190,62,68,425000,61,62,43,56,26,58,,,,,,,,,,,,,,,,,,,,,62,43,56,26,58
F. Golfo,24,165,62,68,425000,76,59,54,68,35,47,,,,,,,,,,,,,,,,,,,,,59,54,68,35,47
Y. Soma,22,165,62,68,425000,74,54,57,67,24,49,,,,,,,,,,,,,,,,,,,,,54,57,67,24,49
Z. Lepasa,22,180,62,68,425000,74,63,38,60,25,53,,,,,,,,,,,,,,,,,,,,,63,38,60,25,53
J. Williams,19,179,61,74,425000,71,38,52,61,58,65,,,,,,,,,,,,,,,,,,,,,38,52,61,58,65
T. Reithmeir,19,190,61,74,425000,55,28,35,42,61,66,,,,,,,,,,,,,,,,,,,,,28,35,42,61,66
C. Harries,22,185,61,73,425000,56,26,55,56,61,61,,,,,,,,,,,,,,,,,,,,,26,55,56,61,61
C. Masterson,20,189,61,73,425000,48,33,37,35,63,63,,,,,,,,,,,,,,,,,,,,,33,37,35,63,63
B. Fox,21,175,61,73,425000,61,48,54,58,58,63,,,,,,,,,,,,,,,,,,,,,48,54,58,58,63
L. Sherif,20,178,61,73,425000,64,42,54,56,59,70,,,,,,,,,,,,,,,,,,,,,42,54,56,59,70
A. Cervantes,21,180,61,73,425000,48,48,61,58,59,51,,,,,,,,,,,,,,,,,,,,,48,61,58,59,51
K. Taylor,19,178,61,73,425000,68,54,59,63,41,50,,,,,,,,,,,,,,,,,,,,,54,59,63,41,50
N. Casale,21,191,61,73,425000,58,30,35,39,61,68,,,,,,,,,,,,,,,,,,,,,30,35,39,61,68
P. Wiśniewski,20,195,61,73,425000,71,25,41,40,59,72,,,,,,,,,,,,,,,,,,,,,25,41,40,59,72
A. Jonjic,19,183,61,73,425000,72,52,54,66,30,59,,,,,,,,,,,,,,,,,,,,,52,54,66,30,59
J. Shaffelburg,19,178,61,73,425000,76,52,55,63,47,51,,,,,,,,,,,,,,,,,,,,,52,55,63,47,51
B. Vázquez,21,181,61,73,425000,65,39,50,54,60,61,,,,,,,,,,,,,,,,,,,,,39,50,54,60,61
J. Sierra,22,182,61,72,425000,67,61,42,58,25,60,,,,,,,,,,,,,,,,,,,,,61,42,58,25,60
Z. Westbrooke,22,178,61,72,425000,62,49,63,59,50,57,,,,,,,,,,,,,,,,,,,,,49,63,59,50,57
B. Wilson,22,185,61,72,425000,72,50,60,65,53,63,,,,,,,,,,,,,,,,,,,,,50,60,65,53,63
D. Jaiyesimi,21,181,61,72,425000,81,56,54,61,29,63,,,,,,,,,,,,,,,,,,,,,56,54,61,29,63
S. McLoughlin,22,175,61,72,425000,65,56,58,63,38,47,,,,,,,,,,,,,,,,,,,,,56,58,63,38,47
D. Heymans,20,189,61,72,425000,61,54,59,63,49,61,,,,,,,,,,,,,,,,,,,,,54,59,63,49,61
E. Mensah,21,170,61,72,425000,83,54,50,66,26,46,,,,,,,,,,,,,,,,,,,,,54,50,66,26,46
M. Cortés,22,172,61,72,425000,77,54,54,62,35,57,,,,,,,,,,,,,,,,,,,,,54,54,62,35,57
M. Kaasa,21,175,61,72,425000,69,46,58,68,50,54,,,,,,,,,,,,,,,,,,,,,46,58,68,50,54
R. Macek,22,188,61,72,425000,66,50,62,64,53,62,,,,,,,,,,,,,,,,,,,,,50,62,64,53,62
H. Ciftci,21,177,61,72,425000,67,49,59,64,48,57,,,,,,,,,,,,,,,,,,,,,49,59,64,48,57
D. Urzúa,22,173,61,72,425000,64,47,60,65,36,47,,,,,,,,,,,,,,,,,,,,,47,60,65,36,47
José Carlos,20,170,61,72,425000,69,55,58,67,53,49,,,,,,,,,,,,,,,,,,,,,55,58,67,53,49
M. van Kins,20,182,61,72,425000,65,52,60,64,41,47,,,,,,,,,,,,,,,,,,,,,52,60,64,41,47
P. Vroegh,19,180,61,72,425000,64,45,62,60,52,58,,,,,,,,,,,,,,,,,,,,,45,62,60,52,58
Bermejo,21,170,61,72,425000,70,46,55,68,31,43,,,,,,,,,,,,,,,,,,,,,46,55,68,31,43
P. Tomczyk,21,184,61,71,425000,83,57,40,59,23,58,,,,,,,,,,,,,,,,,,,,,57,40,59,23,58
K. Tagawa,20,181,61,71,425000,84,56,45,59,30,71,,,,,,,,,,,,,,,,,,,,,56,45,59,30,71
M. Chajia,21,181,61,71,425000,72,56,56,65,26,41,,,,,,,,,,,,,,,,,,,,,56,56,65,26,41
P. Michael,21,186,61,71,425000,69,57,46,59,35,69,,,,,,,,,,,,,,,,,,,,,57,46,59,35,69
A. Bella-Kotchap,17,190,60,82,425000,72,25,37,35,60,69,,,,,,,,,,,,,,,,,,,,,25,37,35,60,69
A. Balanta,19,178,60,80,425000,65,42,52,54,60,62,,,,,,,,,,,,,,,,,,,,,42,52,54,60,62
P. Glatzel,18,174,60,80,425000,68,60,51,59,30,49,,,,,,,,,,,,,,,,,,,,,60,51,59,30,49
V. De Baunbag,18,191,60,80,425000,74,56,52,63,26,59,,,,,,,,,,,,,,,,,,,,,56,52,63,26,59
I. Gruev,19,189,60,80,425000,54,48,60,59,55,58,,,,,,,,,,,,,,,,,,,,,48,60,59,55,58
M. Mercan,18,176,60,80,425000,64,61,60,63,49,46,,,,,,,,,,,,,,,,,,,,,61,60,63,49,46
J. Latibeaudiere,19,180,60,79,425000,61,28,42,47,60,59,,,,,,,,,,,,,,,,,,,,,28,42,47,60,59
B. Wilmot,19,188,60,79,425000,46,29,39,30,59,61,,,,,,,,,,,,,,,,,,,,,29,39,30,59,61
A. Karnuçu,19,183,60,79,425000,48,42,54,56,60,59,,,,,,,,,,,,,,,,,,,,,42,54,56,60,59
B. Garré,18,171,60,78,425000,73,55,53,66,32,46,,,,,,,,,,,,,,,,,,,,,55,53,66,32,46
G. Corbo,19,185,60,78,425000,51,26,37,45,62,57,,,,,,,,,,,,,,,,,,,,,26,37,45,62,57
J. Scott,18,188,60,78,425000,73,57,37,52,20,66,,,,,,,,,,,,,,,,,,,,,57,37,52,20,66
F. Hartmann,18,178,60,78,425000,68,64,48,63,24,46,,,,,,,,,,,,,,,,,,,,,64,48,63,24,46
T. Raschl,19,177,60,78,425000,64,44,59,61,53,61,,,,,,,,,,,,,,,,,,,,,44,59,61,53,61
G. Ahadme,18,188,60,78,425000,60,58,43,55,29,60,,,,,,,,,,,,,,,,,,,,,58,43,55,29,60
Jesús Alvarez,19,180,60,78,425000,58,34,42,44,60,63,,,,,,,,,,,,,,,,,,,,,34,42,44,60,63
B. Bida,18,175,60,78,425000,82,57,53,63,21,49,,,,,,,,,,,,,,,,,,,,,57,53,63,21,49
T. Baack,20,180,60,77,425000,59,25,40,42,62,57,,,,,,,,,,,,,,,,,,,,,25,40,42,62,57
G. Güney,20,180,60,77,425000,57,48,56,59,57,60,,,,,,,,,,,,,,,,,,,,,48,56,59,57,60
R. Sears,20,181,60,77,425000,74,37,47,56,55,67,,,,,,,,,,,,,,,,,,,,,37,47,56,55,67
S. Szota,20,186,60,77,425000,76,27,41,40,59,72,,,,,,,,,,,,,,,,,,,,,27,41,40,59,72
B. Galván,18,166,60,77,425000,77,54,56,63,47,54,,,,,,,,,,,,,,,,,,,,,54,56,63,47,54
J. Lahne,17,170,60,77,425000,92,58,51,63,35,64,,,,,,,,,,,,,,,,,,,,,58,51,63,35,64
K. Sessa,18,175,60,77,425000,71,42,59,69,49,45,,,,,,,,,,,,,,,,,,,,,42,59,69,49,45
R. Edmondson,18,185,60,77,425000,58,60,38,55,25,71,,,,,,,,,,,,,,,,,,,,,60,38,55,25,71
A. Tripaldelli,20,182,60,77,425000,60,33,46,61,60,58,,,,,,,,,,,,,,,,,,,,,33,46,61,60,58
A. Ayala,19,169,60,77,425000,65,41,55,60,60,52,,,,,,,,,,,,,,,,,,,,,41,55,60,60,52
T. Sabitzer,18,176,60,77,425000,72,56,52,64,23,47,,,,,,,,,,,,,,,,,,,,,56,52,64,23,47
Carlos Kevin,18,178,60,77,425000,57,60,47,59,26,63,,,,,,,,,,,,,,,,,,,,,60,47,59,26,63
D. Duhaney,20,180,60,76,425000,70,33,48,59,57,64,,,,,,,,,,,,,,,,,,,,,33,48,59,57,64
S. Stubbs,20,190,60,76,425000,48,29,39,49,59,62,,,,,,,,,,,,,,,,,,,,,29,39,49,59,62
F. Myhre,20,180,60,76,425000,58,46,56,63,54,61,,,,,,,,,,,,,,,,,,,,,46,56,63,54,61
I. Ogbu,19,187,60,76,425000,66,39,50,54,57,69,,,,,,,,,,,,,,,,,,,,,39,50,54,57,69
A. Nguiamba,20,179,60,76,425000,64,36,53,59,58,62,,,,,,,,,,,,,,,,,,,,,36,53,59,58,62
M. Kaufmann,18,190,60,76,425000,70,59,45,56,17,61,,,,,,,,,,,,,,,,,,,,,59,45,56,17,61
M. Kumbulla,19,185,60,76,425000,58,28,35,34,62,62,,,,,,,,,,,,,,,,,,,,,28,35,34,62,62
K. Arima,18,181,60,76,425000,67,52,54,64,31,49,,,,,,,,,,,,,,,,,,,,,52,54,64,31,49
S. Soto,18,183,60,76,425000,66,60,45,57,22,56,,,,,,,,,,,,,,,,,,,,,60,45,57,22,56
B. Ndilu,18,186,60,76,425000,60,61,47,57,20,56,,,,,,,,,,,,,,,,,,,,,61,47,57,20,56
A. Francis,18,184,60,76,425000,75,48,57,65,44,62,,,,,,,,,,,,,,,,,,,,,48,57,65,44,62
I. Wilson,20,187,60,75,425000,63,40,53,60,54,75,,,,,,,,,,,,,,,,,,,,,40,53,60,54,75
N. Mekonnen,19,177,60,75,425000,65,41,55,59,57,60,,,,,,,,,,,,,,,,,,,,,41,55,59,57,60
A. Gürleyen,20,192,60,75,425000,55,37,43,41,55,73,,,,,,,,,,,,,,,,,,,,,37,43,41,55,73
M. Młyński,18,178,60,75,425000,77,50,55,60,40,57,,,,,,,,,,,,,,,,,,,,,50,55,60,40,57
M. Talbi,21,178,60,75,425000,56,30,37,42,61,56,,,,,,,,,,,,,,,,,,,,,30,37,42,61,56
F. Schwarzholz,19,181,60,75,425000,59,38,55,56,57,59,,,,,,,,,,,,,,,,,,,,,38,55,56,57,59
E. Bullaude,18,184,60,75,425000,63,59,53,61,20,50,,,,,,,,,,,,,,,,,,,,,59,53,61,20,50
R. Sans,20,176,60,75,425000,65,39,53,60,57,53,,,,,,,,,,,,,,,,,,,,,39,53,60,57,53
S. Mackie,20,178,60,75,425000,78,40,56,63,52,69,,,,,,,,,,,,,,,,,,,,,40,56,63,52,69
B. Moltenis,20,185,60,75,425000,59,29,42,46,60,60,,,,,,,,,,,,,,,,,,,,,29,42,46,60,60
J. Sánchez de León,19,178,60,75,425000,62,33,43,49,59,60,,,,,,,,,,,,,,,,,,,,,33,43,49,59,60
A. Ugur,18,184,60,75,425000,71,45,60,65,53,48,,,,,,,,,,,,,,,,,,,,,45,60,65,53,48
Ismael,18,176,60,75,425000,66,54,58,62,56,53,,,,,,,,,,,,,,,,,,,,,54,58,62,56,53
V. Pinto,18,185,60,75,425000,64,57,36,59,19,60,,,,,,,,,,,,,,,,,,,,,57,36,59,19,60
A. Maldonado,21,188,60,74,425000,49,28,35,38,59,71,,,,,,,,,,,,,,,,,,,,,28,35,38,59,71
M. Fossey,20,179,60,74,425000,77,39,48,63,54,58,,,,,,,,,,,,,,,,,,,,,39,48,63,54,58
F. Malagueño,20,167,60,74,425000,72,33,41,60,57,51,,,,,,,,,,,,,,,,,,,,,33,41,60,57,51
C. Palacios,18,168,60,74,425000,72,54,53,61,28,54,,,,,,,,,,,,,,,,,,,,,54,53,61,28,54
T. van den Belt,18,174,60,74,425000,60,44,60,60,56,40,,,,,,,,,,,,,,,,,,,,,44,60,60,56,40
D. Köhn,20,180,60,74,425000,79,31,43,60,54,63,,,,,,,,,,,,,,,,,,,,,31,43,60,54,63
A. Maiz,18,172,60,74,425000,68,48,60,63,57,53,,,,,,,,,,,,,,,,,,,,,48,60,63,57,53
R. Lindgren,34,181,69,69,400000,39,62,64,62,69,70,,,,,,,,,,,,,,,,,,,,,62,64,62,69,70
José Semedo,34,183,69,69,400000,47,41,54,57,69,78,,,,,,,,,,,,,,,,,,,,,41,54,57,69,78
I. González,34,184,69,69,400000,34,38,50,48,67,78,,,,,,,,,,,,,,,,,,,,,38,50,48,67,78
D. Gordon,34,194,69,69,400000,39,50,59,56,69,72,,,,,,,,,,,,,,,,,,,,,50,59,56,69,72
Charles,34,175,69,69,400000,68,64,60,67,69,65,,,,,,,,,,,,,,,,,,,,,64,60,67,69,65
I. Lewczuk,34,189,69,69,400000,39,46,62,61,67,73,,,,,,,,,,,,,,,,,,,,,46,62,61,67,73
D. Novaretti,34,193,69,69,400000,33,26,49,38,69,74,,,,,,,,,,,,,,,,,,,,,26,49,38,69,74
L. Narváez,34,179,69,69,400000,35,48,60,54,69,70,,,,,,,,,,,,,,,,,,,,,48,60,54,69,70
W. Andrade,34,190,69,69,400000,38,32,37,37,68,70,,,,,,,,,,,,,,,,,,,,,32,37,37,68,70
Jung Jo Gook,35,186,68,68,400000,59,68,58,61,33,66,,,,,,,,,,,,,,,,,,,,,68,58,61,33,66
Cejudo,35,180,68,68,400000,72,63,62,70,50,71,,,,,,,,,,,,,,,,,,,,,63,62,70,50,71
E. Velarde,33,174,68,68,400000,68,58,66,64,67,70,,,,,,,,,,,,,,,,,,,,,58,66,64,67,70
S. Morison,35,188,68,68,400000,49,66,56,62,44,79,,,,,,,,,,,,,,,,,,,,,66,56,62,44,79
W. López,33,182,68,68,400000,67,47,66,59,61,73,,,,,,,,,,,,,,,,,,,,,47,66,59,61,73
C. Cortés,35,179,68,68,400000,62,59,66,68,38,56,,,,,,,,,,,,,,,,,,,,,59,66,68,38,56
Bruno Teles,33,183,68,68,400000,67,57,67,64,67,72,,,,,,,,,,,,,,,,,,,,,57,67,64,67,72
Ricardo Nunes,33,180,68,68,400000,78,55,65,65,63,66,,,,,,,,,,,,,,,,,,,,,55,65,65,63,66
Arthur Silbeira,35,178,68,68,400000,64,71,57,68,29,60,,,,,,,,,,,,,,,,,,,,,71,57,68,29,60
Lucas Medeirão,35,179,68,68,400000,62,66,60,68,34,53,,,,,,,,,,,,,,,,,,,,,66,60,68,34,53
Adão Salvadaldo,35,174,68,68,400000,76,70,50,76,26,50,,,,,,,,,,,,,,,,,,,,,70,50,76,26,50
Jorgino Baumer,35,178,68,68,400000,63,60,64,72,31,53,,,,,,,,,,,,,,,,,,,,,60,64,72,31,53
Adrián Maideira,35,170,68,68,400000,79,69,61,68,33,59,,,,,,,,,,,,,,,,,,,,,69,61,68,33,59
Enzio Julião,35,185,68,68,400000,74,65,55,68,34,66,,,,,,,,,,,,,,,,,,,,,65,55,68,34,66
I. Henderson,34,178,67,67,400000,61,68,63,70,35,69,,,,,,,,,,,,,,,,,,,,,68,63,70,35,69
F. Piovaccari,34,180,67,67,400000,57,66,51,59,35,69,,,,,,,,,,,,,,,,,,,,,66,51,59,35,69
Sandaza,34,188,67,67,400000,46,68,61,63,43,65,,,,,,,,,,,,,,,,,,,,,68,61,63,43,65
J. Absalonsen,33,177,66,66,400000,71,63,63,67,44,63,,,,,,,,,,,,,,,,,,,,,63,63,67,44,63
S. Rasswalder,32,175,66,66,400000,62,54,60,60,66,65,,,,,,,,,,,,,,,,,,,,,54,60,60,66,65
R. O'Donovan,33,179,66,66,400000,74,66,52,65,24,70,,,,,,,,,,,,,,,,,,,,,66,52,65,24,70
M. Wunderlich,33,184,66,66,400000,66,66,64,68,33,59,,,,,,,,,,,,,,,,,,,,,66,64,68,33,59
M. Akyüz,33,187,66,66,400000,70,67,61,63,42,64,,,,,,,,,,,,,,,,,,,,,67,61,63,42,64
B. van Hintum,32,177,66,66,400000,59,53,67,64,67,65,,,,,,,,,,,,,,,,,,,,,53,67,64,67,65
R. Hayasaka,33,183,66,66,400000,54,60,68,68,38,60,,,,,,,,,,,,,,,,,,,,,60,68,68,38,60
R. Griffiths,31,187,65,65,400000,51,50,59,60,62,77,,,,,,,,,,,,,,,,,,,,,50,59,60,62,77
J. Grounds,31,185,65,65,400000,61,41,56,62,64,73,,,,,,,,,,,,,,,,,,,,,41,56,62,64,73
S. Golbourne,31,173,65,65,400000,69,32,57,63,62,72,,,,,,,,,,,,,,,,,,,,,32,57,63,62,72
L. Stevenson,31,170,65,65,400000,63,43,60,67,64,68,,,,,,,,,,,,,,,,,,,,,43,60,67,64,68
A. Paolucci,32,176,65,65,400000,72,59,66,66,55,63,,,,,,,,,,,,,,,,,,,,,59,66,66,55,63
M. Almebäck,31,184,65,65,400000,73,30,42,41,63,77,,,,,,,,,,,,,,,,,,,,,30,42,41,63,77
C. Dielna,31,183,65,65,400000,62,47,52,51,62,78,,,,,,,,,,,,,,,,,,,,,47,52,51,62,78
K. Conboy,31,185,65,65,400000,67,49,61,61,63,70,,,,,,,,,,,,,,,,,,,,,49,61,61,63,70
J. Brayford,31,173,65,65,400000,60,43,59,61,65,71,,,,,,,,,,,,,,,,,,,,,43,59,61,65,71
P. Tomasik,31,177,65,65,400000,72,51,62,60,60,72,,,,,,,,,,,,,,,,,,,,,51,62,60,60,72
U. Bangura,31,180,65,65,400000,76,48,58,58,61,77,,,,,,,,,,,,,,,,,,,,,48,58,58,61,77
E. Alexander,31,185,65,65,400000,58,59,64,64,58,69,,,,,,,,,,,,,,,,,,,,,59,64,64,58,69
S. Scheimann,31,181,65,65,400000,69,62,61,63,61,73,,,,,,,,,,,,,,,,,,,,,62,61,63,61,73
S. Jombati,31,182,65,65,400000,66,37,53,54,63,71,,,,,,,,,,,,,,,,,,,,,37,53,54,63,71
J. Schauerte,31,177,65,65,400000,69,40,60,63,64,65,,,,,,,,,,,,,,,,,,,,,40,60,63,64,65
T. Bu Haymid,31,169,65,65,400000,72,60,63,64,58,72,,,,,,,,,,,,,,,,,,,,,60,63,64,58,72
R. Bugueño,31,175,65,65,400000,66,43,52,63,59,75,,,,,,,,,,,,,,,,,,,,,43,52,63,59,75
A. Bernal,31,184,65,65,400000,53,41,61,60,60,76,,,,,,,,,,,,,,,,,,,,,41,61,60,60,76
L. Pavez Contreras,31,175,65,65,400000,56,45,54,60,65,66,,,,,,,,,,,,,,,,,,,,,45,54,60,65,66
C. Diedhiou,31,191,65,65,400000,65,26,36,39,65,70,,,,,,,,,,,,,,,,,,,,,26,36,39,65,70
Sidnei Dalmeira,31,185,65,65,400000,64,36,43,56,65,66,,,,,,,,,,,,,,,,,,,,,36,43,56,65,66
Henrique Jardinel,31,175,65,65,400000,60,45,63,64,61,61,,,,,,,,,,,,,,,,,,,,,45,63,64,61,61
K. Gehring,31,193,65,65,400000,42,25,40,45,62,78,,,,,,,,,,,,,,,,,,,,,25,40,45,62,78
F. Buchacher,31,184,65,65,400000,73,51,55,58,60,74,,,,,,,,,,,,,,,,,,,,,51,55,58,60,74
P. Ruffaut,32,182,65,65,400000,62,66,65,64,45,63,,,,,,,,,,,,,,,,,,,,,66,65,64,45,63
J. Grant,31,183,64,64,400000,80,57,59,65,37,57,,,,,,,,,,,,,,,,,,,,,57,59,65,37,57
S. Davies,31,185,64,64,400000,36,65,60,62,40,69,,,,,,,,,,,,,,,,,,,,,65,60,62,40,69
S. Lang,31,177,64,64,400000,74,58,59,64,42,58,,,,,,,,,,,,,,,,,,,,,58,59,64,42,58
C. Walch,31,181,64,64,400000,72,62,56,70,30,64,,,,,,,,,,,,,,,,,,,,,62,56,70,30,64
E. Ledesma,31,183,64,64,400000,70,59,61,65,40,60,,,,,,,,,,,,,,,,,,,,,59,61,65,40,60
P. Taylor,31,170,64,64,400000,77,61,54,71,26,58,,,,,,,,,,,,,,,,,,,,,61,54,71,26,58
J. Clarke,27,183,64,64,400000,69,37,54,60,64,67,,,,,,,,,,,,,,,,,,,,,37,54,60,64,67
R. Wallace,31,183,64,64,400000,73,61,61,62,53,71,,,,,,,,,,,,,,,,,,,,,61,61,62,53,71
R. Kiernan,28,186,64,64,400000,61,27,49,46,63,70,,,,,,,,,,,,,,,,,,,,,27,49,46,63,70
S. Rafn,27,172,64,64,400000,78,49,63,65,57,65,,,,,,,,,,,,,,,,,,,,,49,63,65,57,65
A. Papazoglou,31,196,64,64,400000,30,65,50,53,27,78,,,,,,,,,,,,,,,,,,,,,65,50,53,27,78
G. Tulli,31,174,64,64,400000,75,62,61,64,27,59,,,,,,,,,,,,,,,,,,,,,62,61,64,27,59
M. Nielsen,28,187,64,64,400000,51,42,55,57,62,69,,,,,,,,,,,,,,,,,,,,,42,55,57,62,69
Y. Hamza,28,182,64,64,400000,69,46,59,55,59,77,,,,,,,,,,,,,,,,,,,,,46,59,55,59,77
F. Darwish,27,176,64,64,400000,79,57,59,66,59,72,,,,,,,,,,,,,,,,,,,,,57,59,66,59,72
G. Torromino,31,176,64,64,400000,77,61,58,69,25,61,,,,,,,,,,,,,,,,,,,,,61,58,69,25,61
A. Al Barakah,28,175,64,64,400000,58,45,55,61,61,72,,,,,,,,,,,,,,,,,,,,,45,55,61,61,72
T. Lindenhahn,28,177,64,64,400000,75,59,60,69,60,74,,,,,,,,,,,,,,,,,,,,,59,60,69,60,74
T. Abe,31,171,64,64,400000,52,65,61,67,44,66,,,,,,,,,,,,,,,,,,,,,65,61,67,44,66
I. Herrera,31,178,64,64,400000,75,63,56,65,31,64,,,,,,,,,,,,,,,,,,,,,63,56,65,31,64
Aidi Fulangxisi,28,181,64,64,400000,70,31,58,53,63,71,,,,,,,,,,,,,,,,,,,,,31,58,53,63,71
T. Andreu,31,178,64,64,400000,50,62,66,64,53,58,,,,,,,,,,,,,,,,,,,,,62,66,64,53,58
O. Fisher,27,175,64,64,400000,74,36,57,66,62,56,,,,,,,,,,,,,,,,,,,,,36,57,66,62,56
Juli Morrinhos,31,181,64,64,400000,55,58,64,59,36,52,,,,,,,,,,,,,,,,,,,,,58,64,59,36,52
Dêniro Prestes,31,187,64,64,400000,52,64,44,57,27,75,,,,,,,,,,,,,,,,,,,,,64,44,57,27,75
Iuliano Alfaro,31,177,64,64,400000,59,68,53,67,27,55,,,,,,,,,,,,,,,,,,,,,68,53,67,27,55
J. Kusukami,31,171,64,64,400000,79,53,57,67,38,53,,,,,,,,,,,,,,,,,,,,,53,57,67,38,53
Joaninho Chagas,31,178,64,64,400000,65,52,64,61,47,53,,,,,,,,,,,,,,,,,,,,,52,64,61,47,53
Mairdel Sampaio,31,175,64,64,400000,74,55,57,68,33,49,,,,,,,,,,,,,,,,,,,,,55,57,68,33,49
A. Tanaka,31,167,64,64,400000,81,58,61,64,55,61,,,,,,,,,,,,,,,,,,,,,58,61,64,55,61
A. Kouakou,28,185,64,64,400000,62,43,50,53,62,73,,,,,,,,,,,,,,,,,,,,,43,50,53,62,73
I. Sirelius,31,177,64,64,400000,71,58,57,63,47,67,,,,,,,,,,,,,,,,,,,,,58,57,63,47,67
João Reis,27,174,64,64,400000,69,44,55,69,61,62,,,,,,,,,,,,,,,,,,,,,44,55,69,61,62
P. Lima,28,181,64,64,400000,60,37,56,52,58,65,,,,,,,,,,,,,,,,,,,,,37,56,52,58,65
Y. Fouzai,31,176,64,64,400000,72,59,61,66,27,54,,,,,,,,,,,,,,,,,,,,,59,61,66,27,54
L. Mihai,31,172,64,64,400000,60,64,59,66,34,53,,,,,,,,,,,,,,,,,,,,,64,59,66,34,53
C. Aasbak,25,187,63,66,400000,66,52,62,58,60,73,,,,,,,,,,,,,,,,,,,,,52,62,58,60,73
M. Haakenstad,25,183,63,66,400000,82,49,52,59,57,75,,,,,,,,,,,,,,,,,,,,,49,52,59,57,75
F. Møller,25,180,63,66,400000,70,47,57,61,59,67,,,,,,,,,,,,,,,,,,,,,47,57,61,59,67
S. Galloway,24,176,63,66,400000,74,38,54,62,58,64,,,,,,,,,,,,,,,,,,,,,38,54,62,58,64
S. Roux,26,181,63,66,400000,74,49,55,61,60,68,,,,,,,,,,,,,,,,,,,,,49,55,61,60,68
M. Mosquera,26,180,63,66,400000,62,27,47,56,61,72,,,,,,,,,,,,,,,,,,,,,27,47,56,61,72
J. Clarke,24,173,63,66,400000,81,55,55,63,57,65,,,,,,,,,,,,,,,,,,,,,55,55,63,57,65
B. Halliday,23,180,63,66,400000,71,38,56,64,59,68,,,,,,,,,,,,,,,,,,,,,38,56,64,59,68
T. Davies,27,185,63,66,400000,60,27,37,38,61,74,,,,,,,,,,,,,,,,,,,,,27,37,38,61,74
Agus Medina,24,177,63,66,400000,67,37,51,61,65,50,,,,,,,,,,,,,,,,,,,,,37,51,61,65,50
J. Santander,25,180,63,66,400000,77,49,60,62,60,62,,,,,,,,,,,,,,,,,,,,,49,60,62,60,62
Y. Ito,25,176,63,66,400000,69,30,57,57,60,61,,,,,,,,,,,,,,,,,,,,,30,57,57,60,61
C. Suárez,27,170,63,66,400000,67,35,51,63,61,66,,,,,,,,,,,,,,,,,,,,,35,51,63,61,66
C. Karayel,24,174,63,66,400000,65,36,52,57,64,61,,,,,,,,,,,,,,,,,,,,,36,52,57,64,61
M. Ambrose,25,175,63,66,400000,70,40,51,57,61,65,,,,,,,,,,,,,,,,,,,,,40,51,57,61,65
P. Mako,25,163,63,66,400000,72,36,42,59,66,55,,,,,,,,,,,,,,,,,,,,,36,42,59,66,55
F. Lapis,25,183,63,66,400000,90,45,51,57,57,70,,,,,,,,,,,,,,,,,,,,,45,51,57,57,70
R. Lamie,26,188,63,66,400000,63,29,49,60,63,75,,,,,,,,,,,,,,,,,,,,,29,49,60,63,75
S. Bauer,26,183,63,66,400000,59,25,31,41,65,63,,,,,,,,,,,,,,,,,,,,,25,31,41,65,63
A. Gabrielli,26,179,63,66,400000,66,42,52,59,62,63,,,,,,,,,,,,,,,,,,,,,42,52,59,62,63
J. Bay,26,179,63,66,400000,75,44,49,60,60,66,,,,,,,,,,,,,,,,,,,,,44,49,60,60,66
T. Kainz,26,174,63,65,400000,64,55,62,60,60,68,,,,,,,,,,,,,,,,,,,,,55,62,60,60,68
C. Raglan,26,185,63,65,400000,67,32,40,42,58,77,,,,,,,,,,,,,,,,,,,,,32,40,42,58,77
M. Vitzthum,27,185,63,65,400000,75,51,53,56,62,76,,,,,,,,,,,,,,,,,,,,,51,53,56,62,76
M. Schultz,26,194,63,65,400000,50,26,32,39,62,72,,,,,,,,,,,,,,,,,,,,,26,32,39,62,72
Lee Ju Yong,26,180,63,65,400000,77,59,57,64,57,67,,,,,,,,,,,,,,,,,,,,,59,57,64,57,67
A. Al Habib,26,187,63,65,400000,61,31,36,50,62,69,,,,,,,,,,,,,,,,,,,,,31,36,50,62,69
S. Monaco,26,192,63,65,400000,51,39,44,50,63,65,,,,,,,,,,,,,,,,,,,,,39,44,50,63,65
C. Maloney,24,168,63,65,400000,67,43,54,62,61,65,,,,,,,,,,,,,,,,,,,,,43,54,62,61,65
T. Takagi,26,177,63,65,400000,73,43,56,61,60,69,,,,,,,,,,,,,,,,,,,,,43,56,61,60,69
M. Dobrescu,26,176,63,65,400000,72,33,51,60,59,64,,,,,,,,,,,,,,,,,,,,,33,51,60,59,64
D. Ragatzu,27,172,63,63,400000,77,60,53,68,31,47,,,,,,,,,,,,,,,,,,,,,60,53,68,31,47
Maicon Sampinho,27,181,63,63,400000,62,60,54,68,24,57,,,,,,,,,,,,,,,,,,,,,60,54,68,24,57
Breno,19,179,62,71,400000,70,32,47,60,60,60,,,,,,,,,,,,,,,,,,,,,32,47,60,60,60
J. Turnbull,24,185,62,70,400000,60,27,46,50,61,70,,,,,,,,,,,,,,,,,,,,,27,46,50,61,70
J. Bartosz,22,183,62,70,400000,80,55,52,62,57,71,,,,,,,,,,,,,,,,,,,,,55,52,62,57,71
C. Lindquist,23,181,62,70,400000,77,46,57,60,58,65,,,,,,,,,,,,,,,,,,,,,46,57,60,58,65
L. Zanon,22,177,62,70,400000,67,37,51,55,60,63,,,,,,,,,,,,,,,,,,,,,37,51,55,60,63
C. Johnson,21,188,62,70,400000,64,31,43,53,60,69,,,,,,,,,,,,,,,,,,,,,31,43,53,60,69
A. Ildız,22,181,62,70,400000,63,49,58,62,61,68,,,,,,,,,,,,,,,,,,,,,49,58,62,61,68
L. Woolfenden,20,183,62,70,400000,63,27,49,40,61,67,,,,,,,,,,,,,,,,,,,,,27,49,40,61,67
Sergio Gónzalez,22,184,62,70,400000,58,28,40,40,63,59,,,,,,,,,,,,,,,,,,,,,28,40,40,63,59
T. Watanabe,22,184,62,70,400000,60,29,45,41,59,69,,,,,,,,,,,,,,,,,,,,,29,45,41,59,69
Anderson,21,184,62,70,400000,77,45,49,58,57,56,,,,,,,,,,,,,,,,,,,,,45,49,58,57,56
S. Juma,20,173,62,70,400000,75,28,46,42,58,69,,,,,,,,,,,,,,,,,,,,,28,46,42,58,69
Z. Sanusi,22,182,62,70,400000,68,32,43,52,63,61,,,,,,,,,,,,,,,,,,,,,32,43,52,63,61
B. Alceus,23,173,62,70,400000,58,44,57,61,59,58,,,,,,,,,,,,,,,,,,,,,44,57,61,59,58
K. Shiihashi,22,177,62,69,400000,66,36,54,57,58,68,,,,,,,,,,,,,,,,,,,,,36,54,57,58,68
Lee Sang Min,24,176,62,69,400000,66,37,56,54,55,72,,,,,,,,,,,,,,,,,,,,,37,56,54,55,72
D. Cancola,22,183,62,69,400000,50,35,55,57,59,65,,,,,,,,,,,,,,,,,,,,,35,55,57,59,65
M. Degerlund,21,195,62,69,400000,63,23,48,42,61,69,,,,,,,,,,,,,,,,,,,,,23,48,42,61,69
J. Hildebrandt,22,184,62,69,400000,70,51,56,63,59,67,,,,,,,,,,,,,,,,,,,,,51,56,63,59,67
Isi,23,171,62,68,400000,46,49,62,65,51,48,,,,,,,,,,,,,,,,,,,,,49,62,65,51,48
M. Maier,23,176,62,68,400000,67,45,58,62,56,64,,,,,,,,,,,,,,,,,,,,,45,58,62,56,64
M. Romero,23,176,62,68,400000,71,53,56,66,57,61,,,,,,,,,,,,,,,,,,,,,53,56,66,57,61
H. Al Habib,24,183,62,68,400000,62,57,59,61,58,75,,,,,,,,,,,,,,,,,,,,,57,59,61,58,75
K. Krolicki,23,178,62,68,400000,65,37,59,67,57,62,,,,,,,,,,,,,,,,,,,,,37,59,67,57,62
F. Rieder,23,174,62,68,400000,74,46,56,66,54,64,,,,,,,,,,,,,,,,,,,,,46,56,66,54,64
L. Angol,24,187,62,67,400000,81,60,55,60,30,67,,,,,,,,,,,,,,,,,,,,,60,55,60,30,67
T. Söderström,25,188,62,67,400000,86,57,59,63,57,65,,,,,,,,,,,,,,,,,,,,,57,59,63,57,65
F. Rodríguez,23,177,62,67,400000,67,59,60,65,35,54,,,,,,,,,,,,,,,,,,,,,59,60,65,35,54
M. Anaba,25,177,62,67,400000,63,55,59,61,51,67,,,,,,,,,,,,,,,,,,,,,55,59,61,51,67
F. Schröter,23,177,62,67,400000,76,62,50,64,28,54,,,,,,,,,,,,,,,,,,,,,62,50,64,28,54
F. Eguelfi,24,178,62,67,400000,62,43,59,66,59,55,,,,,,,,,,,,,,,,,,,,,43,59,66,59,55
J. Kayser,22,171,62,67,400000,73,53,60,67,38,42,,,,,,,,,,,,,,,,,,,,,53,60,67,38,42
H. Smith,24,196,62,67,400000,63,60,47,60,30,74,,,,,,,,,,,,,,,,,,,,,60,47,60,30,74
T. Hagn,24,186,62,67,400000,72,41,56,62,59,72,,,,,,,,,,,,,,,,,,,,,41,56,62,59,72
M. Yandaş,24,175,62,67,400000,60,53,60,66,42,57,,,,,,,,,,,,,,,,,,,,,53,60,66,42,57
J. Medina,24,180,62,67,400000,74,59,58,63,34,56,,,,,,,,,,,,,,,,,,,,,59,58,63,34,56
S. Barratt,23,188,62,67,400000,72,52,57,61,29,60,,,,,,,,,,,,,,,,,,,,,52,57,61,29,60
Nguyen Cong Phuong,24,168,62,67,400000,72,58,49,64,19,55,,,,,,,,,,,,,,,,,,,,,58,49,64,19,55
S. Nago,23,168,62,67,400000,78,43,61,69,51,53,,,,,,,,,,,,,,,,,,,,,43,61,69,51,53
A. Bamba,25,176,62,67,400000,62,57,66,63,46,46,,,,,,,,,,,,,,,,,,,,,57,66,63,46,46
R. López,25,192,62,67,400000,51,59,49,59,25,73,,,,,,,,,,,,,,,,,,,,,59,49,59,25,73
K. Nakagawa,23,175,62,67,400000,65,57,58,62,36,49,,,,,,,,,,,,,,,,,,,,,57,58,62,36,49
J. Allevinah,24,172,62,67,400000,83,57,54,66,26,50,,,,,,,,,,,,,,,,,,,,,57,54,66,26,50
Bruno Xavier,22,178,62,67,400000,64,54,64,67,35,57,,,,,,,,,,,,,,,,,,,,,54,64,67,35,57
D. Chávez,24,182,62,66,400000,57,60,61,62,48,70,,,,,,,,,,,,,,,,,,,,,60,61,62,48,70
K. Drzazga,24,179,62,66,400000,77,59,51,60,28,60,,,,,,,,,,,,,,,,,,,,,59,51,60,28,60
Song Si Woo,25,174,62,66,400000,75,60,60,65,37,52,,,,,,,,,,,,,,,,,,,,,60,60,65,37,52
P. Soiri,24,183,62,66,400000,74,62,56,62,41,55,,,,,,,,,,,,,,,,,,,,,62,56,62,41,55
K. Brünker,25,190,62,66,400000,78,60,42,50,22,77,,,,,,,,,,,,,,,,,,,,,60,42,50,22,77
E. Opoku,21,170,62,66,400000,81,57,54,63,33,50,,,,,,,,,,,,,,,,,,,,,57,54,63,33,50
C. Wilkinson,24,191,62,65,400000,70,61,48,63,31,67,,,,,,,,,,,,,,,,,,,,,61,48,63,31,67
K. Lara,20,182,61,73,400000,72,30,53,62,59,59,,,,,,,,,,,,,,,,,,,,,30,53,62,59,59
D. Rosales,21,171,61,73,400000,68,36,53,57,60,49,,,,,,,,,,,,,,,,,,,,,36,53,57,60,49
S. Abdulhamid,19,165,61,73,400000,76,37,51,62,57,55,,,,,,,,,,,,,,,,,,,,,37,51,62,57,55
�. Vlădoiu,20,178,61,73,400000,73,26,51,58,57,64,,,,,,,,,,,,,,,,,,,,,26,51,58,57,64
J. Rumpf,19,192,61,73,400000,52,31,40,41,61,56,,,,,,,,,,,,,,,,,,,,,31,40,41,61,56
P. O'Connor,21,191,61,72,400000,53,21,38,36,60,70,,,,,,,,,,,,,,,,,,,,,21,38,36,60,70
A. Andrésson,21,193,61,72,400000,53,43,49,43,59,68,,,,,,,,,,,,,,,,,,,,,43,49,43,59,68
C. McCarthy,21,185,61,72,400000,52,28,48,49,60,64,,,,,,,,,,,,,,,,,,,,,28,48,49,60,64
E. Dahl Reitan,21,180,61,72,400000,74,45,51,59,58,62,,,,,,,,,,,,,,,,,,,,,45,51,59,58,62
M. Weymans,21,175,61,72,400000,79,44,54,64,52,72,,,,,,,,,,,,,,,,,,,,,44,54,64,52,72
Huang Zhengyu,22,178,61,72,400000,75,25,42,61,62,57,,,,,,,,,,,,,,,,,,,,,25,42,61,62,57
I. Hemans,22,168,61,72,400000,79,41,53,67,57,51,,,,,,,,,,,,,,,,,,,,,41,53,67,57,51
C. Pring,21,185,61,72,400000,82,45,52,59,56,68,,,,,,,,,,,,,,,,,,,,,45,52,59,56,68
K. Duncan,21,177,61,72,400000,78,30,50,62,58,62,,,,,,,,,,,,,,,,,,,,,30,50,62,58,62
D. Hume,20,177,61,72,400000,75,36,48,63,56,57,,,,,,,,,,,,,,,,,,,,,36,48,63,56,57
Y. Gómez,21,176,61,72,400000,84,28,44,60,56,59,,,,,,,,,,,,,,,,,,,,,28,44,60,56,59
I. Aaneba,20,179,61,72,400000,66,29,51,56,62,64,,,,,,,,,,,,,,,,,,,,,29,51,56,62,64
A. Herzog,21,178,61,72,400000,67,43,56,61,58,54,,,,,,,,,,,,,,,,,,,,,43,56,61,58,54
A. Aleo,21,175,61,72,400000,67,44,50,63,57,58,,,,,,,,,,,,,,,,,,,,,44,50,63,57,58
O. Mbaizo,21,178,61,72,400000,81,36,52,63,57,63,,,,,,,,,,,,,,,,,,,,,36,52,63,57,63
A. Gamboa,20,191,61,72,400000,49,27,46,48,58,71,,,,,,,,,,,,,,,,,,,,,27,46,48,58,71
Y. Al Bakr,21,170,61,72,400000,79,27,50,61,55,56,,,,,,,,,,,,,,,,,,,,,27,50,61,55,56
N. Tarnat,21,179,61,72,400000,64,57,58,60,57,60,,,,,,,,,,,,,,,,,,,,,57,58,60,57,60
F. Arce,22,184,61,71,400000,62,53,59,59,58,73,,,,,,,,,,,,,,,,,,,,,53,59,59,58,73
S. Bastoni,22,183,61,71,400000,64,52,60,64,51,59,,,,,,,,,,,,,,,,,,,,,52,60,64,51,59
G. Sbrissa,22,184,61,71,400000,58,50,58,63,55,62,,,,,,,,,,,,,,,,,,,,,50,58,63,55,62
C. Blackett-Taylor,21,170,61,71,400000,88,53,52,62,22,64,,,,,,,,,,,,,,,,,,,,,53,52,62,22,64
M. Christensen,21,182,61,71,400000,64,46,60,58,61,68,,,,,,,,,,,,,,,,,,,,,46,60,58,61,68
A. Al Najjar,22,175,61,71,400000,78,56,57,63,44,53,,,,,,,,,,,,,,,,,,,,,56,57,63,44,53
A. Al Khulaif,22,166,61,71,400000,86,48,53,67,22,35,,,,,,,,,,,,,,,,,,,,,48,53,67,22,35
T. Archibald,21,180,61,71,400000,75,62,53,64,43,60,,,,,,,,,,,,,,,,,,,,,62,53,64,43,60
J. Schau,20,177,61,71,400000,72,43,57,63,54,64,,,,,,,,,,,,,,,,,,,,,43,57,63,54,64
K. Gutiérrez,22,168,61,71,400000,74,49,60,63,58,60,,,,,,,,,,,,,,,,,,,,,49,60,63,58,60
E. Cerna,21,172,61,71,400000,70,55,56,65,31,43,,,,,,,,,,,,,,,,,,,,,55,56,65,31,43
H. Magnetti,21,180,61,71,400000,58,46,59,65,54,63,,,,,,,,,,,,,,,,,,,,,46,59,65,54,63
D. Jones,22,175,61,71,400000,83,57,55,62,56,62,,,,,,,,,,,,,,,,,,,,,57,55,62,56,62
D. González,20,173,61,71,400000,62,54,58,64,50,60,,,,,,,,,,,,,,,,,,,,,54,58,64,50,60
A. Uribe,20,175,61,71,400000,63,55,61,61,41,47,,,,,,,,,,,,,,,,,,,,,55,61,61,41,47
M. Ngalina,19,180,61,71,400000,89,58,52,65,25,57,,,,,,,,,,,,,,,,,,,,,58,52,65,25,57
N. Blumberg,22,172,61,71,400000,80,59,53,65,16,49,,,,,,,,,,,,,,,,,,,,,59,53,65,16,49
L. Bell Bell,22,180,61,71,400000,80,58,54,62,36,62,,,,,,,,,,,,,,,,,,,,,58,54,62,36,62
C. Baker-Richardson,23,188,61,70,400000,66,58,39,53,19,57,,,,,,,,,,,,,,,,,,,,,58,39,53,19,57
V. Adeboyejo,21,178,61,70,400000,73,59,47,61,27,67,,,,,,,,,,,,,,,,,,,,,59,47,61,27,67
K. Twardek,22,186,61,70,400000,77,54,55,60,36,63,,,,,,,,,,,,,,,,,,,,,54,55,60,36,63
D. Sula,21,182,61,70,400000,64,60,54,62,19,60,,,,,,,,,,,,,,,,,,,,,60,54,62,19,60
F. Benko,21,180,61,70,400000,62,51,59,66,43,57,,,,,,,,,,,,,,,,,,,,,51,59,66,43,57
R. Ito,21,174,61,70,400000,81,48,52,66,42,57,,,,,,,,,,,,,,,,,,,,,48,52,66,42,57
A. Bifulco,22,173,61,70,400000,67,45,61,62,38,45,,,,,,,,,,,,,,,,,,,,,45,61,62,38,45
G. Weissbeck,22,177,61,70,400000,62,49,62,62,38,48,,,,,,,,,,,,,,,,,,,,,49,62,62,38,48
S. Reyes,21,175,61,70,400000,76,56,54,61,27,46,,,,,,,,,,,,,,,,,,,,,56,54,61,27,46
Rayco,22,178,61,70,400000,71,55,61,62,44,58,,,,,,,,,,,,,,,,,,,,,55,61,62,44,58
J. Bühler,21,180,61,70,400000,67,50,56,64,26,59,,,,,,,,,,,,,,,,,,,,,50,56,64,26,59
L. Prip,22,182,61,70,400000,75,48,56,62,30,57,,,,,,,,,,,,,,,,,,,,,48,56,62,30,57
Andre Shinyashiki,22,175,61,70,400000,74,60,48,62,34,57,,,,,,,,,,,,,,,,,,,,,60,48,62,34,57
N. Nöstlinger,21,182,61,70,400000,70,58,61,62,37,53,,,,,,,,,,,,,,,,,,,,,58,61,62,37,53
Javi Navarro,22,179,61,70,400000,70,54,53,64,25,50,,,,,,,,,,,,,,,,,,,,,54,53,64,25,50
A. Nollenberger,22,180,61,70,400000,71,53,52,64,40,60,,,,,,,,,,,,,,,,,,,,,53,52,64,40,60
S. Sohm,18,188,60,80,400000,72,42,55,60,58,73,,,,,,,,,,,,,,,,,,,,,42,55,60,58,73
A. Lewis,19,175,60,79,400000,66,36,57,60,57,58,,,,,,,,,,,,,,,,,,,,,36,57,60,57,58
C. Bassett,17,180,60,79,400000,61,51,60,61,55,57,,,,,,,,,,,,,,,,,,,,,51,60,61,55,57
A. van der Heide,17,172,60,79,400000,78,54,51,67,25,45,,,,,,,,,,,,,,,,,,,,,54,51,67,25,45
W. Taïbi,17,175,60,78,400000,59,48,62,65,41,43,,,,,,,,,,,,,,,,,,,,,48,62,65,41,43
A. Martina,18,177,60,78,400000,79,43,50,56,58,56,,,,,,,,,,,,,,,,,,,,,43,50,56,58,56
F. Çetinkaya,18,188,60,77,400000,60,27,31,35,61,62,,,,,,,,,,,,,,,,,,,,,27,31,35,61,62
K. Mouanga,18,191,60,76,400000,55,31,35,38,61,66,,,,,,,,,,,,,,,,,,,,,31,35,38,61,66
M. Diarra,18,183,60,76,400000,63,31,44,58,60,51,,,,,,,,,,,,,,,,,,,,,31,44,58,60,51
R. Yilmaz,18,174,60,76,400000,67,45,50,61,57,55,,,,,,,,,,,,,,,,,,,,,45,50,61,57,55
R. González,19,170,60,75,400000,71,32,48,62,56,47,,,,,,,,,,,,,,,,,,,,,32,48,62,56,47
A. Lungwitz,18,180,60,75,400000,65,38,48,55,60,61,,,,,,,,,,,,,,,,,,,,,38,48,55,60,61
K. Ehlers,18,187,60,75,400000,59,28,43,42,60,64,,,,,,,,,,,,,,,,,,,,,28,43,42,60,64
S. Asta,18,178,60,74,400000,67,31,46,61,60,58,,,,,,,,,,,,,,,,,,,,,31,46,61,60,58
G. Lapslie,21,173,60,73,400000,65,43,55,62,55,40,,,,,,,,,,,,,,,,,,,,,43,55,62,55,40
K. Benyu,21,178,60,73,400000,70,54,61,65,52,61,,,,,,,,,,,,,,,,,,,,,54,61,65,52,61
F. Puntoriere,21,179,60,73,400000,73,56,43,63,24,49,,,,,,,,,,,,,,,,,,,,,56,43,63,24,49
M. Di Paola,21,180,60,73,400000,60,47,56,59,53,51,,,,,,,,,,,,,,,,,,,,,47,56,59,53,51
R. Hale,20,176,60,73,400000,73,59,54,60,26,62,,,,,,,,,,,,,,,,,,,,,59,54,60,26,62
M. Mølvadgaard,19,189,60,73,400000,76,57,46,60,24,61,,,,,,,,,,,,,,,,,,,,,57,46,60,24,61
H. Al Ghamdi,20,161,60,73,400000,71,57,58,67,51,40,,,,,,,,,,,,,,,,,,,,,57,58,67,51,40
Y. Otto,20,180,60,73,400000,70,57,47,64,30,54,,,,,,,,,,,,,,,,,,,,,57,47,64,30,54
M. Batmaz,19,180,60,73,400000,66,61,35,63,23,49,,,,,,,,,,,,,,,,,,,,,61,35,63,23,49
M. De Smet,19,183,60,73,400000,63,50,59,64,32,47,,,,,,,,,,,,,,,,,,,,,50,59,64,32,47
Y. Ibrahim,19,185,60,73,400000,73,50,53,65,32,59,,,,,,,,,,,,,,,,,,,,,50,53,65,32,59
K. Beckerman,37,177,70,70,375000,34,60,62,64,68,69,,,,,,,,,,,,,,,,,,,,,60,62,64,68,69
Dorca,36,183,70,70,375000,38,59,65,62,68,78,,,,,,,,,,,,,,,,,,,,,59,65,62,68,78
Zheng Zhi,38,181,70,70,375000,48,64,67,72,70,61,,,,,,,,,,,,,,,,,,,,,64,67,72,70,61
Yuri,36,186,69,69,375000,66,70,55,67,35,68,,,,,,,,,,,,,,,,,,,,,70,55,67,35,68
Y. Okubo,37,170,69,69,375000,41,71,63,70,25,60,,,,,,,,,,,,,,,,,,,,,71,63,70,25,60
C. Wondolowski,36,183,69,69,375000,41,71,56,62,50,67,,,,,,,,,,,,,,,,,,,,,71,56,62,50,67
Bellvís,34,170,69,69,375000,78,43,60,69,63,69,,,,,,,,,,,,,,,,,,,,,43,60,69,63,69
D. Damjanović,37,187,69,69,375000,48,71,64,64,34,69,,,,,,,,,,,,,,,,,,,,,71,64,64,34,69
M. Gazzola,34,183,69,69,375000,67,49,56,66,66,69,,,,,,,,,,,,,,,,,,,,,49,56,66,66,69
E. Özgenç,34,177,69,69,375000,69,57,68,70,69,71,,,,,,,,,,,,,,,,,,,,,57,68,70,69,71
S. Holmén,35,180,68,68,375000,66,65,66,65,66,67,,,,,,,,,,,,,,,,,,,,,65,66,65,66,67
F. Battiste,35,178,68,68,375000,63,51,66,66,67,67,,,,,,,,,,,,,,,,,,,,,51,66,66,67,67
F. Manríquez,35,168,68,68,375000,57,63,71,65,59,56,,,,,,,,,,,,,,,,,,,,,63,71,65,59,56
R. Wallace,34,167,67,67,375000,66,65,69,70,51,51,,,,,,,,,,,,,,,,,,,,,65,69,70,51,51
J. Samuelsen,34,172,67,67,375000,56,61,65,68,61,67,,,,,,,,,,,,,,,,,,,,,61,65,68,61,67
Abraham González,33,178,67,67,375000,58,65,71,62,61,65,,,,,,,,,,,,,,,,,,,,,65,71,62,61,65
M. Troiano,34,189,67,67,375000,59,55,63,56,65,81,,,,,,,,,,,,,,,,,,,,,55,63,56,65,81
S. Quinn,33,168,67,67,375000,62,61,66,70,62,65,,,,,,,,,,,,,,,,,,,,,61,66,70,62,65
J. Mousinho,33,186,67,67,375000,53,55,59,63,67,78,,,,,,,,,,,,,,,,,,,,,55,59,63,67,78
A. Al Khaibari,33,177,67,67,375000,66,45,53,58,68,71,,,,,,,,,,,,,,,,,,,,,45,53,58,68,71
Bruno Monteiro,34,180,67,67,375000,49,59,63,67,63,68,,,,,,,,,,,,,,,,,,,,,59,63,67,63,68
B. García,34,175,67,67,375000,67,62,65,69,58,67,,,,,,,,,,,,,,,,,,,,,62,65,69,58,67
L. Arias,34,168,67,67,375000,73,66,65,67,64,65,,,,,,,,,,,,,,,,,,,,,66,65,67,64,65
David Rocha,34,179,67,67,375000,53,65,67,66,59,71,,,,,,,,,,,,,,,,,,,,,65,67,66,59,71
F. Nordkvelle,33,180,66,66,375000,65,64,64,67,52,70,,,,,,,,,,,,,,,,,,,,,64,64,67,52,70
C. Lines,33,188,66,66,375000,51,59,67,63,52,59,,,,,,,,,,,,,,,,,,,,,59,67,63,52,59
E. Jónsson,30,188,64,64,375000,35,38,53,54,63,78,,,,,,,,,,,,,,,,,,,,,38,53,54,63,78
M. Nielsen,31,184,64,64,375000,59,61,62,60,59,73,,,,,,,,,,,,,,,,,,,,,61,62,60,59,73
L. James,31,178,64,64,375000,46,57,63,63,58,69,,,,,,,,,,,,,,,,,,,,,57,63,63,58,69
M. Viniegra,31,180,64,64,375000,59,55,63,62,61,68,,,,,,,,,,,,,,,,,,,,,55,63,62,61,68
G. Bolger,30,180,64,64,375000,54,53,59,60,62,69,,,,,,,,,,,,,,,,,,,,,53,59,60,62,69
M. Ellis,30,188,64,64,375000,60,30,43,47,62,70,,,,,,,,,,,,,,,,,,,,,30,43,47,62,70
M. Albertazzi,28,185,64,64,375000,65,39,50,52,65,68,,,,,,,,,,,,,,,,,,,,,39,50,52,65,68
C. Klem,28,172,64,64,375000,81,44,56,61,58,67,,,,,,,,,,,,,,,,,,,,,44,56,61,58,67
M. Facchinetti,28,184,64,64,375000,69,51,54,58,60,68,,,,,,,,,,,,,,,,,,,,,51,54,58,60,68
L. Kontogiannis,30,184,64,64,375000,53,35,57,59,62,67,,,,,,,,,,,,,,,,,,,,,35,57,59,62,67
L. Poujol,30,187,64,64,375000,53,28,50,49,62,76,,,,,,,,,,,,,,,,,,,,,28,50,49,62,76
L. Ridehalgh,28,178,64,64,375000,73,49,57,62,60,67,,,,,,,,,,,,,,,,,,,,,49,57,62,60,67
J. Hingert,28,170,64,64,375000,75,37,57,64,59,68,,,,,,,,,,,,,,,,,,,,,37,57,64,59,68
A. Marino,30,188,64,64,375000,55,34,43,36,60,76,,,,,,,,,,,,,,,,,,,,,34,43,36,60,76
A. Martin,29,190,64,64,375000,51,39,38,42,64,71,,,,,,,,,,,,,,,,,,,,,39,38,42,64,71
A. Latifu,29,182,64,64,375000,72,52,60,62,60,69,,,,,,,,,,,,,,,,,,,,,52,60,62,60,69
Lee Jae Kwon,31,176,64,64,375000,75,55,60,64,57,72,,,,,,,,,,,,,,,,,,,,,55,60,64,57,72
S. Carrasco,30,180,64,64,375000,44,56,63,61,61,69,,,,,,,,,,,,,,,,,,,,,56,63,61,61,69
Kim Soo Beom,28,174,64,64,375000,78,51,60,66,60,64,,,,,,,,,,,,,,,,,,,,,51,60,66,60,64
S. Auer,28,176,64,64,375000,70,50,57,64,61,71,,,,,,,,,,,,,,,,,,,,,50,57,64,61,71
S. Balić,29,185,64,64,375000,69,38,51,58,63,72,,,,,,,,,,,,,,,,,,,,,38,51,58,63,72
O. Hein,29,174,64,64,375000,69,59,60,67,60,62,,,,,,,,,,,,,,,,,,,,,59,60,67,60,62
M. Al Fehaid,29,178,64,64,375000,63,43,55,60,61,74,,,,,,,,,,,,,,,,,,,,,43,55,60,61,74
D. Iapichino,28,182,64,64,375000,73,50,55,59,60,55,,,,,,,,,,,,,,,,,,,,,50,55,59,60,55
Hwang Seok Ho,30,183,64,64,375000,41,30,41,46,62,76,,,,,,,,,,,,,,,,,,,,,30,41,46,62,76
P. McGinn,28,183,64,64,375000,77,51,58,63,58,72,,,,,,,,,,,,,,,,,,,,,51,58,63,58,72
M. Schwabl,28,182,64,64,375000,71,41,55,59,61,75,,,,,,,,,,,,,,,,,,,,,41,55,59,61,75
Jeong Dong Ho,29,174,64,64,375000,75,27,53,63,61,59,,,,,,,,,,,,,,,,,,,,,27,53,63,61,59
R. González,30,185,64,64,375000,61,37,57,56,60,74,,,,,,,,,,,,,,,,,,,,,37,57,56,60,74
C. Hinestroza,29,172,64,64,375000,73,59,62,65,58,73,,,,,,,,,,,,,,,,,,,,,59,62,65,58,73
F. Portillo,31,178,64,64,375000,43,35,62,60,58,79,,,,,,,,,,,,,,,,,,,,,35,62,60,58,79
J. Corrales,28,174,64,64,375000,63,43,59,64,63,59,,,,,,,,,,,,,,,,,,,,,43,59,64,63,59
T. Karlsson,30,187,64,64,375000,55,28,37,41,63,73,,,,,,,,,,,,,,,,,,,,,28,37,41,63,73
Zhao Honglue,29,180,64,64,375000,64,34,53,63,61,68,,,,,,,,,,,,,,,,,,,,,34,53,63,61,68
R. Allen,29,180,64,64,375000,61,36,60,65,63,71,,,,,,,,,,,,,,,,,,,,,36,60,65,63,71
T. Mahrer,29,191,64,64,375000,42,27,42,40,63,73,,,,,,,,,,,,,,,,,,,,,27,42,40,63,73
F. Carabalí,28,180,64,64,375000,77,29,50,58,60,52,,,,,,,,,,,,,,,,,,,,,29,50,58,60,52
S. Al Khaibari,29,185,64,64,375000,58,25,42,38,65,67,,,,,,,,,,,,,,,,,,,,,25,42,38,65,67
D. Ernst,28,178,64,64,375000,72,42,51,54,58,75,,,,,,,,,,,,,,,,,,,,,42,51,54,58,75
J. Welzmüller,29,188,64,64,375000,56,27,36,42,64,71,,,,,,,,,,,,,,,,,,,,,27,36,42,64,71
N. Fofana,29,183,64,64,375000,72,27,50,57,64,66,,,,,,,,,,,,,,,,,,,,,27,50,57,64,66
T. Bunmathan,29,171,64,64,375000,69,44,59,66,60,60,,,,,,,,,,,,,,,,,,,,,44,59,66,60,60
N. Ependi,28,178,64,64,375000,73,27,46,56,64,64,,,,,,,,,,,,,,,,,,,,,27,46,56,64,64
M. Ahmed,30,183,64,64,375000,72,41,49,58,62,67,,,,,,,,,,,,,,,,,,,,,41,49,58,62,67
I. Balaur,30,188,64,64,375000,57,26,42,46,65,61,,,,,,,,,,,,,,,,,,,,,26,42,46,65,61
S. Bușu,29,176,64,64,375000,65,31,45,56,65,58,,,,,,,,,,,,,,,,,,,,,31,45,56,65,58
J. Chougrani,28,185,64,64,375000,76,26,53,56,61,65,,,,,,,,,,,,,,,,,,,,,26,53,56,61,65
A. Vardin,29,182,64,64,375000,75,29,53,60,62,69,,,,,,,,,,,,,,,,,,,,,29,53,60,62,69
K. Delgado,29,180,64,64,375000,71,50,62,55,58,60,,,,,,,,,,,,,,,,,,,,,50,62,55,58,60
M. Đurić,31,188,64,64,375000,73,62,61,64,59,68,,,,,,,,,,,,,,,,,,,,,62,61,64,59,68
N. Canavan,28,191,63,65,375000,51,16,28,35,64,70,,,,,,,,,,,,,,,,,,,,,16,28,35,64,70
L. Sætra,27,195,63,65,375000,38,37,45,38,60,75,,,,,,,,,,,,,,,,,,,,,37,45,38,60,75
T. Schilk,27,188,63,65,375000,73,38,52,54,61,71,,,,,,,,,,,,,,,,,,,,,38,52,54,61,71
A. Berzel,27,184,63,65,375000,69,51,52,49,59,76,,,,,,,,,,,,,,,,,,,,,51,52,49,59,76
D. Franco,27,184,63,65,375000,52,27,30,36,62,71,,,,,,,,,,,,,,,,,,,,,27,30,36,62,71
Park Tae Hong,28,185,63,65,375000,67,27,38,44,63,68,,,,,,,,,,,,,,,,,,,,,27,38,44,63,68
S. Takahashi,27,180,63,65,375000,65,26,29,31,65,67,,,,,,,,,,,,,,,,,,,,,26,29,31,65,67
E. Katayama,27,180,63,65,375000,61,43,55,58,60,69,,,,,,,,,,,,,,,,,,,,,43,55,58,60,69
F. Báez,27,183,63,65,375000,56,28,39,43,63,62,,,,,,,,,,,,,,,,,,,,,28,39,43,63,62
H. Vera,28,187,63,65,375000,62,41,46,55,62,69,,,,,,,,,,,,,,,,,,,,,41,46,55,62,69
A. White,27,175,63,64,375000,79,55,58,61,61,59,,,,,,,,,,,,,,,,,,,,,55,58,61,61,59
C. Piergianni,27,184,63,64,375000,47,26,39,45,61,75,,,,,,,,,,,,,,,,,,,,,26,39,45,61,75
P. Ulvestad,28,194,63,64,375000,45,54,54,55,61,73,,,,,,,,,,,,,,,,,,,,,54,54,55,61,73
B. Traoré,26,177,63,64,375000,69,33,52,55,61,70,,,,,,,,,,,,,,,,,,,,,33,52,55,61,70
M. Heinloth,27,177,63,64,375000,70,37,49,62,59,67,,,,,,,,,,,,,,,,,,,,,37,49,62,59,67
H. Al Mansour,26,178,63,64,375000,72,51,59,62,58,67,,,,,,,,,,,,,,,,,,,,,51,59,62,58,67
R. Mukiibi,27,188,63,64,375000,52,47,63,62,62,74,,,,,,,,,,,,,,,,,,,,,47,63,62,62,74
Gwon Wan Gyu,27,183,63,64,375000,85,31,55,60,62,65,,,,,,,,,,,,,,,,,,,,,31,55,60,62,65
N. Alho,26,172,63,64,375000,80,57,62,68,55,65,,,,,,,,,,,,,,,,,,,,,57,62,68,55,65
M. Qvist,26,203,63,64,375000,38,48,58,54,59,75,,,,,,,,,,,,,,,,,,,,,48,58,54,59,75
L. Schlüter,27,185,63,64,375000,72,51,57,60,56,70,,,,,,,,,,,,,,,,,,,,,51,57,60,56,70
L. Osaki,27,187,63,64,375000,58,37,54,40,60,72,,,,,,,,,,,,,,,,,,,,,37,54,40,60,72
M. Bottani,28,170,63,63,375000,86,59,50,72,38,50,,,,,,,,,,,,,,,,,,,,,59,50,72,38,50
N. Delfouneso,28,186,63,63,375000,67,61,57,66,29,57,,,,,,,,,,,,,,,,,,,,,61,57,66,29,57
S. O'Keefe,28,173,63,63,375000,58,57,58,64,60,68,,,,,,,,,,,,,,,,,,,,,57,58,64,60,68
Gao Di,29,178,63,63,375000,70,61,43,59,49,70,,,,,,,,,,,,,,,,,,,,,61,43,59,49,70
J. Payne,28,183,63,63,375000,64,55,63,61,54,72,,,,,,,,,,,,,,,,,,,,,55,63,61,54,72
M. Karlsen,29,195,63,63,375000,44,64,47,55,37,75,,,,,,,,,,,,,,,,,,,,,64,47,55,37,75
J. Taylor,27,177,63,63,375000,69,56,61,65,54,70,,,,,,,,,,,,,,,,,,,,,56,61,65,54,70
B. Stokke,28,191,63,63,375000,53,64,52,58,36,77,,,,,,,,,,,,,,,,,,,,,64,52,58,36,77
C. Bickel,28,178,63,63,375000,67,57,62,65,34,54,,,,,,,,,,,,,,,,,,,,,57,62,65,34,54
D. Schütz,28,169,63,63,375000,86,58,57,67,26,48,,,,,,,,,,,,,,,,,,,,,58,57,67,26,48
R. Gaffney,29,184,63,63,375000,67,60,55,59,38,69,,,,,,,,,,,,,,,,,,,,,60,55,59,38,69
M. Broberg,28,186,63,63,375000,72,61,63,64,50,66,,,,,,,,,,,,,,,,,,,,,61,63,64,50,66
Kim Kyung Jung,28,178,63,63,375000,80,49,56,63,22,44,,,,,,,,,,,,,,,,,,,,,49,56,63,22,44
Didac,28,173,63,63,375000,70,57,62,69,57,54,,,,,,,,,,,,,,,,,,,,,57,62,69,57,54
M. Bouziane,28,184,63,63,375000,77,54,57,65,27,68,,,,,,,,,,,,,,,,,,,,,54,57,65,27,68
M. Al Thmali,27,180,63,63,375000,60,56,60,64,60,57,,,,,,,,,,,,,,,,,,,,,56,60,64,60,57
E. Hurtado,28,178,63,63,375000,84,62,52,60,33,60,,,,,,,,,,,,,,,,,,,,,62,52,60,33,60
C. Amaya,28,177,63,63,375000,70,63,46,63,28,62,,,,,,,,,,,,,,,,,,,,,63,46,63,28,62
L. Pérez,29,187,63,63,375000,68,63,52,61,29,59,,,,,,,,,,,,,,,,,,,,,63,52,61,29,59
S. Molina,27,177,63,63,375000,76,48,65,71,46,63,,,,,,,,,,,,,,,,,,,,,48,65,71,46,63
M. Hamzi,27,172,63,63,375000,82,57,54,64,44,54,,,,,,,,,,,,,,,,,,,,,57,54,64,44,54
S. Dooley,27,180,63,63,375000,70,56,60,65,38,42,,,,,,,,,,,,,,,,,,,,,56,60,65,38,42
Costa Ferreira,28,179,63,63,375000,67,55,57,66,28,59,,,,,,,,,,,,,,,,,,,,,55,57,66,28,59
Josi Mouraldo,27,182,63,63,375000,60,56,62,62,42,60,,,,,,,,,,,,,,,,,,,,,56,62,62,42,60
A. Al Zain,27,182,63,63,375000,75,58,58,63,42,62,,,,,,,,,,,,,,,,,,,,,58,58,63,42,62
B. Alston,27,183,63,63,375000,64,57,62,64,38,63,,,,,,,,,,,,,,,,,,,,,57,62,64,38,63
M. Musaka,28,176,63,63,375000,64,59,65,62,58,62,,,,,,,,,,,,,,,,,,,,,59,65,62,58,62
D. Newton,28,178,63,63,375000,77,61,41,63,24,78,,,,,,,,,,,,,,,,,,,,,61,41,63,24,78
Tian Yinong,28,181,63,63,375000,74,31,55,61,59,74,,,,,,,,,,,,,,,,,,,,,31,55,61,59,74
D. Grubb,27,183,63,63,375000,73,58,58,64,23,61,,,,,,,,,,,,,,,,,,,,,58,58,64,23,61
S. Abraham,28,178,63,63,375000,63,60,60,67,34,55,,,,,,,,,,,,,,,,,,,,,60,60,67,34,55
B. Santelli,27,180,63,63,375000,79,58,53,66,24,57,,,,,,,,,,,,,,,,,,,,,58,53,66,24,57
Pirulo,27,176,63,63,375000,65,59,62,65,26,48,,,,,,,,,,,,,,,,,,,,,59,62,65,26,48
L. Katnik,29,185,63,63,375000,65,62,52,55,35,72,,,,,,,,,,,,,,,,,,,,,62,52,55,35,72
V. Vevatne,24,183,62,69,375000,67,53,52,59,60,66,,,,,,,,,,,,,,,,,,,,,53,52,59,60,66
Julio Rodríguez,23,193,62,69,375000,43,33,43,40,58,73,,,,,,,,,,,,,,,,,,,,,33,43,40,58,73
Fran Serrano,24,192,62,69,375000,38,33,40,40,60,66,,,,,,,,,,,,,,,,,,,,,33,40,40,60,66
T. Denton,23,176,62,69,375000,78,48,57,62,58,59,,,,,,,,,,,,,,,,,,,,,48,57,62,58,59
A. Arnarson,23,180,62,69,375000,65,48,53,58,59,73,,,,,,,,,,,,,,,,,,,,,48,53,58,59,73
L. Desmond,24,183,62,69,375000,53,44,55,59,61,68,,,,,,,,,,,,,,,,,,,,,44,55,59,61,68
M. Maria,24,176,62,69,375000,76,48,59,70,55,54,,,,,,,,,,,,,,,,,,,,,48,59,70,55,54
A. Baker,22,178,62,69,375000,67,28,51,56,60,64,,,,,,,,,,,,,,,,,,,,,28,51,56,60,64
M. Seck,23,176,62,69,375000,67,47,57,57,61,57,,,,,,,,,,,,,,,,,,,,,47,57,57,61,57
Bueno,23,182,62,69,375000,72,30,40,43,59,75,,,,,,,,,,,,,,,,,,,,,30,40,43,59,75
A. Al Shammary,23,178,62,69,375000,76,48,57,65,54,65,,,,,,,,,,,,,,,,,,,,,48,57,65,54,65
L. Banks,22,183,62,69,375000,72,36,53,60,60,65,,,,,,,,,,,,,,,,,,,,,36,53,60,60,65
B. Kyere,24,188,62,69,375000,69,38,41,44,56,80,,,,,,,,,,,,,,,,,,,,,38,41,44,56,80
S. Ntiya-Ntiya,22,166,62,69,375000,73,29,51,62,60,53,,,,,,,,,,,,,,,,,,,,,29,51,62,60,53
Zhang Yu,25,188,62,69,375000,65,27,42,55,61,68,,,,,,,,,,,,,,,,,,,,,27,42,55,61,68
M. Malec,24,190,62,69,375000,42,31,38,36,61,68,,,,,,,,,,,,,,,,,,,,,31,38,36,61,68
R. Polley,20,183,62,69,375000,66,37,48,61,63,62,,,,,,,,,,,,,,,,,,,,,37,48,61,63,62
J. Julio,22,190,62,69,375000,50,26,33,27,60,68,,,,,,,,,,,,,,,,,,,,,26,33,27,60,68
N. Havenaar,24,198,62,69,375000,47,29,34,33,62,76,,,,,,,,,,,,,,,,,,,,,29,34,33,62,76
R. Hall-Johnson,24,173,62,68,375000,78,45,54,62,59,57,,,,,,,,,,,,,,,,,,,,,45,54,62,59,57
Park Ji Soo,25,184,62,68,375000,64,49,51,57,62,66,,,,,,,,,,,,,,,,,,,,,49,51,57,62,66
H. White,24,185,62,68,375000,92,43,50,59,59,66,,,,,,,,,,,,,,,,,,,,,43,50,59,59,66
H. Kyprianou,22,182,62,68,375000,70,42,54,58,60,66,,,,,,,,,,,,,,,,,,,,,42,54,58,60,66
C. Dummigan,23,180,62,68,375000,72,34,51,62,60,63,,,,,,,,,,,,,,,,,,,,,34,51,62,60,63
T. Dasquet,25,180,62,68,375000,54,27,36,46,63,58,,,,,,,,,,,,,,,,,,,,,27,36,46,63,58
K. Knoyle,22,177,62,68,375000,86,29,51,62,57,55,,,,,,,,,,,,,,,,,,,,,29,51,62,57,55
I. Diallo,22,175,62,68,375000,69,32,41,52,63,51,,,,,,,,,,,,,,,,,,,,,32,41,52,63,51
J. Maguire,23,179,62,68,375000,74,40,53,59,59,59,,,,,,,,,,,,,,,,,,,,,40,53,59,59,59
R. Crișan,23,197,62,68,375000,49,29,39,36,59,79,,,,,,,,,,,,,,,,,,,,,29,39,36,59,79
R. Kaib,22,178,62,68,375000,77,45,62,64,55,55,,,,,,,,,,,,,,,,,,,,,45,62,64,55,55
M. Troiani,22,180,62,68,375000,69,44,54,59,60,60,,,,,,,,,,,,,,,,,,,,,44,54,59,60,60
Liu Junshuai,24,187,62,68,375000,58,29,40,46,62,71,,,,,,,,,,,,,,,,,,,,,29,40,46,62,71
C. Kablan,24,176,62,68,375000,68,45,56,61,62,61,,,,,,,,,,,,,,,,,,,,,45,56,61,62,61
R. Çağıran,24,176,62,68,375000,48,41,59,58,65,59,,,,,,,,,,,,,,,,,,,,,41,59,58,65,59
A. Rossipal,23,184,62,68,375000,74,38,51,58,59,64,,,,,,,,,,,,,,,,,,,,,38,51,58,59,64
Y. Koike,22,170,62,68,375000,76,57,63,71,58,45,,,,,,,,,,,,,,,,,,,,,57,63,71,58,45
S. Dieckmann,23,187,62,68,375000,69,40,49,52,61,70,,,,,,,,,,,,,,,,,,,,,40,49,52,61,70
A. Frías,21,185,62,68,375000,56,31,38,42,63,67,,,,,,,,,,,,,,,,,,,,,31,38,42,63,67
K. Aktaş,24,182,62,67,375000,67,44,58,59,58,61,,,,,,,,,,,,,,,,,,,,,44,58,59,58,61
T. Hudson-Wihongi,24,185,62,67,375000,68,45,60,59,58,69,,,,,,,,,,,,,,,,,,,,,45,60,59,58,69
Xu Xin,25,179,62,67,375000,66,48,53,56,60,72,,,,,,,,,,,,,,,,,,,,,48,53,56,60,72
M. Ziereis,26,185,62,65,375000,65,59,50,59,23,69,,,,,,,,,,,,,,,,,,,,,59,50,59,23,69
L. Dennis,26,185,62,65,375000,82,57,56,65,21,63,,,,,,,,,,,,,,,,,,,,,57,56,65,21,63
J. Reeves,26,173,62,65,375000,74,52,61,67,53,67,,,,,,,,,,,,,,,,,,,,,52,61,67,53,67
B. Ntambwe,26,188,62,65,375000,76,48,56,61,62,80,,,,,,,,,,,,,,,,,,,,,48,56,61,62,80
G. Buckley,25,185,62,65,375000,51,59,60,60,56,71,,,,,,,,,,,,,,,,,,,,,59,60,60,56,71
B. Turgott,25,183,62,65,375000,75,55,53,65,23,50,,,,,,,,,,,,,,,,,,,,,55,53,65,23,50
Rafinha,25,177,62,65,375000,60,56,59,64,53,57,,,,,,,,,,,,,,,,,,,,,56,59,64,53,57
H. Hafidi,26,184,62,65,375000,62,51,61,64,47,70,,,,,,,,,,,,,,,,,,,,,51,61,64,47,70
B. Waters,24,173,62,65,375000,82,53,55,63,41,57,,,,,,,,,,,,,,,,,,,,,53,55,63,41,57
C. Stanko,25,180,62,65,375000,44,48,58,63,63,69,,,,,,,,,,,,,,,,,,,,,48,58,63,63,69
J. Henestrosa,25,165,62,65,375000,70,51,56,63,36,59,,,,,,,,,,,,,,,,,,,,,51,56,63,36,59
R. Kitto,24,182,62,65,375000,76,54,59,61,50,60,,,,,,,,,,,,,,,,,,,,,54,59,61,50,60
Lin Chuangyi,26,178,62,65,375000,70,54,57,67,48,53,,,,,,,,,,,,,,,,,,,,,54,57,67,48,53
Ian González,26,189,62,65,375000,49,59,47,59,33,62,,,,,,,,,,,,,,,,,,,,,59,47,59,33,62
S. Nakahara,25,177,62,65,375000,71,52,61,63,46,59,,,,,,,,,,,,,,,,,,,,,52,61,63,46,59
H. Silveira,26,189,62,65,375000,43,63,43,51,23,64,,,,,,,,,,,,,,,,,,,,,63,43,51,23,64
K. Sheppard,25,190,62,65,375000,65,61,45,55,25,65,,,,,,,,,,,,,,,,,,,,,61,45,55,25,65
B. Mwila,25,182,62,65,375000,70,61,47,58,21,62,,,,,,,,,,,,,,,,,,,,,61,47,58,21,62
S. Santin,25,181,62,65,375000,70,54,57,62,54,58,,,,,,,,,,,,,,,,,,,,,54,57,62,54,58
C. Vega,25,180,62,65,375000,62,53,62,60,53,62,,,,,,,,,,,,,,,,,,,,,53,62,60,53,62
E. Hewitt,25,180,62,64,375000,73,42,58,66,60,71,,,,,,,,,,,,,,,,,,,,,42,58,66,60,71
H. Bos,26,172,62,64,375000,70,56,57,65,47,50,,,,,,,,,,,,,,,,,,,,,56,57,65,47,50
K. Adorján,26,184,62,64,375000,55,54,62,67,38,59,,,,,,,,,,,,,,,,,,,,,54,62,67,38,59
J. Hessenthaler,25,176,62,64,375000,72,51,62,61,56,69,,,,,,,,,,,,,,,,,,,,,51,62,61,56,69
G. Mhango,26,178,62,64,375000,75,60,43,67,21,46,,,,,,,,,,,,,,,,,,,,,60,43,67,21,46
T. Väyrynen,26,191,62,64,375000,53,61,47,52,32,67,,,,,,,,,,,,,,,,,,,,,61,47,52,32,67
Zheng Dalun,25,170,62,64,375000,76,56,55,66,41,47,,,,,,,,,,,,,,,,,,,,,56,55,66,41,47
E. Nielsen,25,175,62,64,375000,78,59,50,65,27,61,,,,,,,,,,,,,,,,,,,,,59,50,65,27,61
Pedro Henrique,26,184,62,64,375000,68,60,59,61,44,63,,,,,,,,,,,,,,,,,,,,,60,59,61,44,63
M. Pato,26,177,62,64,375000,78,65,47,65,23,51,,,,,,,,,,,,,,,,,,,,,65,47,65,23,51
B. Yaméogo,25,171,62,64,375000,78,59,48,60,21,64,,,,,,,,,,,,,,,,,,,,,59,48,60,21,64
A. Buziuc,25,174,62,63,375000,61,61,40,59,19,62,,,,,,,,,,,,,,,,,,,,,61,40,59,19,62
R. McKenzie,20,184,61,71,375000,60,36,50,50,60,66,,,,,,,,,,,,,,,,,,,,,36,50,50,60,66
J. Salas,22,174,61,71,375000,83,33,57,59,56,49,,,,,,,,,,,,,,,,,,,,,33,57,59,56,49
J. Bitter,22,185,61,71,375000,62,32,49,52,61,67,,,,,,,,,,,,,,,,,,,,,32,49,52,61,67
Eliseo Falcón,22,183,61,71,375000,37,29,43,43,60,67,,,,,,,,,,,,,,,,,,,,,29,43,43,60,67
Prendes,22,187,61,71,375000,68,31,37,40,61,65,,,,,,,,,,,,,,,,,,,,,31,37,40,61,65
R. Paparelli,22,183,61,71,375000,54,31,40,42,60,63,,,,,,,,,,,,,,,,,,,,,31,40,42,60,63
E. Díaz,23,179,61,71,375000,61,31,46,56,62,58,,,,,,,,,,,,,,,,,,,,,31,46,56,62,58
P. Tawiah,20,173,61,71,375000,71,29,47,65,59,54,,,,,,,,,,,,,,,,,,,,,29,47,65,59,54
J. Ipalibo,21,183,61,71,375000,59,45,58,60,57,60,,,,,,,,,,,,,,,,,,,,,45,58,60,57,60
B. Walker,23,186,61,70,375000,67,59,57,63,53,70,,,,,,,,,,,,,,,,,,,,,59,57,63,53,70
M. Willock,22,183,61,70,375000,70,55,57,66,50,66,,,,,,,,,,,,,,,,,,,,,55,57,66,50,66
C. Harkin,23,180,61,70,375000,68,57,62,58,53,59,,,,,,,,,,,,,,,,,,,,,57,62,58,53,59
A. Pattison,21,173,61,70,375000,71,49,57,64,52,62,,,,,,,,,,,,,,,,,,,,,49,57,64,52,62
D. Watts,22,178,61,70,375000,66,57,60,63,49,55,,,,,,,,,,,,,,,,,,,,,57,60,63,49,55
A. Kiwomya,23,179,61,69,375000,94,53,50,63,20,54,,,,,,,,,,,,,,,,,,,,,53,50,63,20,54
D. Thomas,23,173,61,69,375000,69,51,61,62,51,57,,,,,,,,,,,,,,,,,,,,,51,61,62,51,57
J. McGrath,22,175,61,69,375000,76,55,58,64,44,63,,,,,,,,,,,,,,,,,,,,,55,58,64,44,63
M. Mara,22,176,61,69,375000,74,64,52,65,22,40,,,,,,,,,,,,,,,,,,,,,64,52,65,22,40
A. May,21,182,61,69,375000,72,55,53,59,52,66,,,,,,,,,,,,,,,,,,,,,55,53,59,52,66
E. Adebayo,21,193,61,69,375000,74,57,48,58,35,76,,,,,,,,,,,,,,,,,,,,,57,48,58,35,76
R. Charles-Cook,22,175,61,69,375000,83,51,56,64,53,66,,,,,,,,,,,,,,,,,,,,,51,56,64,53,66
C. Daferner,21,189,61,69,375000,58,61,40,54,24,58,,,,,,,,,,,,,,,,,,,,,61,40,54,24,58
A. Vucenovic,21,185,61,69,375000,68,62,45,57,23,50,,,,,,,,,,,,,,,,,,,,,62,45,57,23,50
S. Mailat,21,170,61,69,375000,81,61,54,64,28,43,,,,,,,,,,,,,,,,,,,,,61,54,64,28,43
J. Suárez,22,178,61,69,375000,67,54,58,63,34,53,,,,,,,,,,,,,,,,,,,,,54,58,63,34,53
M. Khalfan,20,175,61,69,375000,80,56,52,65,40,50,,,,,,,,,,,,,,,,,,,,,56,52,65,40,50
K. Kizito,22,189,61,69,375000,66,57,41,57,19,66,,,,,,,,,,,,,,,,,,,,,57,41,57,19,66
S. Conteh,22,178,61,69,375000,85,55,49,65,35,59,,,,,,,,,,,,,,,,,,,,,55,49,65,35,59
K. Antonik,20,183,61,69,375000,83,54,54,59,30,63,,,,,,,,,,,,,,,,,,,,,54,54,59,30,63
A. Hickey,17,175,60,80,375000,67,43,60,60,58,53,,,,,,,,,,,,,,,,,,,,,43,60,60,58,53
K. Sardella,17,177,60,79,375000,69,36,58,63,55,53,,,,,,,,,,,,,,,,,,,,,36,58,63,55,53
L. Greiml,17,186,60,78,375000,57,30,41,39,60,64,,,,,,,,,,,,,,,,,,,,,30,41,39,60,64
H. Coulson,21,172,60,73,375000,74,38,52,62,54,57,,,,,,,,,,,,,,,,,,,,,38,52,62,54,57
A. Lewis,21,183,60,73,375000,68,38,41,56,60,69,,,,,,,,,,,,,,,,,,,,,38,41,56,60,69
D. Franke,20,184,60,73,375000,66,33,52,63,59,59,,,,,,,,,,,,,,,,,,,,,33,52,63,59,59
K. Denkey,18,181,60,73,375000,68,59,42,60,23,61,,,,,,,,,,,,,,,,,,,,,59,42,60,23,61
J. Torres,19,174,60,73,375000,62,38,57,59,60,53,,,,,,,,,,,,,,,,,,,,,38,57,59,60,53
J. Díaz,21,175,60,73,375000,66,41,45,50,61,60,,,,,,,,,,,,,,,,,,,,,41,45,50,61,60
W. Kuzain,20,178,60,73,375000,61,53,58,63,57,59,,,,,,,,,,,,,,,,,,,,,53,58,63,57,59
J. Stanić,20,188,60,73,375000,53,23,36,42,61,61,,,,,,,,,,,,,,,,,,,,,23,36,42,61,61
M. Kilman,22,195,60,73,375000,64,41,52,60,56,69,,,,,,,,,,,,,,,,,,,,,41,52,60,56,69
M. Rieder,19,172,60,73,375000,67,52,57,63,42,55,,,,,,,,,,,,,,,,,,,,,52,57,63,42,55
A. Mironov,19,175,60,73,375000,61,40,61,57,59,54,,,,,,,,,,,,,,,,,,,,,40,61,57,59,54
K. Maradishvili,19,179,60,73,375000,66,51,54,57,60,54,,,,,,,,,,,,,,,,,,,,,51,54,57,60,54
W. Coulibaly,20,190,60,73,375000,71,35,49,55,57,67,,,,,,,,,,,,,,,,,,,,,35,49,55,57,67
R. Neciu,20,173,60,73,375000,75,37,50,57,57,58,,,,,,,,,,,,,,,,,,,,,37,50,57,57,58
F. Sachpekidis,21,180,60,72,375000,69,50,56,66,37,56,,,,,,,,,,,,,,,,,,,,,50,56,66,37,56
V. Arboleda,22,170,60,72,375000,74,56,51,64,21,44,,,,,,,,,,,,,,,,,,,,,56,51,64,21,44
D. Ceter,21,189,60,72,375000,49,62,35,50,33,67,,,,,,,,,,,,,,,,,,,,,62,35,50,33,67
E. Cantú,20,171,60,72,375000,68,43,58,64,61,64,,,,,,,,,,,,,,,,,,,,,43,58,64,61,64
L. Coordes,20,180,60,72,375000,70,49,52,67,24,44,,,,,,,,,,,,,,,,,,,,,49,52,67,24,44
J. Asiri,21,178,60,72,375000,66,60,43,59,23,60,,,,,,,,,,,,,,,,,,,,,60,43,59,23,60
J. Bednarczyk,20,184,60,72,375000,72,46,55,64,52,52,,,,,,,,,,,,,,,,,,,,,46,55,64,52,52
P. Vassell,20,180,60,72,375000,68,48,57,61,50,55,,,,,,,,,,,,,,,,,,,,,48,57,61,50,55
A. Stahl,20,180,60,72,375000,76,51,55,60,27,61,,,,,,,,,,,,,,,,,,,,,51,55,60,27,61
A. Tribuzzi,20,183,60,72,375000,70,51,56,63,33,52,,,,,,,,,,,,,,,,,,,,,51,56,63,33,52
D. Gastaldello,36,185,70,70,350000,35,40,50,53,70,64,,,,,,,,,,,,,,,,,,,,,40,50,53,70,64
Y. Ayhan,37,192,70,70,350000,30,32,47,49,72,68,,,,,,,,,,,,,,,,,,,,,32,47,49,72,68
A. Henríquez,36,191,70,70,350000,30,36,45,38,71,70,,,,,,,,,,,,,,,,,,,,,36,45,38,71,70
André Leão,34,185,68,68,350000,52,56,63,61,70,62,,,,,,,,,,,,,,,,,,,,,56,63,61,70,62
D. Arias,34,170,68,68,350000,63,59,65,66,67,68,,,,,,,,,,,,,,,,,,,,,59,65,66,67,68
A. Cristea,35,180,67,67,350000,55,68,67,63,42,67,,,,,,,,,,,,,,,,,,,,,68,67,63,42,67
P. Netzer,33,188,67,67,350000,41,48,58,56,66,67,,,,,,,,,,,,,,,,,,,,,48,58,56,66,67
S. De Petter,33,182,67,67,350000,33,53,59,54,68,68,,,,,,,,,,,,,,,,,,,,,53,59,54,68,68
S. McDonald,35,173,67,67,350000,63,65,63,67,41,67,,,,,,,,,,,,,,,,,,,,,65,63,67,41,67
R. Wood,33,191,67,67,350000,31,35,46,43,67,74,,,,,,,,,,,,,,,,,,,,,35,46,43,67,74
M. Jakobsen,33,185,67,67,350000,53,46,56,58,64,78,,,,,,,,,,,,,,,,,,,,,46,56,58,64,78
R. Martin,33,185,67,67,350000,50,45,54,48,66,73,,,,,,,,,,,,,,,,,,,,,45,54,48,66,73
T. Tzimopoulos,33,187,67,67,350000,49,42,55,53,63,80,,,,,,,,,,,,,,,,,,,,,42,55,53,63,80
K. Luijckx,33,190,67,67,350000,56,52,54,56,66,69,,,,,,,,,,,,,,,,,,,,,52,54,56,66,69
A. Lukimya,33,190,67,67,350000,59,51,40,42,64,78,,,,,,,,,,,,,,,,,,,,,51,40,42,64,78
H. Muath,33,180,67,67,350000,88,64,62,65,62,74,,,,,,,,,,,,,,,,,,,,,64,62,65,62,74
V. Giraldo,33,177,67,67,350000,80,60,63,67,62,68,,,,,,,,,,,,,,,,,,,,,60,63,67,62,68
D. Díaz,33,179,67,67,350000,54,25,39,48,66,75,,,,,,,,,,,,,,,,,,,,,25,39,48,66,75
J. Hergault,33,185,67,67,350000,59,44,66,68,63,70,,,,,,,,,,,,,,,,,,,,,44,66,68,63,70
Claudio Silbeiro,35,182,67,67,350000,74,68,49,66,36,64,,,,,,,,,,,,,,,,,,,,,68,49,66,36,64
G. Masucci,34,172,66,66,350000,74,62,63,69,30,51,,,,,,,,,,,,,,,,,,,,,62,63,69,30,51
Y. Toyoda,34,185,66,66,350000,38,66,47,57,30,69,,,,,,,,,,,,,,,,,,,,,66,47,57,30,69
V. Demidov,32,185,65,65,350000,34,46,51,37,65,69,,,,,,,,,,,,,,,,,,,,,46,51,37,65,69
M. Mills,32,191,65,65,350000,47,40,49,42,63,73,,,,,,,,,,,,,,,,,,,,,40,49,42,63,73
J. Mackie,33,173,65,65,350000,64,64,59,64,51,74,,,,,,,,,,,,,,,,,,,,,64,59,64,51,74
R. Gartler,33,184,65,65,350000,52,66,54,62,24,66,,,,,,,,,,,,,,,,,,,,,66,54,62,24,66
H. Drost,32,183,65,65,350000,33,39,45,54,64,70,,,,,,,,,,,,,,,,,,,,,39,45,54,64,70
M. Yıldırım,32,170,65,65,350000,59,50,62,66,60,64,,,,,,,,,,,,,,,,,,,,,50,62,66,60,64
T. Röttger,33,176,65,65,350000,67,63,52,69,37,69,,,,,,,,,,,,,,,,,,,,,63,52,69,37,69
N. Boogaard,32,188,65,65,350000,48,27,43,38,62,74,,,,,,,,,,,,,,,,,,,,,27,43,38,62,74
B. Webster,32,191,65,65,350000,50,39,45,43,63,75,,,,,,,,,,,,,,,,,,,,,39,45,43,63,75
Steven Vitória,32,195,65,65,350000,34,54,51,46,60,76,,,,,,,,,,,,,,,,,,,,,54,51,46,60,76
A. Al Sahabi,32,180,65,65,350000,65,33,46,58,64,72,,,,,,,,,,,,,,,,,,,,,33,46,58,64,72
L. Nielsen,32,188,65,65,350000,53,31,40,37,64,70,,,,,,,,,,,,,,,,,,,,,31,40,37,64,70
H. Takasaki,33,188,65,65,350000,48,65,56,58,27,70,,,,,,,,,,,,,,,,,,,,,65,56,58,27,70
L. Holmes,32,175,64,64,350000,72,56,61,64,35,59,,,,,,,,,,,,,,,,,,,,,56,61,64,35,59
J. Forte,32,183,64,64,350000,78,60,54,64,29,71,,,,,,,,,,,,,,,,,,,,,60,54,64,29,71
P. Bürger,32,187,64,64,350000,48,65,52,58,30,80,,,,,,,,,,,,,,,,,,,,,65,52,58,30,80
L. Martin,32,180,64,64,350000,72,61,64,64,50,70,,,,,,,,,,,,,,,,,,,,,61,64,64,50,70
C. Doudin,32,184,64,64,350000,59,62,66,65,39,60,,,,,,,,,,,,,,,,,,,,,62,66,65,39,60
L. Martínez,32,173,64,64,350000,51,49,61,64,61,71,,,,,,,,,,,,,,,,,,,,,49,61,64,61,71
A. Williams,32,188,64,64,350000,73,64,49,58,27,67,,,,,,,,,,,,,,,,,,,,,64,49,58,27,67
G. Deegan,31,176,64,64,350000,64,49,54,54,60,85,,,,,,,,,,,,,,,,,,,,,49,54,54,60,85
R. Vikstøl,30,185,64,64,350000,67,47,53,59,60,73,,,,,,,,,,,,,,,,,,,,,47,53,59,60,73
A. Winter,32,178,64,64,350000,84,61,58,61,47,64,,,,,,,,,,,,,,,,,,,,,61,58,61,47,64
J. Hoffman,30,189,64,64,350000,76,55,58,60,60,72,,,,,,,,,,,,,,,,,,,,,55,58,60,60,72
D. Germinale,32,183,64,64,350000,60,65,44,60,30,64,,,,,,,,,,,,,,,,,,,,,65,44,60,30,64
A. Bittroff,30,186,64,64,350000,78,42,55,63,60,73,,,,,,,,,,,,,,,,,,,,,42,55,63,60,73
C. Gustafsson,32,181,64,64,350000,67,59,61,63,56,77,,,,,,,,,,,,,,,,,,,,,59,61,63,56,77
S. Neville,30,184,64,64,350000,55,48,58,50,63,72,,,,,,,,,,,,,,,,,,,,,48,58,50,63,72
K. Kratz,32,173,64,64,350000,52,61,66,65,57,60,,,,,,,,,,,,,,,,,,,,,61,66,65,57,60
C. Hussey,30,178,64,64,350000,66,48,60,61,60,66,,,,,,,,,,,,,,,,,,,,,48,60,61,60,66
A. Rodman,32,188,64,64,350000,71,58,60,65,31,59,,,,,,,,,,,,,,,,,,,,,58,60,65,31,59
Urko Vera,32,190,64,64,350000,39,62,44,52,34,80,,,,,,,,,,,,,,,,,,,,,62,44,52,34,80
M. Blair,30,178,64,64,350000,85,56,58,63,56,65,,,,,,,,,,,,,,,,,,,,,56,58,63,56,65
A. Stølås,30,182,64,64,350000,70,68,66,68,57,69,,,,,,,,,,,,,,,,,,,,,68,66,68,57,69
P. Pîrvulescu,30,170,64,64,350000,68,50,61,60,60,67,,,,,,,,,,,,,,,,,,,,,50,61,60,60,67
S. Kamata,30,172,64,64,350000,72,53,53,58,62,68,,,,,,,,,,,,,,,,,,,,,53,53,58,62,68
Jiang Tao,30,182,64,64,350000,62,30,57,60,59,70,,,,,,,,,,,,,,,,,,,,,30,57,60,59,70
J. Pérez,30,179,64,64,350000,77,37,49,54,62,66,,,,,,,,,,,,,,,,,,,,,37,49,54,62,66
J. Crillon,30,179,64,64,350000,60,26,49,61,64,56,,,,,,,,,,,,,,,,,,,,,26,49,61,64,56
K. Watson,29,184,63,64,350000,59,48,56,56,62,67,,,,,,,,,,,,,,,,,,,,,48,56,56,62,67
C. Morris,29,191,63,64,350000,75,30,40,48,60,72,,,,,,,,,,,,,,,,,,,,,30,40,48,60,72
L. Waterfall,28,188,63,64,350000,48,37,36,41,62,72,,,,,,,,,,,,,,,,,,,,,37,36,41,62,72
K. Conrad,28,181,63,64,350000,65,26,50,50,61,67,,,,,,,,,,,,,,,,,,,,,26,50,50,61,67
A. Eastham,28,191,63,64,350000,46,23,42,44,60,75,,,,,,,,,,,,,,,,,,,,,23,42,44,60,75
J. McNerney,29,193,63,64,350000,46,25,37,34,61,73,,,,,,,,,,,,,,,,,,,,,25,37,34,61,73
S. Suganuma,29,182,63,64,350000,57,30,46,37,62,68,,,,,,,,,,,,,,,,,,,,,30,46,37,62,68
H. Barišić,28,194,63,64,350000,49,23,41,41,62,70,,,,,,,,,,,,,,,,,,,,,23,41,41,62,70
L. Alessandra,30,175,63,63,350000,75,59,56,65,30,64,,,,,,,,,,,,,,,,,,,,,59,56,65,30,64
J. Wright,29,175,63,63,350000,63,59,62,63,54,71,,,,,,,,,,,,,,,,,,,,,59,62,63,54,71
L. John-Lewis,30,178,63,63,350000,71,56,50,64,29,70,,,,,,,,,,,,,,,,,,,,,56,50,64,29,70
J. O'Shea,30,183,63,63,350000,63,65,65,67,42,64,,,,,,,,,,,,,,,,,,,,,65,65,67,42,64
S. McGinn,30,180,63,63,350000,41,56,62,65,56,77,,,,,,,,,,,,,,,,,,,,,56,62,65,56,77
E. Benavidez,30,179,63,63,350000,52,38,66,64,58,64,,,,,,,,,,,,,,,,,,,,,38,66,64,58,64
R. Östlind,29,176,63,63,350000,71,55,60,61,41,55,,,,,,,,,,,,,,,,,,,,,55,60,61,41,55
A. Wede,29,174,63,63,350000,66,57,62,64,55,63,,,,,,,,,,,,,,,,,,,,,57,62,64,55,63
C. Bone,30,175,63,63,350000,61,56,61,65,42,61,,,,,,,,,,,,,,,,,,,,,56,61,65,42,61
K. Dawson,29,176,63,63,350000,79,57,61,63,55,72,,,,,,,,,,,,,,,,,,,,,57,61,63,55,72
R. Padovani,29,187,63,63,350000,62,49,62,60,51,65,,,,,,,,,,,,,,,,,,,,,49,62,60,51,65
T. Christiansen,29,171,63,63,350000,73,66,61,71,52,69,,,,,,,,,,,,,,,,,,,,,66,61,71,52,69
J. Lindberg,30,177,63,63,350000,65,60,64,64,43,63,,,,,,,,,,,,,,,,,,,,,60,64,64,43,63
O. Tounkara,29,189,63,63,350000,81,59,55,59,37,80,,,,,,,,,,,,,,,,,,,,,59,55,59,37,80
P. Bryła,29,178,63,63,350000,89,52,56,63,28,58,,,,,,,,,,,,,,,,,,,,,52,56,63,28,58
N. Jakimovski,29,187,63,63,350000,72,54,60,64,44,65,,,,,,,,,,,,,,,,,,,,,54,60,64,44,65
Park Gi Dong,30,191,63,63,350000,59,59,54,59,29,71,,,,,,,,,,,,,,,,,,,,,59,54,59,29,71
Cho Ji Hun,29,191,63,63,350000,62,62,64,61,58,65,,,,,,,,,,,,,,,,,,,,,62,64,61,58,65
P. Diouf,30,180,63,63,350000,86,60,53,64,30,68,,,,,,,,,,,,,,,,,,,,,60,53,64,30,68
G. Gope-Fenepej,30,182,63,63,350000,66,59,57,64,29,70,,,,,,,,,,,,,,,,,,,,,59,57,64,29,70
M. Abusabaan,29,180,63,63,350000,66,55,61,65,59,73,,,,,,,,,,,,,,,,,,,,,55,61,65,59,73
Han Kook Young,29,183,63,63,350000,71,37,60,63,62,71,,,,,,,,,,,,,,,,,,,,,37,60,63,62,71
L. Mulholland,30,173,63,63,350000,59,60,60,62,62,65,,,,,,,,,,,,,,,,,,,,,60,60,62,62,65
Zhu Baojie,29,170,63,63,350000,65,54,61,65,52,61,,,,,,,,,,,,,,,,,,,,,54,61,65,52,61
A. Awaji,29,169,63,63,350000,80,63,54,66,30,59,,,,,,,,,,,,,,,,,,,,,63,54,66,30,59
Y. Iwakami,29,170,63,63,350000,59,60,64,63,49,61,,,,,,,,,,,,,,,,,,,,,60,64,63,49,61
B. Bye,29,186,63,63,350000,69,63,55,62,24,66,,,,,,,,,,,,,,,,,,,,,63,55,62,24,66
L. Alzugaray,29,170,63,63,350000,61,51,62,65,40,54,,,,,,,,,,,,,,,,,,,,,51,62,65,40,54
V. Mora,19,168,62,68,350000,62,44,52,61,61,61,,,,,,,,,,,,,,,,,,,,,44,52,61,61,61
R. Ince,26,191,62,67,350000,55,44,51,59,60,71,,,,,,,,,,,,,,,,,,,,,44,51,59,60,71
S. Kelly,25,191,62,67,350000,69,38,55,57,59,63,,,,,,,,,,,,,,,,,,,,,38,55,57,59,63
S. Facey,24,177,62,67,350000,71,38,53,59,59,70,,,,,,,,,,,,,,,,,,,,,38,53,59,59,70
P. Stępiński,24,178,62,67,350000,73,33,53,64,57,66,,,,,,,,,,,,,,,,,,,,,33,53,64,57,66
H. Gjesdal,25,192,62,67,350000,46,28,42,49,60,65,,,,,,,,,,,,,,,,,,,,,28,42,49,60,65
J. Jesgarzewski,25,180,62,67,350000,70,40,58,54,58,63,,,,,,,,,,,,,,,,,,,,,40,58,54,58,63
A. Boniotti,24,179,62,67,350000,69,40,55,60,61,57,,,,,,,,,,,,,,,,,,,,,40,55,60,61,57
G. Jones,23,178,62,67,350000,73,45,55,59,58,68,,,,,,,,,,,,,,,,,,,,,45,55,59,58,68
A. Al Ammar,25,177,62,67,350000,74,56,61,64,56,63,,,,,,,,,,,,,,,,,,,,,56,61,64,56,63
A. Fallatah,25,181,62,67,350000,60,30,37,42,61,67,,,,,,,,,,,,,,,,,,,,,30,37,42,61,67
N. Roa,25,182,62,67,350000,72,49,59,61,54,65,,,,,,,,,,,,,,,,,,,,,49,59,61,54,65
Kim Dong Min,24,180,62,67,350000,68,35,49,60,59,57,,,,,,,,,,,,,,,,,,,,,35,49,60,59,57
M. Bauer,24,175,62,67,350000,73,27,47,64,59,63,,,,,,,,,,,,,,,,,,,,,27,47,64,59,63
M. Gottschling,25,183,62,67,350000,74,57,54,63,57,62,,,,,,,,,,,,,,,,,,,,,57,54,63,57,62
K. Kennedy,25,183,62,66,350000,61,23,38,43,61,65,,,,,,,,,,,,,,,,,,,,,23,38,43,61,65
P. Erhardt,25,185,62,66,350000,48,42,53,61,60,70,,,,,,,,,,,,,,,,,,,,,42,53,61,60,70
G. Andonian,24,185,62,66,350000,46,32,48,39,61,67,,,,,,,,,,,,,,,,,,,,,32,48,39,61,67
D. Conroy,23,181,62,66,350000,57,27,47,56,59,71,,,,,,,,,,,,,,,,,,,,,27,47,56,59,71
S. Flochon,26,181,62,66,350000,57,48,57,60,57,63,,,,,,,,,,,,,,,,,,,,,48,57,60,57,63
O. Threlkeld,25,182,62,66,350000,69,47,55,59,59,68,,,,,,,,,,,,,,,,,,,,,47,55,59,59,68
L. Jackson,24,194,62,66,350000,57,25,37,42,60,75,,,,,,,,,,,,,,,,,,,,,25,37,42,60,75
J. McGing,25,184,62,66,350000,63,37,51,53,64,65,,,,,,,,,,,,,,,,,,,,,37,51,53,64,65
Park Jeong Su,25,188,62,66,350000,66,23,48,55,57,72,,,,,,,,,,,,,,,,,,,,,23,48,55,57,72
J. Delem,26,180,62,66,350000,71,49,56,61,59,69,,,,,,,,,,,,,,,,,,,,,49,56,61,59,69
Guima,23,181,62,66,350000,56,38,52,57,60,66,,,,,,,,,,,,,,,,,,,,,38,52,57,60,66
Y. Carabali,25,180,62,66,350000,67,44,51,56,61,71,,,,,,,,,,,,,,,,,,,,,44,51,56,61,71
D. Graur,24,178,62,66,350000,72,35,52,56,59,64,,,,,,,,,,,,,,,,,,,,,35,52,56,59,64
C. Johansson,25,185,62,65,350000,53,25,38,45,60,71,,,,,,,,,,,,,,,,,,,,,25,38,45,60,71
N. Smith,23,182,62,65,350000,59,25,28,31,63,73,,,,,,,,,,,,,,,,,,,,,25,28,31,63,73
Zhang Xiaobin,25,188,62,65,350000,58,47,51,55,61,69,,,,,,,,,,,,,,,,,,,,,47,51,55,61,69
D. Campos,23,178,62,65,350000,69,57,59,63,58,64,,,,,,,,,,,,,,,,,,,,,57,59,63,58,64
D. Parrett,27,178,62,63,350000,65,58,62,63,48,61,,,,,,,,,,,,,,,,,,,,,58,62,63,48,61
Joaquim Adão,26,176,62,63,350000,66,47,61,62,60,73,,,,,,,,,,,,,,,,,,,,,47,61,62,60,73
K. Pogrebnyak,27,185,62,63,350000,53,63,47,61,26,67,,,,,,,,,,,,,,,,,,,,,63,47,61,26,67
R. McCabe,26,177,62,63,350000,73,56,62,61,53,66,,,,,,,,,,,,,,,,,,,,,56,62,61,53,66
F. Tchenkoua,26,173,62,63,350000,84,60,51,69,47,51,,,,,,,,,,,,,,,,,,,,,60,51,69,47,51
F. Ohandza,27,179,62,63,350000,67,61,44,64,26,59,,,,,,,,,,,,,,,,,,,,,61,44,64,26,59
M. Al Najrani,26,175,62,63,350000,64,55,61,62,54,65,,,,,,,,,,,,,,,,,,,,,55,61,62,54,65
L. Canotto,25,178,62,63,350000,69,57,58,64,38,55,,,,,,,,,,,,,,,,,,,,,57,58,64,38,55
Lee Min Soo,27,179,62,63,350000,64,49,59,61,52,69,,,,,,,,,,,,,,,,,,,,,49,59,61,52,69
J. Branger-Engone,25,184,62,63,350000,65,56,57,65,34,51,,,,,,,,,,,,,,,,,,,,,56,57,65,34,51
K. Zapolnik,26,182,62,63,350000,67,61,55,64,29,67,,,,,,,,,,,,,,,,,,,,,61,55,64,29,67
Z. Koné,27,182,62,63,350000,72,61,44,60,21,60,,,,,,,,,,,,,,,,,,,,,61,44,60,21,60
P. Petrescu,26,176,62,63,350000,80,52,54,62,28,46,,,,,,,,,,,,,,,,,,,,,52,54,62,28,46
B. Barbu,27,178,62,63,350000,66,61,59,58,31,46,,,,,,,,,,,,,,,,,,,,,61,59,58,31,46
F. Toplitsch,27,173,62,63,350000,67,50,57,65,32,49,,,,,,,,,,,,,,,,,,,,,50,57,65,32,49
E. Romero,27,180,62,63,350000,67,52,62,61,55,70,,,,,,,,,,,,,,,,,,,,,52,62,61,55,70
K. Piscopo,21,181,62,62,350000,73,65,51,62,51,65,,,,,,,,,,,,,,,,,,,,,65,51,62,51,65
M. Talabidi,17,184,61,73,350000,62,29,33,37,63,61,,,,,,,,,,,,,,,,,,,,,29,33,37,63,61
Jota Gonçalves,19,186,61,71,350000,60,31,33,44,62,65,,,,,,,,,,,,,,,,,,,,,31,33,44,62,65
V. Moreno,24,182,61,70,350000,71,42,50,53,58,69,,,,,,,,,,,,,,,,,,,,,42,50,53,58,69
José León,24,182,61,70,350000,55,32,47,44,61,61,,,,,,,,,,,,,,,,,,,,,32,47,44,61,61
P. Ng,23,180,61,70,350000,71,42,52,54,59,67,,,,,,,,,,,,,,,,,,,,,42,52,54,59,67
J. Ramos,22,180,61,70,350000,59,35,48,63,60,60,,,,,,,,,,,,,,,,,,,,,35,48,63,60,60
M. Kelly,21,181,61,70,350000,77,37,53,59,56,64,,,,,,,,,,,,,,,,,,,,,37,53,59,56,64
Kaiser,23,187,61,70,350000,61,34,42,42,62,58,,,,,,,,,,,,,,,,,,,,,34,42,42,62,58
C. Wood,22,177,61,70,350000,69,35,46,61,60,65,,,,,,,,,,,,,,,,,,,,,35,46,61,60,65
L. Lemoine,21,184,61,70,350000,59,26,38,37,61,64,,,,,,,,,,,,,,,,,,,,,26,38,37,61,64
B. Koglin,22,186,61,70,350000,68,21,45,46,60,65,,,,,,,,,,,,,,,,,,,,,21,45,46,60,65
José Alonso,23,183,61,70,350000,61,24,35,39,61,62,,,,,,,,,,,,,,,,,,,,,24,35,39,61,62
Lee Seung Mo,21,185,61,70,350000,69,45,56,59,56,67,,,,,,,,,,,,,,,,,,,,,45,56,59,56,67
D. Lippert,23,172,61,70,350000,66,31,48,60,59,48,,,,,,,,,,,,,,,,,,,,,31,48,60,59,48
T. Hara,20,178,61,70,350000,61,40,55,60,59,62,,,,,,,,,,,,,,,,,,,,,40,55,60,59,62
P. Harant,20,194,61,70,350000,52,47,43,53,59,68,,,,,,,,,,,,,,,,,,,,,47,43,53,59,68
S. Milewski,21,175,61,70,350000,56,39,54,56,59,65,,,,,,,,,,,,,,,,,,,,,39,54,56,59,65
M. Erlić,21,192,61,70,350000,45,31,34,38,63,62,,,,,,,,,,,,,,,,,,,,,31,34,38,63,62
Marcos Isla,22,192,61,70,350000,60,32,38,31,63,61,,,,,,,,,,,,,,,,,,,,,32,38,31,63,61
O. Erdogan,20,185,61,70,350000,60,35,48,38,60,67,,,,,,,,,,,,,,,,,,,,,35,48,38,60,67
F. Kunze,21,191,61,70,350000,59,37,51,49,61,65,,,,,,,,,,,,,,,,,,,,,37,51,49,61,65
M. Saglam,21,175,61,70,350000,65,40,59,66,60,49,,,,,,,,,,,,,,,,,,,,,40,59,66,60,49
Brunet,21,190,61,70,350000,62,44,63,59,60,54,,,,,,,,,,,,,,,,,,,,,44,63,59,60,54
S. Ayala,23,181,61,69,350000,64,46,55,60,56,73,,,,,,,,,,,,,,,,,,,,,46,55,60,56,73
E. Haugan,21,180,61,69,350000,60,27,44,54,60,62,,,,,,,,,,,,,,,,,,,,,27,44,54,60,62
E. Montaño,23,173,61,69,350000,61,44,54,62,58,64,,,,,,,,,,,,,,,,,,,,,44,54,62,58,64
J. Lennon,21,178,61,69,350000,47,51,59,57,58,66,,,,,,,,,,,,,,,,,,,,,51,59,57,58,66
H. Saghiri,22,180,61,69,350000,63,52,55,61,56,62,,,,,,,,,,,,,,,,,,,,,52,55,61,56,62
Pedro Augusto,22,181,61,69,350000,60,41,57,59,59,58,,,,,,,,,,,,,,,,,,,,,41,57,59,59,58
B. Albayrak,21,190,61,69,350000,66,31,30,39,64,64,,,,,,,,,,,,,,,,,,,,,31,30,39,64,64
J. Sheehan,24,176,61,68,350000,67,53,58,63,53,65,,,,,,,,,,,,,,,,,,,,,53,58,63,53,65
N. Konstandopoulos,23,178,61,68,350000,70,46,58,63,53,61,,,,,,,,,,,,,,,,,,,,,46,58,63,53,61
M. Castroman,24,175,61,68,350000,66,53,62,63,38,47,,,,,,,,,,,,,,,,,,,,,53,62,63,38,47
C. Cooke,22,172,61,68,350000,57,51,58,63,53,60,,,,,,,,,,,,,,,,,,,,,51,58,63,53,60
M. Eberwein,23,192,61,68,350000,72,62,55,58,34,66,,,,,,,,,,,,,,,,,,,,,62,55,58,34,66
W. McDonald,22,174,61,68,350000,80,52,53,63,33,62,,,,,,,,,,,,,,,,,,,,,52,53,63,33,62
M. Hingerl,23,182,61,68,350000,68,53,58,64,52,58,,,,,,,,,,,,,,,,,,,,,53,58,64,52,58
A. Jakupović,21,186,61,68,350000,58,62,43,55,33,65,,,,,,,,,,,,,,,,,,,,,62,43,55,33,65
M. De Marchi,24,190,61,68,350000,62,64,39,53,21,58,,,,,,,,,,,,,,,,,,,,,64,39,53,21,58
H. Wingo,23,183,61,68,350000,74,54,55,61,46,66,,,,,,,,,,,,,,,,,,,,,54,55,61,46,66
D. Tuma,23,178,61,68,350000,87,51,53,64,27,53,,,,,,,,,,,,,,,,,,,,,51,53,64,27,53
F. Piszczek,24,188,61,68,350000,82,56,48,61,26,62,,,,,,,,,,,,,,,,,,,,,56,48,61,26,62
B. Dione,22,168,61,68,350000,75,58,49,67,18,37,,,,,,,,,,,,,,,,,,,,,58,49,67,18,37
Luis Díaz,24,187,61,68,350000,53,44,60,59,61,63,,,,,,,,,,,,,,,,,,,,,44,60,59,61,63
J. Heil,22,176,61,68,350000,68,48,57,64,41,54,,,,,,,,,,,,,,,,,,,,,48,57,64,41,54
J. Murray,23,180,61,68,350000,67,61,43,59,18,60,,,,,,,,,,,,,,,,,,,,,61,43,59,18,60
H. García,22,169,61,68,350000,78,58,57,64,32,51,,,,,,,,,,,,,,,,,,,,,58,57,64,32,51
S. Najar,23,184,61,68,350000,81,53,50,65,27,62,,,,,,,,,,,,,,,,,,,,,53,50,65,27,62
R. Deaconu,22,181,61,68,350000,66,50,60,63,31,55,,,,,,,,,,,,,,,,,,,,,50,60,63,31,55
G. Davies,22,168,61,67,350000,79,48,56,67,39,54,,,,,,,,,,,,,,,,,,,,,48,56,67,39,54
D. Steininger,24,187,61,67,350000,73,59,52,62,28,60,,,,,,,,,,,,,,,,,,,,,59,52,62,28,60
Zhong Jinbao,24,181,61,67,350000,65,52,56,58,56,70,,,,,,,,,,,,,,,,,,,,,52,56,58,56,70
T. Walker,23,182,61,67,350000,75,56,57,62,43,61,,,,,,,,,,,,,,,,,,,,,56,57,62,43,61
R. Chávez,24,175,61,67,350000,66,33,59,64,61,57,,,,,,,,,,,,,,,,,,,,,33,59,64,61,57
S. Sørli,23,178,61,67,350000,89,52,52,62,52,50,,,,,,,,,,,,,,,,,,,,,52,52,62,52,50
Kim Bo Seop,21,183,61,67,350000,77,58,49,62,20,68,,,,,,,,,,,,,,,,,,,,,58,49,62,20,68
L. Fritzson,23,184,61,67,350000,72,55,57,66,43,62,,,,,,,,,,,,,,,,,,,,,55,57,66,43,62
M. Feigenspan,23,180,61,67,350000,82,61,53,65,36,48,,,,,,,,,,,,,,,,,,,,,61,53,65,36,48
A. Nathaniel-George,24,175,61,67,350000,82,57,53,65,29,43,,,,,,,,,,,,,,,,,,,,,57,53,65,29,43
Y. Brun,24,179,61,67,350000,66,61,52,62,29,51,,,,,,,,,,,,,,,,,,,,,61,52,62,29,51
J. Koenraat,23,182,61,67,350000,68,61,56,66,32,56,,,,,,,,,,,,,,,,,,,,,61,56,66,32,56
M. Drennan,25,180,61,66,350000,71,60,55,58,25,68,,,,,,,,,,,,,,,,,,,,,60,55,58,25,68
L. Passerini,24,189,61,66,350000,52,59,46,52,27,72,,,,,,,,,,,,,,,,,,,,,59,46,52,27,72
K. Wootton,22,188,61,66,350000,65,57,45,59,26,69,,,,,,,,,,,,,,,,,,,,,57,45,59,26,69
K. Yajima,24,187,61,66,350000,70,51,51,61,36,69,,,,,,,,,,,,,,,,,,,,,51,51,61,36,69
P. Nsiah,24,186,61,66,350000,78,58,38,59,23,61,,,,,,,,,,,,,,,,,,,,,58,38,59,23,61
L. Sorrentino,23,188,61,66,350000,50,60,38,55,27,65,,,,,,,,,,,,,,,,,,,,,60,38,55,27,65
J. Ruiz Gomez,25,169,61,66,350000,54,65,45,59,19,44,,,,,,,,,,,,,,,,,,,,,65,45,59,19,44
R. Sadiku,19,187,60,73,350000,57,27,46,51,57,62,,,,,,,,,,,,,,,,,,,,,27,46,51,57,62
G. Tanner,19,181,60,73,350000,74,41,49,57,57,57,,,,,,,,,,,,,,,,,,,,,41,49,57,57,57
F. Alves,19,189,60,73,350000,55,27,39,41,60,64,,,,,,,,,,,,,,,,,,,,,27,39,41,60,64
N. Kölle,19,181,60,73,350000,64,36,50,60,58,56,,,,,,,,,,,,,,,,,,,,,36,50,60,58,56
A. Álvarez,19,175,60,73,350000,68,36,52,60,56,51,,,,,,,,,,,,,,,,,,,,,36,52,60,56,51
S. Spahiu,19,172,60,72,350000,66,44,57,62,51,58,,,,,,,,,,,,,,,,,,,,,44,57,62,51,58
A. Collins,19,175,60,72,350000,72,50,56,63,54,60,,,,,,,,,,,,,,,,,,,,,50,56,63,54,60
L. Martínez,20,176,60,72,350000,63,32,49,59,59,58,,,,,,,,,,,,,,,,,,,,,32,49,59,59,58
Manu Navarro,18,180,60,72,350000,54,49,56,54,53,57,,,,,,,,,,,,,,,,,,,,,49,56,54,53,57
R. Musaba,18,177,60,72,350000,71,56,52,63,31,61,,,,,,,,,,,,,,,,,,,,,56,52,63,31,61
J. García,21,175,60,72,350000,56,47,58,57,57,61,,,,,,,,,,,,,,,,,,,,,47,58,57,57,61
M. Velisar,20,178,60,72,350000,69,27,48,54,57,59,,,,,,,,,,,,,,,,,,,,,27,48,54,57,59
M. Cavar,20,193,60,72,350000,61,42,51,49,56,65,,,,,,,,,,,,,,,,,,,,,42,51,49,56,65
N. Husin,22,178,60,71,350000,63,56,60,60,53,62,,,,,,,,,,,,,,,,,,,,,56,60,60,53,62
A. Jung,21,190,60,71,350000,60,58,39,57,29,70,,,,,,,,,,,,,,,,,,,,,58,39,57,29,70
U. Bapoh,20,177,60,71,350000,74,57,51,65,29,62,,,,,,,,,,,,,,,,,,,,,57,51,65,29,62
C. Echavarría,22,165,60,71,350000,77,51,51,63,54,50,,,,,,,,,,,,,,,,,,,,,51,51,63,54,50
A. Al Asmari,22,185,60,71,350000,67,54,57,61,54,70,,,,,,,,,,,,,,,,,,,,,54,57,61,54,70
I. Koné,20,190,60,71,350000,70,57,40,57,24,68,,,,,,,,,,,,,,,,,,,,,57,40,57,24,68
A. Al Yami,22,174,60,71,350000,86,58,46,60,20,50,,,,,,,,,,,,,,,,,,,,,58,46,60,20,50
S. Schimandl,20,184,60,71,350000,57,58,52,58,48,60,,,,,,,,,,,,,,,,,,,,,58,52,58,48,60
J. Williams,21,193,60,71,350000,73,55,41,58,22,72,,,,,,,,,,,,,,,,,,,,,55,41,58,22,72
Antón,21,185,60,71,350000,66,60,48,57,20,60,,,,,,,,,,,,,,,,,,,,,60,48,57,20,60
R. Mudražija,22,177,60,71,350000,65,54,60,64,47,59,,,,,,,,,,,,,,,,,,,,,54,60,64,47,59
V. Danale,21,172,60,71,350000,74,54,54,61,22,49,,,,,,,,,,,,,,,,,,,,,54,54,61,22,49
S. Karweina,20,172,60,70,350000,72,56,45,65,21,42,,,,,,,,,,,,,,,,,,,,,56,45,65,21,42
D. Abella,20,182,60,70,350000,58,62,45,52,21,57,,,,,,,,,,,,,,,,,,,,,62,45,52,21,57
J. von Moos,18,179,59,82,350000,73,59,38,57,25,62,,,,,,,,,,,,,,,,,,,,,59,38,57,25,62
X. Amaechi,18,179,59,81,350000,76,53,53,62,23,49,,,,,,,,,,,,,,,,,,,,,53,53,62,23,49
M. Daly,18,176,59,80,350000,56,54,60,62,48,46,,,,,,,,,,,,,,,,,,,,,54,60,62,48,46
E. Bohinen,20,185,59,76,350000,66,44,56,62,54,60,,,,,,,,,,,,,,,,,,,,,44,56,62,54,60
J. Löwe,20,168,59,75,350000,66,53,54,63,38,44,,,,,,,,,,,,,,,,,,,,,53,54,63,38,44
Bruno,20,175,59,75,350000,71,49,52,65,25,35,,,,,,,,,,,,,,,,,,,,,49,52,65,25,35
Moha,20,180,59,75,350000,63,52,57,62,35,47,,,,,,,,,,,,,,,,,,,,,52,57,62,35,47
L. Dreher,20,184,59,74,350000,63,47,57,60,46,58,,,,,,,,,,,,,,,,,,,,,47,57,60,46,58
Y. Fortune,20,186,59,74,350000,73,58,47,63,27,61,,,,,,,,,,,,,,,,,,,,,58,47,63,27,61
L. Cullen,20,173,59,74,350000,74,60,51,65,29,39,,,,,,,,,,,,,,,,,,,,,60,51,65,29,39
W. Ali,20,186,59,74,350000,75,54,44,68,19,60,,,,,,,,,,,,,,,,,,,,,54,44,68,19,60
C. MacPherson,20,175,59,74,350000,68,47,58,61,57,71,,,,,,,,,,,,,,,,,,,,,47,58,61,57,71
O. Camara,20,178,59,74,350000,66,48,56,58,46,61,,,,,,,,,,,,,,,,,,,,,48,56,58,46,61
C. Kirk,21,178,59,73,350000,72,48,54,63,29,56,,,,,,,,,,,,,,,,,,,,,48,54,63,29,56
J. Maguire-Drew,21,181,59,73,350000,66,58,58,60,32,48,,,,,,,,,,,,,,,,,,,,,58,58,60,32,48
G. Mazuela,20,177,59,73,350000,61,58,43,58,20,50,,,,,,,,,,,,,,,,,,,,,58,43,58,20,50
C. Hall,21,180,59,73,350000,86,58,39,61,19,63,,,,,,,,,,,,,,,,,,,,,58,39,61,19,63
G. Fasolo,20,168,59,73,350000,74,57,53,67,21,42,,,,,,,,,,,,,,,,,,,,,57,53,67,21,42
E. Torres,21,183,59,73,350000,78,56,51,61,35,58,,,,,,,,,,,,,,,,,,,,,56,51,61,35,58
R. Loft,21,190,59,73,350000,59,57,43,53,31,70,,,,,,,,,,,,,,,,,,,,,57,43,53,31,70
J. Otálvaro,21,174,59,73,350000,76,52,53,59,36,47,,,,,,,,,,,,,,,,,,,,,52,53,59,36,47
G. Marcussen,21,179,59,73,350000,70,49,54,64,39,55,,,,,,,,,,,,,,,,,,,,,49,54,64,39,55
B. Volpini,21,179,59,73,350000,61,49,56,66,32,51,,,,,,,,,,,,,,,,,,,,,49,56,66,32,51
S. Power,21,178,59,73,350000,88,46,49,63,30,44,,,,,,,,,,,,,,,,,,,,,46,49,63,30,44
I. Diarra,21,172,59,73,350000,76,55,51,65,23,36,,,,,,,,,,,,,,,,,,,,,55,51,65,23,36
D. Dressel,20,185,59,73,350000,64,46,54,59,45,68,,,,,,,,,,,,,,,,,,,,,46,54,59,45,68
A. Ariza,20,187,59,73,350000,59,46,58,60,54,63,,,,,,,,,,,,,,,,,,,,,46,58,60,54,63
C. Boli,20,175,59,73,350000,66,52,57,62,30,44,,,,,,,,,,,,,,,,,,,,,52,57,62,30,44
A. Soñora,20,171,59,73,350000,63,47,64,60,41,46,,,,,,,,,,,,,,,,,,,,,47,64,60,41,46
D. Croce,36,173,69,69,325000,78,59,68,72,60,74,,,,,,,,,,,,,,,,,,,,,59,68,72,60,74
J. Shackell,35,193,69,69,325000,42,39,53,56,69,73,,,,,,,,,,,,,,,,,,,,,39,53,56,69,73
G. Whelan,35,180,69,69,325000,42,63,68,64,69,67,,,,,,,,,,,,,,,,,,,,,63,68,64,69,67
D. Moor,35,183,69,69,325000,42,41,59,59,68,70,,,,,,,,,,,,,,,,,,,,,41,59,59,68,70
R. Millar,37,183,69,69,325000,52,67,71,68,63,69,,,,,,,,,,,,,,,,,,,,,67,71,68,63,69
Carlos Ruiz,35,183,69,69,325000,63,53,57,57,66,76,,,,,,,,,,,,,,,,,,,,,53,57,57,66,76
Emidio Hoffman,35,188,69,69,325000,54,53,56,54,70,70,,,,,,,,,,,,,,,,,,,,,53,56,54,70,70
Césario Figueirido,35,191,69,69,325000,58,50,56,48,69,73,,,,,,,,,,,,,,,,,,,,,50,56,48,69,73
S. Camara,36,174,68,68,325000,40,70,67,68,55,55,,,,,,,,,,,,,,,,,,,,,70,67,68,55,55
K. Broadfoot,34,191,68,68,325000,29,27,50,50,67,75,,,,,,,,,,,,,,,,,,,,,27,50,50,67,75
C. Lepoint,34,188,68,68,325000,36,66,62,57,67,81,,,,,,,,,,,,,,,,,,,,,66,62,57,67,81
M. Constantin,34,186,68,68,325000,45,42,60,59,67,75,,,,,,,,,,,,,,,,,,,,,42,60,59,67,75
A. Papadopoulos,34,184,68,68,325000,38,52,56,56,65,80,,,,,,,,,,,,,,,,,,,,,52,56,56,65,80
B. Safari,34,181,68,68,325000,66,40,64,64,65,72,,,,,,,,,,,,,,,,,,,,,40,64,64,65,72
J. Choplin,34,183,68,68,325000,50,40,55,58,66,77,,,,,,,,,,,,,,,,,,,,,40,55,58,66,77
A. Swinkels,34,184,68,68,325000,46,34,49,40,69,72,,,,,,,,,,,,,,,,,,,,,34,49,40,69,72
R. Austin,34,183,68,68,325000,45,53,58,53,64,80,,,,,,,,,,,,,,,,,,,,,53,58,53,64,80
O. González,34,182,68,68,325000,39,49,62,55,67,71,,,,,,,,,,,,,,,,,,,,,49,62,55,67,71
C. Grindheim,35,179,67,67,325000,38,60,69,66,59,69,,,,,,,,,,,,,,,,,,,,,60,69,66,59,69
G. Roberts,35,178,67,67,325000,52,64,68,67,36,59,,,,,,,,,,,,,,,,,,,,,64,68,67,36,59
N. Gerzić,35,175,67,67,325000,49,51,70,69,56,67,,,,,,,,,,,,,,,,,,,,,51,70,69,56,67
Wilsson Rosito,35,180,67,67,325000,72,56,68,72,31,58,,,,,,,,,,,,,,,,,,,,,56,68,72,31,58
H. Hauger,33,179,66,66,325000,48,47,57,60,61,70,,,,,,,,,,,,,,,,,,,,,47,57,60,61,70
D. Pratley,34,185,66,66,325000,53,61,62,65,65,78,,,,,,,,,,,,,,,,,,,,,61,62,65,65,78
L. Noriega,34,172,66,66,325000,59,59,65,62,63,73,,,,,,,,,,,,,,,,,,,,,59,65,62,63,73
C. Ayala,33,179,66,66,325000,54,50,62,66,60,72,,,,,,,,,,,,,,,,,,,,,50,62,66,60,72
Danilson da Cruz,33,186,66,66,325000,42,55,56,53,65,72,,,,,,,,,,,,,,,,,,,,,55,56,53,65,72
M. Čovilo,33,193,66,66,325000,37,50,59,56,66,76,,,,,,,,,,,,,,,,,,,,,50,59,56,66,76
D. Edwards,33,183,65,65,325000,51,61,62,62,60,74,,,,,,,,,,,,,,,,,,,,,61,62,62,60,74
C. Woods,32,180,65,65,325000,62,46,58,62,64,68,,,,,,,,,,,,,,,,,,,,,46,58,62,64,68
D. Semenzato,32,180,65,65,325000,69,46,53,65,63,68,,,,,,,,,,,,,,,,,,,,,46,53,65,63,68
Aitor,32,181,65,65,325000,70,39,52,59,63,76,,,,,,,,,,,,,,,,,,,,,39,52,59,63,76
E. Brambila,33,172,65,65,325000,66,63,66,66,49,64,,,,,,,,,,,,,,,,,,,,,63,66,66,49,64
G. Sarmov,33,180,65,65,325000,63,59,64,64,60,67,,,,,,,,,,,,,,,,,,,,,59,64,64,60,67
Isidoro,32,180,65,65,325000,71,40,57,55,62,72,,,,,,,,,,,,,,,,,,,,,40,57,55,62,72
J. Jacobson,32,180,65,65,325000,68,57,62,63,61,71,,,,,,,,,,,,,,,,,,,,,57,62,63,61,71
Jeong Hyuk,33,175,65,65,325000,60,57,67,66,60,69,,,,,,,,,,,,,,,,,,,,,57,67,66,60,69
S. Sinovic,32,178,65,65,325000,57,41,61,63,67,65,,,,,,,,,,,,,,,,,,,,,41,61,63,67,65
I. Vásquez,33,170,65,65,325000,36,44,67,61,58,62,,,,,,,,,,,,,,,,,,,,,44,67,61,58,62
J. Furdal,33,183,65,65,325000,58,62,68,68,34,50,,,,,,,,,,,,,,,,,,,,,62,68,68,34,50
C. McCann,31,185,64,64,325000,51,58,67,65,64,71,,,,,,,,,,,,,,,,,,,,,58,67,65,64,71
L. Prosser,31,191,64,64,325000,53,28,42,43,63,66,,,,,,,,,,,,,,,,,,,,,28,42,43,63,66
R. Kitoko,31,177,64,64,325000,72,56,59,63,60,74,,,,,,,,,,,,,,,,,,,,,56,59,63,60,74
N. Malić,31,192,64,64,325000,31,26,39,29,63,79,,,,,,,,,,,,,,,,,,,,,26,39,29,63,79
Yu Dabao,31,182,64,64,325000,67,57,59,61,58,75,,,,,,,,,,,,,,,,,,,,,57,59,61,58,75
S. Madden,31,175,64,64,325000,70,50,58,61,59,74,,,,,,,,,,,,,,,,,,,,,50,58,61,59,74
B. Easton,31,183,64,64,325000,61,17,55,59,63,73,,,,,,,,,,,,,,,,,,,,,17,55,59,63,73
F. Liverstam,31,194,64,64,325000,51,38,42,40,62,74,,,,,,,,,,,,,,,,,,,,,38,42,40,62,74
A. Al Zori,31,180,64,64,325000,68,44,53,61,63,75,,,,,,,,,,,,,,,,,,,,,44,53,61,63,75
M. Sans,31,191,64,64,325000,36,35,49,42,65,70,,,,,,,,,,,,,,,,,,,,,35,49,42,65,70
Mikel Iribas,31,183,64,64,325000,72,53,59,58,57,75,,,,,,,,,,,,,,,,,,,,,53,59,58,57,75
Yu Ji Hoon,31,172,64,64,325000,76,33,53,49,61,57,,,,,,,,,,,,,,,,,,,,,33,53,49,61,57
K. Al Ghamdi,31,167,64,64,325000,82,29,58,65,59,64,,,,,,,,,,,,,,,,,,,,,29,58,65,59,64
J. Rivas,31,194,64,64,325000,51,26,41,37,61,77,,,,,,,,,,,,,,,,,,,,,26,41,37,61,77
O. Balanta,31,187,64,64,325000,64,51,55,61,61,71,,,,,,,,,,,,,,,,,,,,,51,55,61,61,71
Perceval Acunha,31,190,64,64,325000,65,35,46,37,66,61,,,,,,,,,,,,,,,,,,,,,35,46,37,66,61
Vasquão Junior,31,187,64,64,325000,42,33,35,36,68,65,,,,,,,,,,,,,,,,,,,,,33,35,36,68,65
Kim Jungya,31,183,64,64,325000,38,39,41,44,63,70,,,,,,,,,,,,,,,,,,,,,39,41,44,63,70
A. Dandea,31,189,64,64,325000,42,35,50,50,61,72,,,,,,,,,,,,,,,,,,,,,35,50,50,61,72
A. Patache,31,174,64,64,325000,62,30,47,59,64,65,,,,,,,,,,,,,,,,,,,,,30,47,59,64,65
R. Tincu,31,185,64,64,325000,39,23,39,38,62,76,,,,,,,,,,,,,,,,,,,,,23,39,38,62,76
L. Buș,31,174,63,63,325000,66,54,59,63,41,60,,,,,,,,,,,,,,,,,,,,,54,59,63,41,60
S. Miller,31,173,63,63,325000,78,61,44,66,30,64,,,,,,,,,,,,,,,,,,,,,61,44,66,30,64
S. Sinclair,31,170,63,63,325000,73,54,59,62,61,75,,,,,,,,,,,,,,,,,,,,,54,59,62,61,75
R. Taylor,31,188,63,63,325000,53,62,56,60,36,76,,,,,,,,,,,,,,,,,,,,,62,56,60,36,76
M. Jones,31,183,63,63,325000,79,62,63,66,50,70,,,,,,,,,,,,,,,,,,,,,62,63,66,50,70
R. Finn,31,185,63,63,325000,65,58,62,63,54,67,,,,,,,,,,,,,,,,,,,,,58,62,63,54,67
P. Amond,31,178,63,63,325000,65,64,48,59,36,63,,,,,,,,,,,,,,,,,,,,,64,48,59,36,63
G. Cummins,31,178,63,63,325000,68,60,52,58,38,74,,,,,,,,,,,,,,,,,,,,,60,52,58,38,74
E. Doyle,31,181,63,63,325000,64,64,57,64,27,67,,,,,,,,,,,,,,,,,,,,,64,57,64,27,67
I. Vigurs,31,173,63,63,325000,66,57,63,64,51,68,,,,,,,,,,,,,,,,,,,,,57,63,64,51,68
M. Gardawski,28,177,63,63,325000,74,61,56,64,59,61,,,,,,,,,,,,,,,,,,,,,61,56,64,59,61
A. Sauthier,28,185,63,63,325000,69,51,62,59,61,66,,,,,,,,,,,,,,,,,,,,,51,62,59,61,66
L. O'Neill,27,184,63,63,325000,72,47,60,63,58,69,,,,,,,,,,,,,,,,,,,,,47,60,63,58,69
F. Affolter,28,185,63,63,325000,60,36,55,60,62,64,,,,,,,,,,,,,,,,,,,,,36,55,60,62,64
J. Hanson,31,193,63,63,325000,30,63,40,52,31,84,,,,,,,,,,,,,,,,,,,,,63,40,52,31,84
G. Francomb,27,181,63,63,325000,67,53,63,62,58,59,,,,,,,,,,,,,,,,,,,,,53,63,62,58,59
K. Mellor,28,187,63,63,325000,68,34,53,61,59,71,,,,,,,,,,,,,,,,,,,,,34,53,61,59,71
Lee Jae Myung,27,182,63,63,325000,82,20,54,59,57,70,,,,,,,,,,,,,,,,,,,,,20,54,59,57,70
D. Bowles,27,189,63,63,325000,62,38,54,55,61,71,,,,,,,,,,,,,,,,,,,,,38,54,55,61,71
C. McCormack,29,176,63,63,325000,62,55,59,59,60,66,,,,,,,,,,,,,,,,,,,,,55,59,59,60,66
Kim Jun Yub,31,178,63,63,325000,74,51,57,63,57,66,,,,,,,,,,,,,,,,,,,,,51,57,63,57,66
A. Morgan,28,180,63,63,325000,78,39,56,61,60,63,,,,,,,,,,,,,,,,,,,,,39,56,61,60,63
F. Brügmann,28,173,63,63,325000,70,39,51,62,61,62,,,,,,,,,,,,,,,,,,,,,39,51,62,61,62
Chen Zhizhao,31,170,63,63,325000,75,62,56,68,51,42,,,,,,,,,,,,,,,,,,,,,62,56,68,51,42
S. Al Qumayzi,27,180,63,63,325000,72,38,54,62,58,76,,,,,,,,,,,,,,,,,,,,,38,54,62,58,76
D. Rose,31,170,63,63,325000,60,58,61,62,59,65,,,,,,,,,,,,,,,,,,,,,58,61,62,59,65
M. Rigione,28,185,63,63,325000,42,42,42,46,61,70,,,,,,,,,,,,,,,,,,,,,42,42,46,61,70
K. Mensah,28,173,63,63,325000,85,62,56,70,54,67,,,,,,,,,,,,,,,,,,,,,62,56,70,54,67
O. Lund,28,188,63,63,325000,67,39,56,60,59,72,,,,,,,,,,,,,,,,,,,,,39,56,60,59,72
Zhou Yun,28,183,63,63,325000,65,35,59,64,61,65,,,,,,,,,,,,,,,,,,,,,35,59,64,61,65
E. Marxen,28,185,63,63,325000,66,48,58,62,62,67,,,,,,,,,,,,,,,,,,,,,48,58,62,62,67
Li Yunqiu,28,174,63,63,325000,77,43,54,64,58,60,,,,,,,,,,,,,,,,,,,,,43,54,64,58,60
Tang Jiashu,28,184,63,63,325000,68,34,47,48,63,67,,,,,,,,,,,,,,,,,,,,,34,47,48,63,67
K. Al Barakah,28,179,63,63,325000,72,37,52,56,59,71,,,,,,,,,,,,,,,,,,,,,37,52,56,59,71
Li Hang,29,182,63,63,325000,67,56,63,59,59,68,,,,,,,,,,,,,,,,,,,,,56,63,59,59,68
Felipe Soldivia,31,173,63,63,325000,70,53,59,65,41,68,,,,,,,,,,,,,,,,,,,,,53,59,65,41,68
T. Shimakawa,29,180,63,63,325000,64,46,49,54,64,75,,,,,,,,,,,,,,,,,,,,,46,49,54,64,75
T. Broadbent,27,190,63,63,325000,55,42,49,47,58,81,,,,,,,,,,,,,,,,,,,,,42,49,47,58,81
E. Valla Dønnem,28,183,63,63,325000,64,50,58,59,58,76,,,,,,,,,,,,,,,,,,,,,50,58,59,58,76
R. Frantsen,27,184,63,63,325000,80,40,55,61,58,60,,,,,,,,,,,,,,,,,,,,,40,55,61,58,60
C. Sierra,28,177,63,63,325000,60,60,66,67,53,71,,,,,,,,,,,,,,,,,,,,,60,66,67,53,71
K. Mitsuhira,31,175,63,63,325000,69,62,58,63,30,56,,,,,,,,,,,,,,,,,,,,,62,58,63,30,56
M. Miyasaka,29,169,63,63,325000,66,56,56,58,59,63,,,,,,,,,,,,,,,,,,,,,56,56,58,59,63
M. Leca,27,191,63,63,325000,44,38,42,41,60,74,,,,,,,,,,,,,,,,,,,,,38,42,41,60,74
P. Koronkiewicz,28,185,63,63,325000,86,55,55,62,55,69,,,,,,,,,,,,,,,,,,,,,55,55,62,55,69
L. Öhman,27,191,62,65,325000,50,33,45,42,60,76,,,,,,,,,,,,,,,,,,,,,33,45,42,60,76
H. Davis,27,185,62,65,325000,54,34,41,42,62,69,,,,,,,,,,,,,,,,,,,,,34,41,42,62,69
C. Bolger,27,196,62,65,325000,46,36,36,31,60,72,,,,,,,,,,,,,,,,,,,,,36,36,31,60,72
S. Lang,25,178,62,65,325000,69,37,55,56,58,57,,,,,,,,,,,,,,,,,,,,,37,55,56,58,57
J. Cranston,25,180,62,65,325000,77,38,54,62,57,67,,,,,,,,,,,,,,,,,,,,,38,54,62,57,67
M. Larenas,25,173,62,65,325000,74,44,58,56,58,53,,,,,,,,,,,,,,,,,,,,,44,58,56,58,53
M. Koj,25,188,62,65,325000,56,39,53,54,61,76,,,,,,,,,,,,,,,,,,,,,39,53,54,61,76
Zheng Kaimu,27,185,62,65,325000,61,42,46,45,60,71,,,,,,,,,,,,,,,,,,,,,42,46,45,60,71
B. Richards-Everton,27,190,62,65,325000,64,28,43,48,59,72,,,,,,,,,,,,,,,,,,,,,28,43,48,59,72
Liao Junjian,25,183,62,65,325000,60,50,57,59,62,69,,,,,,,,,,,,,,,,,,,,,50,57,59,62,69
J. Albert,27,185,62,65,325000,59,26,37,40,61,68,,,,,,,,,,,,,,,,,,,,,26,37,40,61,68
N. Fukumori,26,183,62,65,325000,66,39,47,47,60,69,,,,,,,,,,,,,,,,,,,,,39,47,47,60,69
F. Lasso,26,198,62,65,325000,53,34,38,45,60,69,,,,,,,,,,,,,,,,,,,,,34,38,45,60,69
B. Hamill,26,185,62,64,325000,58,41,49,48,61,65,,,,,,,,,,,,,,,,,,,,,41,49,48,61,65
J. Ericsson,25,180,62,64,325000,80,44,55,63,55,61,,,,,,,,,,,,,,,,,,,,,44,55,63,55,61
Y. Songo'o,27,185,62,64,325000,67,39,51,56,60,76,,,,,,,,,,,,,,,,,,,,,39,51,56,60,76
C. Good,26,187,62,64,325000,48,35,49,47,60,66,,,,,,,,,,,,,,,,,,,,,35,49,47,60,66
S. Sama,26,189,62,64,325000,52,25,32,38,59,73,,,,,,,,,,,,,,,,,,,,,25,32,38,59,73
Z. Francis-Angol,26,173,62,64,325000,81,38,54,59,57,65,,,,,,,,,,,,,,,,,,,,,38,54,59,57,65
T. Doyle,27,184,62,64,325000,68,35,60,58,60,69,,,,,,,,,,,,,,,,,,,,,35,60,58,60,69
S. Ring,24,178,62,64,325000,69,33,60,62,59,67,,,,,,,,,,,,,,,,,,,,,33,60,62,59,67
H. Futami,27,179,62,64,325000,65,28,51,51,57,75,,,,,,,,,,,,,,,,,,,,,28,51,51,57,75
Lee Min Gi,26,176,62,64,325000,74,29,54,60,56,62,,,,,,,,,,,,,,,,,,,,,29,54,60,56,62
T. Rotter,27,188,62,64,325000,50,37,37,38,62,68,,,,,,,,,,,,,,,,,,,,,37,37,38,62,68
M. Cikarski,26,174,62,64,325000,67,28,50,62,58,62,,,,,,,,,,,,,,,,,,,,,28,50,62,58,62
K. Kościelny,27,185,62,64,325000,56,23,29,33,61,72,,,,,,,,,,,,,,,,,,,,,23,29,33,61,72
J. Guthrie,26,192,62,63,325000,62,28,50,50,60,74,,,,,,,,,,,,,,,,,,,,,28,50,50,60,74
A. Kenyon,26,182,62,63,325000,62,46,55,60,57,75,,,,,,,,,,,,,,,,,,,,,46,55,60,57,75
C. Montano,27,180,62,62,325000,78,58,54,66,59,62,,,,,,,,,,,,,,,,,,,,,58,54,66,59,62
J. Parker,28,180,62,62,325000,86,54,55,61,33,64,,,,,,,,,,,,,,,,,,,,,54,55,61,33,64
K. Marsh-Brown,26,185,62,62,325000,76,58,56,63,36,62,,,,,,,,,,,,,,,,,,,,,58,56,63,36,62
M. Cullen,27,175,62,62,325000,70,59,51,59,40,62,,,,,,,,,,,,,,,,,,,,,59,51,59,40,62
F. Brown Forbes,27,188,62,62,325000,72,53,56,64,55,76,,,,,,,,,,,,,,,,,,,,,53,56,64,55,76
A. Tveter,28,190,62,62,325000,51,65,60,59,32,69,,,,,,,,,,,,,,,,,,,,,65,60,59,32,69
C. Harold,26,176,62,62,325000,86,61,52,63,35,62,,,,,,,,,,,,,,,,,,,,,61,52,63,35,62
S. Ramizi,27,182,62,62,325000,68,61,56,62,27,58,,,,,,,,,,,,,,,,,,,,,61,56,62,27,58
M. Garcia,27,174,62,62,325000,65,57,59,63,27,47,,,,,,,,,,,,,,,,,,,,,57,59,63,27,47
N. Miracco,28,175,62,62,325000,68,62,62,62,31,51,,,,,,,,,,,,,,,,,,,,,62,62,62,31,51
Fachendinho,27,181,62,62,325000,50,65,50,63,26,57,,,,,,,,,,,,,,,,,,,,,65,50,63,26,57
Hélton Carvalhal,27,187,62,62,325000,34,68,36,45,30,65,,,,,,,,,,,,,,,,,,,,,68,36,45,30,65
A. Ibrahimaj,27,180,62,62,325000,75,57,53,69,28,63,,,,,,,,,,,,,,,,,,,,,57,53,69,28,63
M. Biamou,28,185,62,62,325000,77,58,38,58,28,70,,,,,,,,,,,,,,,,,,,,,58,38,58,28,70
D. Vitturini,22,180,61,69,325000,65,23,42,58,59,65,,,,,,,,,,,,,,,,,,,,,23,42,58,59,65
S. McMann,22,180,61,69,325000,56,33,45,61,59,66,,,,,,,,,,,,,,,,,,,,,33,45,61,59,66
J. Robles,22,174,61,69,325000,70,33,49,60,65,47,,,,,,,,,,,,,,,,,,,,,33,49,60,65,47
J. Sterry,23,180,61,69,325000,64,36,52,60,60,64,,,,,,,,,,,,,,,,,,,,,36,52,60,60,64
F. Saavedra,22,172,61,69,325000,79,44,58,64,55,61,,,,,,,,,,,,,,,,,,,,,44,58,64,55,61
G. Morelli,22,181,61,69,325000,57,29,49,56,58,55,,,,,,,,,,,,,,,,,,,,,29,49,56,58,55
S. Fujitani,21,178,61,69,325000,80,30,46,54,57,64,,,,,,,,,,,,,,,,,,,,,30,46,54,57,64
D. Barbosa,22,173,61,69,325000,70,37,50,61,59,64,,,,,,,,,,,,,,,,,,,,,37,50,61,59,64
T. Jacobsen,22,182,61,69,325000,70,50,57,62,55,67,,,,,,,,,,,,,,,,,,,,,50,57,62,55,67
R. Strain,22,181,61,69,325000,78,42,57,62,56,61,,,,,,,,,,,,,,,,,,,,,42,57,62,56,61
S. Nealis,22,194,61,69,325000,59,28,38,49,58,67,,,,,,,,,,,,,,,,,,,,,28,38,49,58,67
C. Pepe,22,186,61,69,325000,69,29,42,39,56,78,,,,,,,,,,,,,,,,,,,,,29,42,39,56,78
S. Gassama,20,182,61,69,325000,75,41,42,50,59,77,,,,,,,,,,,,,,,,,,,,,41,42,50,59,77
G. Ray,25,193,61,68,325000,62,17,25,51,60,69,,,,,,,,,,,,,,,,,,,,,17,25,51,60,69
F. Aliti,25,186,61,68,325000,66,35,46,50,61,62,,,,,,,,,,,,,,,,,,,,,35,46,50,61,62
W. Boyle,23,191,61,68,325000,55,27,36,37,61,70,,,,,,,,,,,,,,,,,,,,,27,36,37,61,70
J. McDonagh,23,180,61,68,325000,81,55,56,62,57,56,,,,,,,,,,,,,,,,,,,,,55,56,62,57,56
S. Sefil,25,194,61,68,325000,58,30,39,33,59,74,,,,,,,,,,,,,,,,,,,,,30,39,33,59,74
D. Contreras,25,172,61,68,325000,72,41,55,60,56,60,,,,,,,,,,,,,,,,,,,,,41,55,60,56,60
P. Kpozo,21,180,61,68,325000,80,34,56,64,53,69,,,,,,,,,,,,,,,,,,,,,34,56,64,53,69
K. O'Connor,24,183,61,68,325000,64,52,62,62,58,63,,,,,,,,,,,,,,,,,,,,,52,62,62,58,63
S. Alberto,23,188,61,68,325000,68,26,45,52,58,66,,,,,,,,,,,,,,,,,,,,,26,45,52,58,66
E. Dabo,23,181,61,68,325000,67,40,56,58,57,66,,,,,,,,,,,,,,,,,,,,,40,56,58,57,66
E. Maury,23,183,61,68,325000,44,35,52,60,59,63,,,,,,,,,,,,,,,,,,,,,35,52,60,59,63
S. Cordero,23,177,61,68,325000,58,40,51,55,63,57,,,,,,,,,,,,,,,,,,,,,40,51,55,63,57
S. Johansen,23,190,61,68,325000,58,31,29,49,60,71,,,,,,,,,,,,,,,,,,,,,31,29,49,60,71
B. Gyamfi,23,178,61,68,325000,78,32,44,52,60,67,,,,,,,,,,,,,,,,,,,,,32,44,52,60,67
C. Bramall,23,178,61,68,325000,83,44,54,60,55,59,,,,,,,,,,,,,,,,,,,,,44,54,60,55,59
M. Al Baqawi,23,172,61,68,325000,74,29,54,57,58,62,,,,,,,,,,,,,,,,,,,,,29,54,57,58,62
F. Senninger,23,175,61,68,325000,85,28,44,59,56,55,,,,,,,,,,,,,,,,,,,,,28,44,59,56,55
M. Haarup,23,178,61,68,325000,82,35,48,58,57,65,,,,,,,,,,,,,,,,,,,,,35,48,58,57,65
F. Arbeláez,22,181,61,68,325000,73,37,51,59,60,63,,,,,,,,,,,,,,,,,,,,,37,51,59,60,63
J. Borgmann,21,196,61,68,325000,51,29,41,40,59,71,,,,,,,,,,,,,,,,,,,,,29,41,40,59,71
S. Perić,22,185,61,68,325000,71,31,50,47,57,65,,,,,,,,,,,,,,,,,,,,,31,50,47,57,65
C. Huerta,18,171,61,68,325000,65,57,60,59,37,55,,,,,,,,,,,,,,,,,,,,,57,60,59,37,55
A. Rwatubyaye,22,185,61,68,325000,63,22,30,34,60,73,,,,,,,,,,,,,,,,,,,,,22,30,34,60,73
E. Azemović,22,191,61,68,325000,64,27,33,37,60,68,,,,,,,,,,,,,,,,,,,,,27,33,37,60,68
Lucas Soares,21,176,61,68,325000,75,37,54,65,57,59,,,,,,,,,,,,,,,,,,,,,37,54,65,57,59
P. Mendy,23,185,61,68,325000,74,39,53,57,57,64,,,,,,,,,,,,,,,,,,,,,39,53,57,57,64
Y. Ben Balla,23,180,61,67,325000,66,52,51,61,58,62,,,,,,,,,,,,,,,,,,,,,52,51,61,58,62
C. Thomas,25,185,61,66,325000,70,50,59,58,58,70,,,,,,,,,,,,,,,,,,,,,50,59,58,58,70
E. Ham,25,174,61,66,325000,70,53,59,63,54,67,,,,,,,,,,,,,,,,,,,,,53,59,63,54,67
J. Henríquez,25,176,61,66,325000,69,62,63,61,38,67,,,,,,,,,,,,,,,,,,,,,62,63,61,38,67
A. Mohammad,22,177,61,66,325000,81,49,46,69,21,51,,,,,,,,,,,,,,,,,,,,,49,46,69,21,51
T. Sugimoto,23,162,61,66,325000,75,40,58,68,39,47,,,,,,,,,,,,,,,,,,,,,40,58,68,39,47
A. Al Obud,24,174,61,66,325000,83,58,49,64,19,53,,,,,,,,,,,,,,,,,,,,,58,49,64,19,53
R. Obermair,23,182,61,66,325000,62,63,55,68,41,55,,,,,,,,,,,,,,,,,,,,,63,55,68,41,55
E. Collier,24,193,61,66,325000,62,56,57,60,44,70,,,,,,,,,,,,,,,,,,,,,56,57,60,44,70
F. Sjølstad,25,187,61,66,325000,71,41,56,60,56,68,,,,,,,,,,,,,,,,,,,,,41,56,60,56,68
F. Drinkuth,24,185,61,66,325000,73,56,55,62,24,62,,,,,,,,,,,,,,,,,,,,,56,55,62,24,62
M. Puschl,23,187,61,66,325000,68,55,56,62,27,49,,,,,,,,,,,,,,,,,,,,,55,56,62,27,49
B. Nimaga,24,189,61,66,325000,64,44,56,60,57,64,,,,,,,,,,,,,,,,,,,,,44,56,60,57,64
J. Powell,25,177,61,65,325000,62,49,62,62,43,59,,,,,,,,,,,,,,,,,,,,,49,62,62,43,59
S. Burgess,21,181,61,65,325000,75,59,55,62,40,50,,,,,,,,,,,,,,,,,,,,,59,55,62,40,50
E. Maanane,24,182,61,65,325000,72,61,43,62,26,51,,,,,,,,,,,,,,,,,,,,,61,43,62,26,51
D. Amankwaa,25,176,61,64,325000,81,54,52,63,25,57,,,,,,,,,,,,,,,,,,,,,54,52,63,25,57
A. Jagiełło,24,170,61,64,325000,75,56,59,66,37,35,,,,,,,,,,,,,,,,,,,,,56,59,66,37,35
A. Al Nazera,26,170,61,64,325000,60,58,61,62,27,60,,,,,,,,,,,,,,,,,,,,,58,61,62,27,60
J. McCourt,23,178,61,64,325000,66,54,58,57,59,71,,,,,,,,,,,,,,,,,,,,,54,58,57,59,71
H. Acar,24,183,61,64,325000,58,45,56,62,56,59,,,,,,,,,,,,,,,,,,,,,45,56,62,56,59
Li Yuanyi,25,180,61,64,325000,68,57,57,61,46,59,,,,,,,,,,,,,,,,,,,,,57,57,61,46,59
A. Alégué,22,175,61,64,325000,67,56,56,66,28,45,,,,,,,,,,,,,,,,,,,,,56,56,66,28,45
A. May,25,176,61,64,325000,85,60,44,64,32,63,,,,,,,,,,,,,,,,,,,,,60,44,64,32,63
M. Al Dhaw,25,169,61,64,325000,70,57,57,63,40,59,,,,,,,,,,,,,,,,,,,,,57,57,63,40,59
E. Cicerelli,24,177,61,64,325000,67,57,54,67,28,41,,,,,,,,,,,,,,,,,,,,,57,54,67,28,41
C. Cooke,26,185,61,64,325000,68,60,48,58,27,67,,,,,,,,,,,,,,,,,,,,,60,48,58,27,67
I. Rønning,26,192,61,64,325000,59,61,43,49,26,68,,,,,,,,,,,,,,,,,,,,,61,43,49,26,68
Víctor Ruiz,25,172,61,64,325000,77,51,56,65,31,47,,,,,,,,,,,,,,,,,,,,,51,56,65,31,47
A. Budimbu,24,178,61,64,325000,74,51,54,63,28,66,,,,,,,,,,,,,,,,,,,,,51,54,63,28,66
R. Ivey,25,167,61,64,325000,80,50,53,65,35,47,,,,,,,,,,,,,,,,,,,,,50,53,65,35,47
J. Kitolano,19,174,60,72,325000,79,37,51,60,52,58,,,,,,,,,,,,,,,,,,,,,37,51,60,52,58
D. Ryan,19,184,60,72,325000,64,29,40,51,59,63,,,,,,,,,,,,,,,,,,,,,29,40,51,59,63
F. Garcés,19,188,60,72,325000,53,34,36,42,58,68,,,,,,,,,,,,,,,,,,,,,34,36,42,58,68
V. Drkušić,19,185,60,72,325000,71,32,43,42,59,66,,,,,,,,,,,,,,,,,,,,,32,43,42,59,66
V. Gendrey,19,179,60,72,325000,70,33,39,63,59,63,,,,,,,,,,,,,,,,,,,,,33,39,63,59,63
T. Watson,22,179,60,71,325000,70,31,52,59,57,56,,,,,,,,,,,,,,,,,,,,,31,52,59,57,56
C. Miller,21,175,60,71,325000,76,48,54,63,53,54,,,,,,,,,,,,,,,,,,,,,48,54,63,53,54
J. Valencia,22,172,60,71,325000,61,45,56,63,54,60,,,,,,,,,,,,,,,,,,,,,45,56,63,54,60
A. Chrzanowski,20,186,60,71,325000,72,39,38,47,58,70,,,,,,,,,,,,,,,,,,,,,39,38,47,58,70
I. Rojas,21,178,60,71,325000,60,38,53,53,59,64,,,,,,,,,,,,,,,,,,,,,38,53,53,59,64
H. Sarpei,20,178,60,71,325000,60,36,52,60,57,67,,,,,,,,,,,,,,,,,,,,,36,52,60,57,67
V. van den Bogert,19,185,60,71,325000,49,27,41,39,59,66,,,,,,,,,,,,,,,,,,,,,27,41,39,59,66
H. Delcroix,20,185,60,71,325000,65,28,51,57,59,57,,,,,,,,,,,,,,,,,,,,,28,51,57,59,57
R. Bidounga,22,186,60,71,325000,58,29,35,39,59,67,,,,,,,,,,,,,,,,,,,,,29,35,39,59,67
J. Giraldo,21,192,60,71,325000,59,27,45,46,58,68,,,,,,,,,,,,,,,,,,,,,27,45,46,58,68
J. Issa,22,185,60,71,325000,50,42,52,52,59,60,,,,,,,,,,,,,,,,,,,,,42,52,52,59,60
A. Angulo,23,193,60,71,325000,64,26,34,43,61,64,,,,,,,,,,,,,,,,,,,,,26,34,43,61,64
C. Tiéhi,21,179,60,71,325000,66,38,54,58,56,66,,,,,,,,,,,,,,,,,,,,,38,54,58,56,66
Y. Nader,20,177,60,71,325000,60,37,51,54,59,72,,,,,,,,,,,,,,,,,,,,,37,51,54,59,72
P. Obermüller,20,188,60,71,325000,64,30,46,38,57,69,,,,,,,,,,,,,,,,,,,,,30,46,38,57,69
T. Keller,19,187,60,71,325000,58,25,29,37,59,63,,,,,,,,,,,,,,,,,,,,,25,29,37,59,63
D. Schnegg,20,185,60,71,325000,73,45,53,57,57,60,,,,,,,,,,,,,,,,,,,,,45,53,57,57,60
A. Andrade,20,187,60,71,325000,64,28,46,46,60,70,,,,,,,,,,,,,,,,,,,,,28,46,46,60,70
O. Zanzala,22,185,60,70,325000,67,57,45,55,29,63,,,,,,,,,,,,,,,,,,,,,57,45,55,29,63
S. Karakoç,22,170,60,70,325000,65,45,57,65,41,60,,,,,,,,,,,,,,,,,,,,,45,57,65,41,60
M. Butcher,22,188,60,70,325000,63,49,56,60,57,64,,,,,,,,,,,,,,,,,,,,,49,56,60,57,64
J. Pritchard,22,174,60,70,325000,66,53,59,62,53,53,,,,,,,,,,,,,,,,,,,,,53,59,62,53,53
M. Brink,21,176,60,70,325000,68,53,59,64,46,55,,,,,,,,,,,,,,,,,,,,,53,59,64,46,55
E. Ojeda,21,180,60,70,325000,64,52,59,59,53,60,,,,,,,,,,,,,,,,,,,,,52,59,59,53,60
S. Adrian,21,182,60,70,325000,56,47,63,58,53,68,,,,,,,,,,,,,,,,,,,,,47,63,58,53,68
A. Tîrcoveanu,22,172,60,70,325000,71,48,53,62,55,50,,,,,,,,,,,,,,,,,,,,,48,53,62,55,50
Madger Gomes,22,180,60,70,325000,77,46,57,64,37,54,,,,,,,,,,,,,,,,,,,,,46,57,64,37,54
R. Meraz,19,179,60,70,325000,59,46,56,57,60,61,,,,,,,,,,,,,,,,,,,,,46,56,57,60,61
Bruno Jordão,20,180,60,70,325000,55,50,58,67,44,57,,,,,,,,,,,,,,,,,,,,,50,58,67,44,57
H. Gilmour,20,175,60,70,325000,72,53,58,62,51,60,,,,,,,,,,,,,,,,,,,,,53,58,62,51,60
D. Balanyuk,22,175,60,70,325000,71,58,48,61,22,49,,,,,,,,,,,,,,,,,,,,,58,48,61,22,49
J. Ogenia,20,180,60,70,325000,85,54,51,66,32,46,,,,,,,,,,,,,,,,,,,,,54,51,66,32,46
Gori López,20,177,60,70,325000,63,56,61,62,52,46,,,,,,,,,,,,,,,,,,,,,56,61,62,52,46
A. López,22,172,60,70,325000,64,56,59,66,45,47,,,,,,,,,,,,,,,,,,,,,56,59,66,45,47
Sergio,22,180,60,70,325000,63,60,57,63,32,51,,,,,,,,,,,,,,,,,,,,,60,57,63,32,51
A. Mallamo,20,174,60,70,325000,64,64,54,65,29,42,,,,,,,,,,,,,,,,,,,,,64,54,65,29,42
L. Salvesen,23,186,60,69,325000,67,58,43,59,25,61,,,,,,,,,,,,,,,,,,,,,58,43,59,25,61
J. Jones,23,175,60,69,325000,65,53,61,62,44,58,,,,,,,,,,,,,,,,,,,,,53,61,62,44,58
R. Grego-Cox,22,170,60,69,325000,76,58,48,60,22,45,,,,,,,,,,,,,,,,,,,,,58,48,60,22,45
A. Zendejas,21,165,60,69,325000,77,47,51,66,40,51,,,,,,,,,,,,,,,,,,,,,47,51,66,40,51
A. Melo,23,175,60,69,325000,70,51,58,62,33,54,,,,,,,,,,,,,,,,,,,,,51,58,62,33,54
G. Zecca,21,180,60,69,325000,66,58,56,63,33,47,,,,,,,,,,,,,,,,,,,,,58,56,63,33,47
M. Prezioso,23,178,60,69,325000,62,47,59,60,48,54,,,,,,,,,,,,,,,,,,,,,47,59,60,48,54
A. Bolivar,23,173,60,69,325000,64,46,60,62,59,61,,,,,,,,,,,,,,,,,,,,,46,60,62,59,61
K. Pagliuca,22,188,60,69,325000,70,58,48,64,22,54,,,,,,,,,,,,,,,,,,,,,58,48,64,22,54
M. Fallatah,23,184,60,69,325000,58,45,57,58,58,62,,,,,,,,,,,,,,,,,,,,,45,57,58,58,62
B. Njie,21,184,60,69,325000,86,56,47,64,25,47,,,,,,,,,,,,,,,,,,,,,56,47,64,25,47
F. Atuahene,23,175,60,69,325000,82,57,43,59,26,54,,,,,,,,,,,,,,,,,,,,,57,43,59,26,54
J. Gurrola,21,177,60,69,325000,59,64,50,62,23,48,,,,,,,,,,,,,,,,,,,,,64,50,62,23,48
J. Escobar,20,171,60,69,325000,77,59,45,63,18,52,,,,,,,,,,,,,,,,,,,,,59,45,63,18,52
R. Dally,22,183,60,69,325000,72,53,49,61,37,63,,,,,,,,,,,,,,,,,,,,,53,49,61,37,63
Alex Rey,21,180,60,69,325000,58,45,59,61,58,52,,,,,,,,,,,,,,,,,,,,,45,59,61,58,52
E. Engelhardt,21,179,60,69,325000,74,55,47,63,19,63,,,,,,,,,,,,,,,,,,,,,55,47,63,19,63
B. Soumaré,20,180,60,69,325000,68,48,58,62,48,52,,,,,,,,,,,,,,,,,,,,,48,58,62,48,52
S. Elia,20,183,60,69,325000,68,64,53,62,30,42,,,,,,,,,,,,,,,,,,,,,64,53,62,30,42
D. Bilogrevic,20,182,60,69,325000,59,56,59,64,41,50,,,,,,,,,,,,,,,,,,,,,56,59,64,41,50
Lee Dong Won,23,196,60,69,325000,63,56,41,55,26,74,,,,,,,,,,,,,,,,,,,,,56,41,55,26,74
Filipe Ferreira,21,186,60,69,325000,54,44,59,58,57,64,,,,,,,,,,,,,,,,,,,,,44,59,58,57,64
K. Bafounta,17,193,59,83,325000,66,50,54,60,56,61,,,,,,,,,,,,,,,,,,,,,50,54,60,56,61
J. Bowden,17,183,59,81,325000,63,46,57,58,58,50,,,,,,,,,,,,,,,,,,,,,46,57,58,58,50
J. Hove,18,177,59,79,325000,70,52,56,59,50,61,,,,,,,,,,,,,,,,,,,,,52,56,59,50,61
B. Provoste,19,177,59,79,325000,66,47,57,64,28,51,,,,,,,,,,,,,,,,,,,,,47,57,64,28,51
N. Kirby,19,173,59,79,325000,74,45,57,64,36,51,,,,,,,,,,,,,,,,,,,,,45,57,64,36,51
G. Verón,18,184,59,79,325000,55,59,45,56,38,59,,,,,,,,,,,,,,,,,,,,,59,45,56,38,59
L. Zumberi,19,178,59,79,325000,68,52,52,62,37,45,,,,,,,,,,,,,,,,,,,,,52,52,62,37,45
E. Eyibil,18,175,59,79,325000,66,45,60,63,35,49,,,,,,,,,,,,,,,,,,,,,45,60,63,35,49
J. Valencia,19,188,59,78,325000,60,56,39,61,29,61,,,,,,,,,,,,,,,,,,,,,56,39,61,29,61
E. Chapman,18,191,59,78,325000,67,45,60,59,49,62,,,,,,,,,,,,,,,,,,,,,45,60,59,49,62
B. Mines,19,175,59,78,325000,70,45,53,62,45,51,,,,,,,,,,,,,,,,,,,,,45,53,62,45,51
L. Chávez,18,170,59,78,325000,61,61,51,65,30,43,,,,,,,,,,,,,,,,,,,,,61,51,65,30,43
L. Benedetti,19,182,59,78,325000,66,47,57,64,52,51,,,,,,,,,,,,,,,,,,,,,47,57,64,52,51
A. Bolger,19,170,59,77,325000,68,42,57,63,52,47,,,,,,,,,,,,,,,,,,,,,42,57,63,52,47
V. Millico,18,173,59,77,325000,57,54,58,65,30,40,,,,,,,,,,,,,,,,,,,,,54,58,65,30,40
J. Zurbriggen,19,180,59,77,325000,57,59,45,60,20,52,,,,,,,,,,,,,,,,,,,,,59,45,60,20,52
A. McCalmont,19,173,59,77,325000,66,45,57,66,53,58,,,,,,,,,,,,,,,,,,,,,45,57,66,53,58
C. Petrila,18,176,59,77,325000,78,48,52,62,33,48,,,,,,,,,,,,,,,,,,,,,48,52,62,33,48
R. Philippe,18,180,59,77,325000,57,61,46,55,22,54,,,,,,,,,,,,,,,,,,,,,61,46,55,22,54
T. Matthews,18,175,59,76,325000,77,44,54,70,28,40,,,,,,,,,,,,,,,,,,,,,44,54,70,28,40
J. Daly,19,178,59,76,325000,76,57,43,59,22,45,,,,,,,,,,,,,,,,,,,,,57,43,59,22,45
M. Valiente,18,179,59,76,325000,57,59,46,62,22,55,,,,,,,,,,,,,,,,,,,,,59,46,62,22,55
P. Wade,19,178,59,76,325000,64,43,57,56,55,56,,,,,,,,,,,,,,,,,,,,,43,57,56,55,56
F. Cristea,18,180,59,76,325000,70,48,53,58,36,49,,,,,,,,,,,,,,,,,,,,,48,53,58,36,49
J. Osei-Tutu,20,178,59,75,325000,79,36,43,54,55,63,,,,,,,,,,,,,,,,,,,,,36,43,54,55,63
J. Brown,20,185,59,75,325000,69,35,43,53,59,61,,,,,,,,,,,,,,,,,,,,,35,43,53,59,61
R. Slater,19,173,59,75,325000,65,53,53,56,52,64,,,,,,,,,,,,,,,,,,,,,53,53,56,52,64
B. Kavanagh,18,172,59,75,325000,56,40,60,64,35,48,,,,,,,,,,,,,,,,,,,,,40,60,64,35,48
C. Guerrero,19,166,59,75,325000,55,41,57,56,59,44,,,,,,,,,,,,,,,,,,,,,41,57,56,59,44
J. Barreto,19,180,59,75,325000,60,57,46,58,21,55,,,,,,,,,,,,,,,,,,,,,57,46,58,21,55
D. Matsuoka,18,170,59,75,325000,60,43,57,64,38,56,,,,,,,,,,,,,,,,,,,,,43,57,64,38,56
M. Klimowicz,18,179,59,75,325000,68,52,53,69,29,44,,,,,,,,,,,,,,,,,,,,,52,53,69,29,44
M. Rodríguez,18,166,59,75,325000,66,58,54,62,38,54,,,,,,,,,,,,,,,,,,,,,58,54,62,38,54
C. Tovar,21,182,59,74,325000,63,24,33,39,59,60,,,,,,,,,,,,,,,,,,,,,24,33,39,59,60
J. Pestaña,21,188,59,74,325000,55,26,32,33,60,62,,,,,,,,,,,,,,,,,,,,,26,32,33,60,62
F. Baptiste,19,180,59,74,325000,82,60,44,63,20,46,,,,,,,,,,,,,,,,,,,,,60,44,63,20,46
J. Stevens,19,173,59,74,325000,71,44,57,62,43,50,,,,,,,,,,,,,,,,,,,,,44,57,62,43,50
Yoo Ji Ha,20,184,59,74,325000,57,23,35,37,57,63,,,,,,,,,,,,,,,,,,,,,23,35,37,57,63
G. León,19,174,59,74,325000,64,61,42,58,21,40,,,,,,,,,,,,,,,,,,,,,61,42,58,21,40
Iván Jaime,18,180,59,74,325000,63,56,60,62,45,50,,,,,,,,,,,,,,,,,,,,,56,60,62,45,50
D. Merola,19,181,59,74,325000,57,58,44,57,24,49,,,,,,,,,,,,,,,,,,,,,58,44,57,24,49
K. Isa,18,177,59,74,325000,66,56,48,59,23,54,,,,,,,,,,,,,,,,,,,,,56,48,59,23,54
N. Ngoumou,19,182,59,74,325000,76,58,55,58,28,46,,,,,,,,,,,,,,,,,,,,,58,55,58,28,46
O. Diagne,20,190,59,74,325000,61,34,48,60,58,72,,,,,,,,,,,,,,,,,,,,,34,48,60,58,72
M. Zylla,19,178,59,74,325000,75,48,51,65,38,63,,,,,,,,,,,,,,,,,,,,,48,51,65,38,63
E. Banda,18,180,59,74,325000,52,59,47,62,32,58,,,,,,,,,,,,,,,,,,,,,59,47,62,32,58
B. Curville,20,181,59,74,325000,60,29,32,33,58,67,,,,,,,,,,,,,,,,,,,,,29,32,33,58,67
M. Drubble,20,186,59,74,325000,66,46,51,53,55,67,,,,,,,,,,,,,,,,,,,,,46,51,53,55,67
A. Morley,19,183,59,73,325000,72,51,58,60,44,56,,,,,,,,,,,,,,,,,,,,,51,58,60,44,56
K. Lunding,19,178,59,73,325000,71,48,51,63,27,47,,,,,,,,,,,,,,,,,,,,,48,51,63,27,47
J. Altamirano,19,172,59,73,325000,66,46,57,64,41,54,,,,,,,,,,,,,,,,,,,,,46,57,64,41,54
M. Melbourne,20,178,59,73,325000,68,31,40,58,62,51,,,,,,,,,,,,,,,,,,,,,31,40,58,62,51
M. Pedersen,19,178,59,73,325000,82,48,52,64,38,47,,,,,,,,,,,,,,,,,,,,,48,52,64,38,47
G. Kılıç,19,183,59,73,325000,65,53,59,64,46,54,,,,,,,,,,,,,,,,,,,,,53,59,64,46,54
J. Cajuste,19,188,59,73,325000,75,42,56,61,55,69,,,,,,,,,,,,,,,,,,,,,42,56,61,55,69
M. Kadlec,19,183,59,73,325000,59,45,56,64,31,54,,,,,,,,,,,,,,,,,,,,,45,56,64,31,54
N. Córdova,21,172,59,73,325000,77,33,43,51,55,61,,,,,,,,,,,,,,,,,,,,,33,43,51,55,61
L. Racic,20,188,59,73,325000,58,23,36,43,61,58,,,,,,,,,,,,,,,,,,,,,23,36,43,61,58
V. Fernández,20,180,59,73,325000,69,31,54,59,56,64,,,,,,,,,,,,,,,,,,,,,31,54,59,56,64
D. van Kaam,19,175,59,73,325000,57,45,60,61,42,48,,,,,,,,,,,,,,,,,,,,,45,60,61,42,48
A. Jaziri,19,173,59,73,325000,58,58,52,66,29,46,,,,,,,,,,,,,,,,,,,,,58,52,66,29,46
E. Del Ángel,19,174,59,73,325000,54,43,55,55,59,61,,,,,,,,,,,,,,,,,,,,,43,55,55,59,61
Y. Merah,20,190,59,73,325000,56,28,39,36,56,69,,,,,,,,,,,,,,,,,,,,,28,39,36,56,69
A. Niangbo,19,173,59,73,325000,85,59,46,62,22,50,,,,,,,,,,,,,,,,,,,,,59,46,62,22,50
M. Skóraś,19,172,59,73,325000,76,47,53,63,34,63,,,,,,,,,,,,,,,,,,,,,47,53,63,34,63
E. Ruud,35,182,69,69,300000,63,65,70,65,66,75,,,,,,,,,,,,,,,,,,,,,65,70,65,66,75
Renatao Baumer,35,178,69,69,300000,66,52,64,59,69,69,,,,,,,,,,,,,,,,,,,,,52,64,59,69,69
Carvamelinho,35,178,69,69,300000,70,55,69,58,67,66,,,,,,,,,,,,,,,,,,,,,55,69,58,67,66
M. De Agostini,35,180,69,69,300000,67,70,68,68,68,69,,,,,,,,,,,,,,,,,,,,,70,68,68,68,69
J. Cavalli,37,170,68,68,300000,59,61,69,71,48,58,,,,,,,,,,,,,,,,,,,,,61,69,71,48,58
M. Bodmer,36,190,68,68,300000,32,61,73,66,68,62,,,,,,,,,,,,,,,,,,,,,61,73,66,68,62
A. Baptiste,33,180,66,66,300000,53,38,51,58,65,68,,,,,,,,,,,,,,,,,,,,,38,51,58,65,68
J. Bjørdal,33,188,66,66,300000,59,44,53,49,63,76,,,,,,,,,,,,,,,,,,,,,44,53,49,63,76
D. Jaković,33,188,66,66,300000,35,38,43,44,64,75,,,,,,,,,,,,,,,,,,,,,38,43,44,64,75
P. Dimitriadis,33,182,66,66,300000,67,52,61,63,64,72,,,,,,,,,,,,,,,,,,,,,52,61,63,64,72
D. McGregor,33,183,66,66,300000,45,32,38,39,64,80,,,,,,,,,,,,,,,,,,,,,32,38,39,64,80
M. Salem,33,178,66,66,300000,44,32,43,47,64,77,,,,,,,,,,,,,,,,,,,,,32,43,47,64,77
Lorenzao Masca,35,172,66,66,300000,71,67,62,69,38,57,,,,,,,,,,,,,,,,,,,,,67,62,69,38,57
Flávio Triginho,35,173,66,66,300000,77,63,41,74,30,51,,,,,,,,,,,,,,,,,,,,,63,41,74,30,51
I. Djuric,30,181,63,63,300000,65,39,50,49,63,65,,,,,,,,,,,,,,,,,,,,,39,50,49,63,65
J. Wilson,30,188,63,63,300000,64,38,48,53,62,70,,,,,,,,,,,,,,,,,,,,,38,48,53,62,70
S. Conneely,30,175,63,63,300000,61,47,56,58,61,72,,,,,,,,,,,,,,,,,,,,,47,56,58,61,72
S. Matuszek,30,185,63,63,300000,34,44,49,53,62,77,,,,,,,,,,,,,,,,,,,,,44,49,53,62,77
G. Ingrosso,30,187,63,63,300000,58,33,40,40,63,66,,,,,,,,,,,,,,,,,,,,,33,40,40,63,66
F. Burmeister,29,186,63,63,300000,60,37,45,48,62,69,,,,,,,,,,,,,,,,,,,,,37,45,48,62,69
G. Gigliotti,29,180,63,63,300000,68,44,56,59,61,72,,,,,,,,,,,,,,,,,,,,,44,56,59,61,72
Li Jianbin,30,185,63,63,300000,71,22,41,42,59,77,,,,,,,,,,,,,,,,,,,,,22,41,42,59,77
N. Al Subhi,29,180,63,63,300000,57,42,42,48,61,75,,,,,,,,,,,,,,,,,,,,,42,42,48,61,75
S. Amro,29,178,63,63,300000,76,48,61,56,58,69,,,,,,,,,,,,,,,,,,,,,48,61,56,58,69
I. Quílez,29,171,63,63,300000,69,32,40,63,65,63,,,,,,,,,,,,,,,,,,,,,32,40,63,65,63
K. Pallesen,29,175,63,63,300000,75,36,54,65,57,70,,,,,,,,,,,,,,,,,,,,,36,54,65,57,70
S. Mensiro,30,175,63,63,300000,75,38,54,58,58,77,,,,,,,,,,,,,,,,,,,,,38,54,58,58,77
Yang Xiaotian,29,178,63,63,300000,68,56,59,62,62,70,,,,,,,,,,,,,,,,,,,,,56,59,62,62,70
Jin Taiyan,29,174,63,63,300000,80,38,51,65,59,53,,,,,,,,,,,,,,,,,,,,,38,51,65,59,53
Wang Jie,30,185,63,63,300000,54,44,41,51,60,76,,,,,,,,,,,,,,,,,,,,,44,41,51,60,76
A. Kanno,29,181,63,63,300000,59,28,46,53,62,70,,,,,,,,,,,,,,,,,,,,,28,46,53,62,70
K. Oiwa,29,183,63,63,300000,63,23,46,51,62,74,,,,,,,,,,,,,,,,,,,,,23,46,51,62,74
T. Marutani,30,179,63,63,300000,56,40,56,55,60,71,,,,,,,,,,,,,,,,,,,,,40,56,55,60,71
T. Kanai,29,175,63,63,300000,64,58,56,65,59,67,,,,,,,,,,,,,,,,,,,,,58,56,65,59,67
B. Al Mutairi,29,168,63,63,300000,82,28,52,58,56,64,,,,,,,,,,,,,,,,,,,,,28,52,58,56,64
A. Granlund,29,179,63,63,300000,68,33,55,56,59,68,,,,,,,,,,,,,,,,,,,,,33,55,56,59,68
G. Matei,29,177,63,63,300000,72,27,50,59,60,64,,,,,,,,,,,,,,,,,,,,,27,50,59,60,64
N. Urata,29,178,63,63,300000,67,34,52,52,61,64,,,,,,,,,,,,,,,,,,,,,34,52,52,61,64
A. Wiss,28,180,62,64,300000,64,59,55,59,60,64,,,,,,,,,,,,,,,,,,,,,59,55,59,60,64
E. Guerrero,28,180,62,64,300000,46,27,40,35,60,69,,,,,,,,,,,,,,,,,,,,,27,40,35,60,69
L. Rath,27,183,62,63,300000,64,40,56,58,59,72,,,,,,,,,,,,,,,,,,,,,40,56,58,59,72
L. Hodson,27,174,62,63,300000,67,44,54,60,57,62,,,,,,,,,,,,,,,,,,,,,44,54,60,57,62
R. Lopes,27,186,62,63,300000,50,30,41,49,62,70,,,,,,,,,,,,,,,,,,,,,30,41,49,62,70
M. Al Amri,27,177,62,63,300000,73,49,58,68,54,67,,,,,,,,,,,,,,,,,,,,,49,58,68,54,67
J. Clisby,27,180,62,63,300000,66,46,56,55,61,77,,,,,,,,,,,,,,,,,,,,,46,56,55,61,77
D. Valencia,28,187,62,63,300000,49,26,39,36,61,69,,,,,,,,,,,,,,,,,,,,,26,39,36,61,69
D. Poggenberg,27,184,62,63,300000,65,39,51,60,63,60,,,,,,,,,,,,,,,,,,,,,39,51,60,63,60
Kim Won Gun,27,186,62,63,300000,68,31,42,50,59,68,,,,,,,,,,,,,,,,,,,,,31,42,50,59,68
O. Muzayil,26,173,62,63,300000,76,37,52,60,58,66,,,,,,,,,,,,,,,,,,,,,37,52,60,58,66
H. Jafry,27,177,62,63,300000,64,38,57,58,60,69,,,,,,,,,,,,,,,,,,,,,38,57,58,60,69
M. Perg,27,185,62,63,300000,47,30,31,37,62,69,,,,,,,,,,,,,,,,,,,,,30,31,37,62,69
E. Figueroa,28,184,62,63,300000,61,56,61,60,60,64,,,,,,,,,,,,,,,,,,,,,56,61,60,60,64
A. Mabaso,28,173,62,63,300000,69,42,61,54,61,61,,,,,,,,,,,,,,,,,,,,,42,61,54,61,61
H. Abou Demba,27,177,62,63,300000,77,35,53,61,57,69,,,,,,,,,,,,,,,,,,,,,35,53,61,57,69
S. Gölles,27,188,62,63,300000,72,28,44,57,61,71,,,,,,,,,,,,,,,,,,,,,28,44,57,61,71
M. Bakhit,27,167,62,63,300000,73,36,50,56,59,68,,,,,,,,,,,,,,,,,,,,,36,50,56,59,68
J. Guevara,27,193,62,63,300000,65,50,55,61,57,74,,,,,,,,,,,,,,,,,,,,,50,55,61,57,74
S. Popovici,26,181,62,63,300000,75,33,53,61,58,61,,,,,,,,,,,,,,,,,,,,,33,53,61,58,61
A. Mehmeti,29,184,62,62,300000,59,61,51,56,30,67,,,,,,,,,,,,,,,,,,,,,61,51,56,30,67
A. Leitch-Smith,29,173,62,62,300000,72,59,52,60,36,64,,,,,,,,,,,,,,,,,,,,,59,52,60,36,64
J. Labadie,28,188,62,62,300000,66,52,61,59,59,83,,,,,,,,,,,,,,,,,,,,,52,61,59,59,83
R. Lambe,28,175,62,62,300000,79,55,56,62,42,65,,,,,,,,,,,,,,,,,,,,,55,56,62,42,65
A. Greene,29,180,62,62,300000,82,57,57,61,36,70,,,,,,,,,,,,,,,,,,,,,57,57,61,36,70
M. Königs,29,189,62,62,300000,45,62,43,54,29,78,,,,,,,,,,,,,,,,,,,,,62,43,54,29,78
Jeon Hyeon Chul,28,175,62,62,300000,74,61,58,60,32,49,,,,,,,,,,,,,,,,,,,,,61,58,60,32,49
F. Torsteinbø,28,182,62,62,300000,63,58,60,65,43,64,,,,,,,,,,,,,,,,,,,,,58,60,65,43,64
R. Willmott,29,176,62,62,300000,82,55,56,64,53,61,,,,,,,,,,,,,,,,,,,,,55,56,64,53,61
M. Willsch,28,180,62,62,300000,78,49,56,59,53,67,,,,,,,,,,,,,,,,,,,,,49,56,59,53,67
Kim Do Hyung,28,180,62,62,300000,79,59,49,64,20,56,,,,,,,,,,,,,,,,,,,,,59,49,64,20,56
M. Sandoval,27,165,62,62,300000,73,46,62,64,50,59,,,,,,,,,,,,,,,,,,,,,46,62,64,50,59
J. García,28,175,62,62,300000,81,61,46,67,22,60,,,,,,,,,,,,,,,,,,,,,61,46,67,22,60
A. Fisher,29,191,62,62,300000,73,58,46,60,23,69,,,,,,,,,,,,,,,,,,,,,58,46,60,23,69
A. Pellegrino,29,190,62,62,300000,74,61,55,66,32,58,,,,,,,,,,,,,,,,,,,,,61,55,66,32,58
N. Sakurauchi,29,176,62,62,300000,69,42,58,65,54,70,,,,,,,,,,,,,,,,,,,,,42,58,65,54,70
M. Holzmann,28,174,62,62,300000,73,41,54,67,46,72,,,,,,,,,,,,,,,,,,,,,41,54,67,46,72
V. Leikvoll Moberg,28,190,62,62,300000,62,54,56,57,60,81,,,,,,,,,,,,,,,,,,,,,54,56,57,60,81
A. Riel,29,182,62,62,300000,78,59,48,63,23,60,,,,,,,,,,,,,,,,,,,,,59,48,63,23,60
Park Hyeong Jin,29,183,62,62,300000,77,58,57,61,59,65,,,,,,,,,,,,,,,,,,,,,58,57,61,59,65
M. López,28,183,62,62,300000,61,52,61,61,57,60,,,,,,,,,,,,,,,,,,,,,52,61,61,57,60
I. Fujita,28,170,62,62,300000,60,52,55,63,57,66,,,,,,,,,,,,,,,,,,,,,52,55,63,57,66
A. Bălan,29,185,62,62,300000,64,62,45,59,20,57,,,,,,,,,,,,,,,,,,,,,62,45,59,20,57
M. Domański,28,167,62,62,300000,77,61,59,62,34,44,,,,,,,,,,,,,,,,,,,,,61,59,62,34,44
P. Gál-Andrezly,29,172,62,62,300000,74,52,60,62,30,55,,,,,,,,,,,,,,,,,,,,,52,60,62,30,55
I. Furu,25,190,61,67,300000,49,36,46,46,58,73,,,,,,,,,,,,,,,,,,,,,36,46,46,58,73
L. López,25,188,61,67,300000,42,35,46,50,58,71,,,,,,,,,,,,,,,,,,,,,35,46,50,58,71
C. Norman,23,188,61,67,300000,70,50,54,59,58,69,,,,,,,,,,,,,,,,,,,,,50,54,59,58,69
B. Utvik,23,183,61,67,300000,49,37,46,48,61,67,,,,,,,,,,,,,,,,,,,,,37,46,48,61,67
W. Aimson,25,183,61,67,300000,54,35,37,38,61,71,,,,,,,,,,,,,,,,,,,,,35,37,38,61,71
T. Field,22,177,61,67,300000,67,48,56,62,58,58,,,,,,,,,,,,,,,,,,,,,48,56,62,58,58
A. Kojić,23,185,61,67,300000,78,33,47,56,58,67,,,,,,,,,,,,,,,,,,,,,33,47,56,58,67
D. Trichard,24,176,61,67,300000,69,55,58,63,56,57,,,,,,,,,,,,,,,,,,,,,55,58,63,56,57
M. Lund,23,183,61,67,300000,55,38,45,49,62,63,,,,,,,,,,,,,,,,,,,,,38,45,49,62,63
J. Koutroumbis,21,183,61,67,300000,71,24,47,62,62,61,,,,,,,,,,,,,,,,,,,,,24,47,62,62,61
M. Lercher,23,177,61,67,300000,69,32,54,58,59,62,,,,,,,,,,,,,,,,,,,,,32,54,58,59,62
Iago Indias,23,179,61,67,300000,56,38,47,48,61,60,,,,,,,,,,,,,,,,,,,,,38,47,48,61,60
A. Răuță,23,189,61,67,300000,57,43,42,39,61,64,,,,,,,,,,,,,,,,,,,,,43,42,39,61,64
M. Rodin,23,193,61,67,300000,55,25,35,38,62,68,,,,,,,,,,,,,,,,,,,,,25,35,38,62,68
Paulinho,24,178,61,67,300000,76,61,57,64,56,56,,,,,,,,,,,,,,,,,,,,,61,57,64,56,56
T. Garcia,24,180,61,67,300000,71,38,51,54,57,62,,,,,,,,,,,,,,,,,,,,,38,51,54,57,62
J. Björkman,26,185,61,66,300000,52,23,36,42,60,65,,,,,,,,,,,,,,,,,,,,,23,36,42,60,65
K. Wright,23,169,61,66,300000,74,32,48,60,54,65,,,,,,,,,,,,,,,,,,,,,32,48,60,54,65
S. Griffin,24,178,61,66,300000,70,40,59,63,56,61,,,,,,,,,,,,,,,,,,,,,40,59,63,56,61
J. Robinson,25,175,61,66,300000,70,28,39,41,60,69,,,,,,,,,,,,,,,,,,,,,28,39,41,60,69
C. Horgan,24,172,61,66,300000,67,31,55,59,57,64,,,,,,,,,,,,,,,,,,,,,31,55,59,57,64
Qi Tianyu,26,181,61,66,300000,64,49,61,58,60,62,,,,,,,,,,,,,,,,,,,,,49,61,58,60,62
Park Jun Hyeong,26,191,61,66,300000,58,23,37,30,60,68,,,,,,,,,,,,,,,,,,,,,23,37,30,60,68
G. Henriksson,21,186,61,66,300000,62,39,56,46,59,61,,,,,,,,,,,,,,,,,,,,,39,56,46,59,61
D. Carrasco,24,176,61,66,300000,62,27,34,35,60,67,,,,,,,,,,,,,,,,,,,,,27,34,35,60,67
M. Çelik,22,174,61,66,300000,75,31,47,60,56,51,,,,,,,,,,,,,,,,,,,,,31,47,60,56,51
T. Duponchelle,23,175,61,66,300000,69,28,46,59,59,66,,,,,,,,,,,,,,,,,,,,,28,46,59,59,66
C. Martin,24,180,61,65,300000,66,42,59,59,58,61,,,,,,,,,,,,,,,,,,,,,42,59,59,58,61
E. Oyeleke,26,175,61,64,300000,77,51,57,64,60,70,,,,,,,,,,,,,,,,,,,,,51,57,64,60,70
L. Pierce,25,177,61,64,300000,62,52,59,58,60,65,,,,,,,,,,,,,,,,,,,,,52,59,58,60,65
E. Yeşilyurt,25,178,61,63,300000,64,50,57,65,31,58,,,,,,,,,,,,,,,,,,,,,50,57,65,31,58
D. Orellana,26,173,61,63,300000,67,45,62,62,57,63,,,,,,,,,,,,,,,,,,,,,45,62,62,57,63
Kim Su An,26,192,61,63,300000,69,50,40,57,49,67,,,,,,,,,,,,,,,,,,,,,50,40,57,49,67
D. Kozica,26,180,61,63,300000,74,58,58,67,41,59,,,,,,,,,,,,,,,,,,,,,58,58,67,41,59
S. Wilson,26,181,61,63,300000,81,57,45,59,34,60,,,,,,,,,,,,,,,,,,,,,57,45,59,34,60
A. Amadi-Holloway,26,188,61,62,300000,70,56,48,61,46,71,,,,,,,,,,,,,,,,,,,,,56,48,61,46,71
M. Sørensen,26,180,61,62,300000,75,54,54,65,28,60,,,,,,,,,,,,,,,,,,,,,54,54,65,28,60
Moyita,26,172,61,62,300000,59,58,57,66,31,47,,,,,,,,,,,,,,,,,,,,,58,57,66,31,47
Feng Jing,25,175,61,62,300000,70,57,56,60,42,68,,,,,,,,,,,,,,,,,,,,,57,56,60,42,68
M. Currarino,26,177,61,62,300000,69,60,45,63,26,47,,,,,,,,,,,,,,,,,,,,,60,45,63,26,47
B. Kindsvater,26,175,61,62,300000,76,55,55,61,27,52,,,,,,,,,,,,,,,,,,,,,55,55,61,27,52
Sanz,26,178,61,62,300000,69,60,59,61,30,45,,,,,,,,,,,,,,,,,,,,,60,59,61,30,45
T. Dallison,23,185,60,70,300000,49,26,43,43,58,67,,,,,,,,,,,,,,,,,,,,,26,43,43,58,67
H. Castegren,23,183,60,70,300000,64,27,46,48,57,67,,,,,,,,,,,,,,,,,,,,,27,46,48,57,67
C. Jacob,22,188,60,70,300000,58,42,50,54,57,70,,,,,,,,,,,,,,,,,,,,,42,50,54,57,70
B. Barclay,22,187,60,70,300000,59,30,38,46,56,69,,,,,,,,,,,,,,,,,,,,,30,38,46,56,69
K. Vásquez,22,170,60,70,300000,67,30,50,57,61,60,,,,,,,,,,,,,,,,,,,,,30,50,57,61,60
T. Reid,21,186,60,70,300000,72,32,41,56,61,65,,,,,,,,,,,,,,,,,,,,,32,41,56,61,65
O. Ural,22,181,60,70,300000,77,30,38,64,58,59,,,,,,,,,,,,,,,,,,,,,30,38,64,58,59
K. Senkbeil,20,184,60,70,300000,54,30,37,50,60,62,,,,,,,,,,,,,,,,,,,,,30,37,50,60,62
Go Myeong Seok,23,189,60,70,300000,77,30,47,38,59,71,,,,,,,,,,,,,,,,,,,,,30,47,38,59,71
E. Ebosse,20,185,60,70,300000,67,35,49,59,58,65,,,,,,,,,,,,,,,,,,,,,35,49,59,58,65
G. Kilama,20,180,60,70,300000,67,38,54,57,56,62,,,,,,,,,,,,,,,,,,,,,38,54,57,56,62
A. Hindi,22,184,60,70,300000,62,22,40,48,59,66,,,,,,,,,,,,,,,,,,,,,22,40,48,59,66
A. Vogliacco,20,186,60,70,300000,68,33,43,46,60,61,,,,,,,,,,,,,,,,,,,,,33,43,46,60,61
J. Quiñones,21,186,60,70,300000,63,25,39,42,58,64,,,,,,,,,,,,,,,,,,,,,25,39,42,58,64
K. Hernández,18,173,60,70,300000,65,40,56,69,42,54,,,,,,,,,,,,,,,,,,,,,40,56,69,42,54
M. Nuhu,22,195,60,70,300000,61,28,38,42,59,69,,,,,,,,,,,,,,,,,,,,,28,38,42,59,69
M. Temp,18,177,60,70,300000,61,60,48,60,30,57,,,,,,,,,,,,,,,,,,,,,60,48,60,30,57
M. Guthörl,20,180,60,70,300000,74,40,48,56,57,66,,,,,,,,,,,,,,,,,,,,,40,48,56,57,66
L. Borri,21,189,60,70,300000,56,24,34,43,61,64,,,,,,,,,,,,,,,,,,,,,24,34,43,61,64
N. Kolesovs,22,194,60,70,300000,44,27,34,33,57,76,,,,,,,,,,,,,,,,,,,,,27,34,33,57,76
R. Decostere,21,180,60,69,300000,66,44,59,62,57,58,,,,,,,,,,,,,,,,,,,,,44,59,62,57,58
Y. Bobb,23,179,60,68,300000,50,48,61,69,36,39,,,,,,,,,,,,,,,,,,,,,48,61,69,36,39
A. Romano,23,180,60,68,300000,50,55,55,57,53,63,,,,,,,,,,,,,,,,,,,,,55,55,57,53,63
R. Selasi,22,180,60,68,300000,73,36,53,62,57,74,,,,,,,,,,,,,,,,,,,,,36,53,62,57,74
E. Besea,22,183,60,68,300000,67,47,55,64,45,72,,,,,,,,,,,,,,,,,,,,,47,55,64,45,72
G. Sloggett,22,188,60,68,300000,56,57,63,58,49,62,,,,,,,,,,,,,,,,,,,,,57,63,58,49,62
P. Mystkowski,21,174,60,68,300000,71,56,52,63,29,54,,,,,,,,,,,,,,,,,,,,,56,52,63,29,54
A. Collins,22,185,60,68,300000,79,58,42,60,28,64,,,,,,,,,,,,,,,,,,,,,58,42,60,28,64
J. Flores,23,180,60,68,300000,68,55,63,63,48,58,,,,,,,,,,,,,,,,,,,,,55,63,63,48,58
E. Adams,23,178,60,68,300000,71,52,57,62,55,71,,,,,,,,,,,,,,,,,,,,,52,57,62,55,71
O. Olomola,21,180,60,68,300000,70,58,40,59,25,69,,,,,,,,,,,,,,,,,,,,,58,40,59,25,69
Strefezza,22,168,60,68,300000,80,43,51,67,22,41,,,,,,,,,,,,,,,,,,,,,43,51,67,22,41
Angel Sánchez,21,178,60,68,300000,60,60,57,58,36,48,,,,,,,,,,,,,,,,,,,,,60,57,58,36,48
T. Onozawa,21,166,60,68,300000,83,42,55,58,36,56,,,,,,,,,,,,,,,,,,,,,42,55,58,36,56
L. Fierro,21,177,60,68,300000,58,57,47,58,26,63,,,,,,,,,,,,,,,,,,,,,57,47,58,26,63
D. Gojko,21,176,60,68,300000,73,45,56,64,36,39,,,,,,,,,,,,,,,,,,,,,45,56,64,36,39
N. Leemhuis,21,177,60,68,300000,67,49,61,63,50,53,,,,,,,,,,,,,,,,,,,,,49,61,63,50,53
A. Bianchimano,22,195,60,68,300000,65,57,39,53,28,65,,,,,,,,,,,,,,,,,,,,,57,39,53,28,65
N. Al Omran,21,170,60,68,300000,67,49,59,59,51,47,,,,,,,,,,,,,,,,,,,,,49,59,59,51,47
J. Mäder,22,178,60,68,300000,82,54,50,63,32,56,,,,,,,,,,,,,,,,,,,,,54,50,63,32,56
D. Esmel,21,181,60,68,300000,81,50,51,65,28,60,,,,,,,,,,,,,,,,,,,,,50,51,65,28,60
O. Rushfort,22,169,60,68,300000,74,60,55,59,21,52,,,,,,,,,,,,,,,,,,,,,60,55,59,21,52
M. Barraza,23,177,60,68,300000,63,46,58,58,53,61,,,,,,,,,,,,,,,,,,,,,46,58,58,53,61
G. Debeljuh,22,185,60,68,300000,65,58,40,55,19,63,,,,,,,,,,,,,,,,,,,,,58,40,55,19,63
G. Ushler,23,174,60,68,300000,71,47,56,59,34,52,,,,,,,,,,,,,,,,,,,,,47,56,59,34,52
M. Barnes,22,185,60,67,300000,63,59,48,58,23,58,,,,,,,,,,,,,,,,,,,,,59,48,58,23,58
L. Contin,23,183,60,67,300000,50,60,46,58,34,68,,,,,,,,,,,,,,,,,,,,,60,46,58,34,68
Son Suk Yong,20,179,60,67,300000,67,56,41,60,25,55,,,,,,,,,,,,,,,,,,,,,56,41,60,25,55
Javi Siverio,21,182,60,67,300000,57,60,44,54,22,65,,,,,,,,,,,,,,,,,,,,,60,44,54,22,65
C. Manzinga,24,184,60,67,300000,71,63,38,55,19,57,,,,,,,,,,,,,,,,,,,,,63,38,55,19,57
D. Adshead,17,185,59,79,300000,73,49,58,56,47,52,,,,,,,,,,,,,,,,,,,,,49,58,56,47,52
S. Çetin,18,174,59,79,300000,59,60,58,65,54,52,,,,,,,,,,,,,,,,,,,,,60,58,65,54,52
K. Watts,19,190,59,79,300000,53,48,52,54,57,58,,,,,,,,,,,,,,,,,,,,,48,52,54,57,58
Y. Juárez,17,181,59,79,300000,67,54,55,62,29,54,,,,,,,,,,,,,,,,,,,,,54,55,62,29,54
N. Zohoré,18,188,59,79,300000,61,26,32,36,59,67,,,,,,,,,,,,,,,,,,,,,26,32,36,59,67
Y. Larouci,18,175,59,79,300000,74,47,52,63,56,56,,,,,,,,,,,,,,,,,,,,,47,52,63,56,56
J. Westerman,17,183,59,79,300000,74,56,51,62,30,48,,,,,,,,,,,,,,,,,,,,,56,51,62,30,48
J. Oksanen,18,180,59,78,300000,64,54,59,57,54,55,,,,,,,,,,,,,,,,,,,,,54,59,57,54,55
E. Erhahon,18,178,59,78,300000,73,38,56,60,55,61,,,,,,,,,,,,,,,,,,,,,38,56,60,55,61
M. Weigandt,19,175,59,78,300000,63,36,42,58,58,56,,,,,,,,,,,,,,,,,,,,,36,42,58,58,56
Y. Baret,18,183,59,78,300000,57,31,37,40,61,54,,,,,,,,,,,,,,,,,,,,,31,37,40,61,54
R. Geeraerts,17,187,59,78,300000,68,62,47,55,18,56,,,,,,,,,,,,,,,,,,,,,62,47,55,18,56
C. Sene,18,196,59,78,300000,52,36,41,44,56,70,,,,,,,,,,,,,,,,,,,,,36,41,44,56,70
N. Hahn,18,177,59,77,300000,70,34,58,65,53,48,,,,,,,,,,,,,,,,,,,,,34,58,65,53,48
I. Sekigawa,18,182,59,77,300000,56,31,31,42,58,65,,,,,,,,,,,,,,,,,,,,,31,31,42,58,65
R. Hajal,17,180,59,77,300000,63,43,60,65,45,44,,,,,,,,,,,,,,,,,,,,,43,60,65,45,44
C. Richards,19,188,59,77,300000,75,26,33,45,56,66,,,,,,,,,,,,,,,,,,,,,26,33,45,56,66
J. Martin,17,177,59,77,300000,71,54,57,60,28,44,,,,,,,,,,,,,,,,,,,,,54,57,60,28,44
J. Rieckmann,18,186,59,76,300000,54,31,46,45,59,56,,,,,,,,,,,,,,,,,,,,,31,46,45,59,56
R. Giles,19,179,59,76,300000,89,50,56,63,48,55,,,,,,,,,,,,,,,,,,,,,50,56,63,48,55
E. Elizalde,19,179,59,75,300000,71,26,41,54,58,63,,,,,,,,,,,,,,,,,,,,,26,41,54,58,63
D. Ballard,19,185,59,75,300000,52,30,42,41,58,65,,,,,,,,,,,,,,,,,,,,,30,42,41,58,65
E. Lara,19,175,59,75,300000,64,33,53,55,58,59,,,,,,,,,,,,,,,,,,,,,33,53,55,58,59
A. Deuro,18,180,59,75,300000,69,36,50,61,56,62,,,,,,,,,,,,,,,,,,,,,36,50,61,56,62
Y. González,17,180,59,75,300000,71,54,54,59,30,57,,,,,,,,,,,,,,,,,,,,,54,54,59,30,57
G. Bellodi,18,187,59,75,300000,60,30,33,38,62,57,,,,,,,,,,,,,,,,,,,,,30,33,38,62,57
C. John,19,181,59,74,300000,75,34,47,55,56,65,,,,,,,,,,,,,,,,,,,,,34,47,55,56,65
K. Takahata,18,175,59,74,300000,72,34,56,61,53,50,,,,,,,,,,,,,,,,,,,,,34,56,61,53,50
L. Sopić,18,193,59,74,300000,65,29,43,47,57,66,,,,,,,,,,,,,,,,,,,,,29,43,47,57,66
L. Ndenbe,19,173,59,73,300000,69,28,50,61,55,61,,,,,,,,,,,,,,,,,,,,,28,50,61,55,61
M. Bauer,19,189,59,73,300000,57,26,36,36,60,63,,,,,,,,,,,,,,,,,,,,,26,36,36,60,63
G. Biancone,19,187,59,73,300000,68,41,50,57,57,65,,,,,,,,,,,,,,,,,,,,,41,50,57,57,65
I. Cechi,17,179,59,73,300000,61,54,56,63,52,57,,,,,,,,,,,,,,,,,,,,,54,56,63,52,57
K. Gordon,21,179,59,72,300000,78,53,53,58,50,60,,,,,,,,,,,,,,,,,,,,,53,53,58,50,60
P. Szysz,21,177,59,72,300000,76,55,42,63,23,64,,,,,,,,,,,,,,,,,,,,,55,42,63,23,64
M. Moya,21,167,59,72,300000,74,50,54,64,34,43,,,,,,,,,,,,,,,,,,,,,50,54,64,34,43
J. Plascencia,20,173,59,72,300000,64,50,56,60,59,59,,,,,,,,,,,,,,,,,,,,,50,56,60,59,59
V. Mihalcea,20,170,59,72,300000,60,48,56,65,31,46,,,,,,,,,,,,,,,,,,,,,48,56,65,31,46
Kim Chang Soo,33,179,66,66,290000,68,59,61,63,63,68,,,,,,,,,,,,,,,,,,,,,59,61,63,63,68
Abraham,33,175,66,66,290000,74,54,63,67,62,76,,,,,,,,,,,,,,,,,,,,,54,63,67,62,76
D. Kempe,33,187,66,66,290000,71,43,58,60,64,75,,,,,,,,,,,,,,,,,,,,,43,58,60,64,75
J. White,32,185,64,64,290000,59,35,53,55,63,71,,,,,,,,,,,,,,,,,,,,,35,53,55,63,71
N. Hoheneder,32,190,64,64,290000,32,34,44,42,63,68,,,,,,,,,,,,,,,,,,,,,34,44,42,63,68
R. McArdle,32,185,64,64,290000,44,27,43,39,63,72,,,,,,,,,,,,,,,,,,,,,27,43,39,63,72
N. Feldhahn,32,190,64,64,290000,50,35,53,50,62,68,,,,,,,,,,,,,,,,,,,,,35,53,50,62,68
M. Dąbrowski,32,194,64,64,290000,41,45,49,52,59,81,,,,,,,,,,,,,,,,,,,,,45,49,52,59,81
B. Gartland,32,188,64,64,290000,32,29,43,33,63,74,,,,,,,,,,,,,,,,,,,,,29,43,33,63,74
N. Knight-Percival,32,182,64,64,290000,64,30,40,46,62,75,,,,,,,,,,,,,,,,,,,,,30,40,46,62,75
André Luis Neitzke,32,186,64,64,290000,45,24,44,38,64,66,,,,,,,,,,,,,,,,,,,,,24,44,38,64,66
M. Spelmann,32,175,63,63,290000,66,57,59,61,60,77,,,,,,,,,,,,,,,,,,,,,57,59,61,60,77
A. Randrup,30,179,63,63,290000,65,29,55,55,59,63,,,,,,,,,,,,,,,,,,,,,29,55,55,59,63
M. Gomes,30,180,63,63,290000,70,51,56,57,60,70,,,,,,,,,,,,,,,,,,,,,51,56,57,60,70
A. Höller,30,192,63,63,290000,70,45,57,57,56,85,,,,,,,,,,,,,,,,,,,,,45,57,57,56,85
Kim Hyo Gi,32,180,63,63,290000,64,62,38,60,22,55,,,,,,,,,,,,,,,,,,,,,62,38,60,22,55
K. Al Zealaiy,32,176,63,63,290000,71,58,61,65,40,60,,,,,,,,,,,,,,,,,,,,,58,61,65,40,60
G. Cvijanović,32,179,63,63,290000,64,64,63,61,53,70,,,,,,,,,,,,,,,,,,,,,64,63,61,53,70
D. Björnquist,30,178,63,63,290000,84,39,50,59,58,69,,,,,,,,,,,,,,,,,,,,,39,50,59,58,69
L. Fosgaard,32,181,63,63,290000,76,52,57,64,45,66,,,,,,,,,,,,,,,,,,,,,52,57,64,45,66
Odei,29,180,62,63,290000,58,32,44,43,65,56,,,,,,,,,,,,,,,,,,,,,32,44,43,65,56
D. Avdić,30,193,62,62,290000,40,59,61,58,57,76,,,,,,,,,,,,,,,,,,,,,59,61,58,57,76
T. Robinson,30,174,62,62,290000,76,61,49,61,38,66,,,,,,,,,,,,,,,,,,,,,61,49,61,38,66
J. Dayton,30,172,62,62,290000,78,55,57,67,27,48,,,,,,,,,,,,,,,,,,,,,55,57,67,27,48
Zhang Chiming,30,180,62,62,290000,73,56,54,64,50,66,,,,,,,,,,,,,,,,,,,,,56,54,64,50,66
A. Rashkaj,29,180,62,62,290000,52,50,60,63,48,60,,,,,,,,,,,,,,,,,,,,,50,60,63,48,60
R. Kujawa,30,185,62,62,290000,53,60,54,57,41,65,,,,,,,,,,,,,,,,,,,,,60,54,57,41,65
D. Corcoran,30,184,62,62,290000,49,62,53,58,28,67,,,,,,,,,,,,,,,,,,,,,62,53,58,28,67
N. Jüllich,29,182,62,62,290000,65,53,58,63,50,62,,,,,,,,,,,,,,,,,,,,,53,58,63,50,62
J. Gutiérrez,29,163,62,62,290000,70,43,58,67,47,43,,,,,,,,,,,,,,,,,,,,,43,58,67,47,43
C. Carlsson,30,172,62,62,290000,71,51,59,64,49,54,,,,,,,,,,,,,,,,,,,,,51,59,64,49,54
J. Manns,23,174,62,62,290000,77,33,51,55,58,66,,,,,,,,,,,,,,,,,,,,,33,51,55,58,66
J. Núñez,30,173,62,62,290000,71,54,57,63,40,60,,,,,,,,,,,,,,,,,,,,,54,57,63,40,60
A. Pelvas,30,180,62,62,290000,69,63,52,60,25,56,,,,,,,,,,,,,,,,,,,,,63,52,60,25,56
K. Yamamoto,29,179,62,62,290000,70,48,62,66,54,69,,,,,,,,,,,,,,,,,,,,,48,62,66,54,69
A. Saraniti,30,186,62,62,290000,53,63,39,55,28,71,,,,,,,,,,,,,,,,,,,,,63,39,55,28,71
J. Chalmers,25,186,61,66,290000,70,32,55,53,59,68,,,,,,,,,,,,,,,,,,,,,32,55,53,59,68
F. Ghazi,25,177,61,66,290000,77,26,46,57,59,66,,,,,,,,,,,,,,,,,,,,,26,46,57,59,66
Jeong Dong Yun,25,174,61,66,290000,67,31,56,56,57,63,,,,,,,,,,,,,,,,,,,,,31,56,56,57,63
H. Paul,25,186,61,66,290000,72,47,51,57,61,70,,,,,,,,,,,,,,,,,,,,,47,51,57,61,70
S. Kavanagh,25,174,61,65,290000,66,56,61,64,58,59,,,,,,,,,,,,,,,,,,,,,56,61,64,58,59
Y. Takahashi,26,187,61,65,290000,61,33,47,41,61,65,,,,,,,,,,,,,,,,,,,,,33,47,41,61,65
D. Serna,25,170,61,65,290000,74,61,60,64,54,45,,,,,,,,,,,,,,,,,,,,,61,60,64,54,45
P. Da Silva,24,172,61,65,290000,75,35,54,60,53,73,,,,,,,,,,,,,,,,,,,,,35,54,60,53,73
Kim Dong Jin,26,177,61,65,290000,66,24,33,47,60,68,,,,,,,,,,,,,,,,,,,,,24,33,47,60,68
K. Howkins,23,195,61,65,290000,66,28,40,49,58,74,,,,,,,,,,,,,,,,,,,,,28,40,49,58,74
H. Belal,25,186,61,65,290000,48,42,52,53,60,70,,,,,,,,,,,,,,,,,,,,,42,52,53,60,70
R. Tongyik,22,185,61,65,290000,65,26,40,55,58,71,,,,,,,,,,,,,,,,,,,,,26,40,55,58,71
Ko Tae Won,26,187,61,65,290000,62,29,36,42,60,66,,,,,,,,,,,,,,,,,,,,,29,36,42,60,66
M. Kanabah,26,170,61,65,290000,61,43,58,62,55,62,,,,,,,,,,,,,,,,,,,,,43,58,62,55,62
O. Hawsawi,25,178,61,65,290000,61,24,35,42,59,78,,,,,,,,,,,,,,,,,,,,,24,35,42,59,78
K. Anzai,24,172,61,65,290000,66,42,50,60,59,57,,,,,,,,,,,,,,,,,,,,,42,50,60,59,57
David Cardoso,24,183,61,65,290000,61,31,37,43,63,61,,,,,,,,,,,,,,,,,,,,,31,37,43,63,61
A. Jenssen,25,185,61,65,290000,62,28,44,40,59,69,,,,,,,,,,,,,,,,,,,,,28,44,40,59,69
C. Găină,23,187,61,65,290000,58,24,40,35,61,68,,,,,,,,,,,,,,,,,,,,,24,40,35,61,68
A. Tchang-Tchong,25,181,61,65,290000,58,31,52,60,63,57,,,,,,,,,,,,,,,,,,,,,31,52,60,63,57
R. Murray,27,170,61,62,290000,82,60,56,63,24,61,,,,,,,,,,,,,,,,,,,,,60,56,63,24,61
D. Cortés,27,177,61,62,290000,73,59,49,64,21,52,,,,,,,,,,,,,,,,,,,,,59,49,64,21,52
N. Albadawi,27,180,61,62,290000,63,52,59,66,43,56,,,,,,,,,,,,,,,,,,,,,52,59,66,43,56
J. Portillo,26,168,61,62,290000,62,51,60,63,56,54,,,,,,,,,,,,,,,,,,,,,51,60,63,56,54
M. Real,19,180,60,70,290000,76,36,51,59,56,60,,,,,,,,,,,,,,,,,,,,,36,51,59,56,60
L. Donnelly,23,182,60,69,290000,60,33,52,55,62,70,,,,,,,,,,,,,,,,,,,,,33,52,55,62,70
A. Gilchrist,24,188,60,69,290000,52,51,45,52,62,58,,,,,,,,,,,,,,,,,,,,,51,45,52,62,58
N. Bürgy,23,186,60,69,290000,47,29,40,43,59,63,,,,,,,,,,,,,,,,,,,,,29,40,43,59,63
F. Mosquera,24,178,60,69,290000,60,25,38,54,59,65,,,,,,,,,,,,,,,,,,,,,25,38,54,59,65
Y. Severin,22,186,60,69,290000,64,27,47,43,61,62,,,,,,,,,,,,,,,,,,,,,27,47,43,61,62
I. Oda,20,173,60,69,290000,60,25,49,47,62,64,,,,,,,,,,,,,,,,,,,,,25,49,47,62,64
M. Hehne,22,186,60,69,290000,58,30,39,42,59,65,,,,,,,,,,,,,,,,,,,,,30,39,42,59,65
S. Härtel,20,174,60,69,290000,78,38,54,62,54,53,,,,,,,,,,,,,,,,,,,,,38,54,62,54,53
O. Özdemir,21,177,60,69,290000,72,36,47,58,59,64,,,,,,,,,,,,,,,,,,,,,36,47,58,59,64
J. Finnerty,20,183,60,69,290000,54,37,42,36,60,61,,,,,,,,,,,,,,,,,,,,,37,42,36,60,61
M. Villa,22,183,60,69,290000,58,29,42,50,65,54,,,,,,,,,,,,,,,,,,,,,29,42,50,65,54
U. Tezel,22,181,60,69,290000,72,49,52,62,54,58,,,,,,,,,,,,,,,,,,,,,49,52,62,54,58
J. van Benthem,20,190,60,69,290000,52,32,33,36,60,58,,,,,,,,,,,,,,,,,,,,,32,33,36,60,58
J. Galetto,22,178,60,69,290000,74,38,43,59,58,55,,,,,,,,,,,,,,,,,,,,,38,43,59,58,55
D. Quaranta,22,191,60,69,290000,61,32,38,43,61,64,,,,,,,,,,,,,,,,,,,,,32,38,43,61,64
D. Muringen,20,186,60,69,290000,66,33,39,46,58,67,,,,,,,,,,,,,,,,,,,,,33,39,46,58,67
J. Handl,21,196,60,69,290000,58,30,36,36,58,71,,,,,,,,,,,,,,,,,,,,,30,36,36,58,71
M. Komar,21,182,60,69,290000,56,31,42,41,60,59,,,,,,,,,,,,,,,,,,,,,31,42,41,60,59
D. Lia,21,175,60,69,290000,64,26,50,54,59,53,,,,,,,,,,,,,,,,,,,,,26,50,54,59,53
S. Kilyén,21,175,60,69,290000,49,24,36,39,58,71,,,,,,,,,,,,,,,,,,,,,24,36,39,58,71
J. Jiménez,24,173,60,69,290000,61,23,35,37,64,54,,,,,,,,,,,,,,,,,,,,,23,35,37,64,54
E. Karakaş,21,183,60,69,290000,75,43,55,66,52,59,,,,,,,,,,,,,,,,,,,,,43,55,66,52,59
J. Hardy,23,170,60,67,290000,75,54,56,63,35,47,,,,,,,,,,,,,,,,,,,,,54,56,63,35,47
E. Sonupé,23,180,60,67,290000,73,54,52,61,42,56,,,,,,,,,,,,,,,,,,,,,54,52,61,42,56
D. Fernández,21,175,60,67,290000,65,48,55,61,56,70,,,,,,,,,,,,,,,,,,,,,48,55,61,56,70
M. Pedersen,23,182,60,67,290000,68,53,54,60,56,63,,,,,,,,,,,,,,,,,,,,,53,54,60,56,63
W. Al Anazi,24,168,60,67,290000,60,52,59,61,54,65,,,,,,,,,,,,,,,,,,,,,52,59,61,54,65
J. Bauza,23,177,60,67,290000,72,56,52,64,40,66,,,,,,,,,,,,,,,,,,,,,56,52,64,40,66
T. Costantini,23,183,60,67,290000,74,58,50,62,29,55,,,,,,,,,,,,,,,,,,,,,58,50,62,29,55
H. Al Qahtani,24,177,60,67,290000,64,55,59,57,46,65,,,,,,,,,,,,,,,,,,,,,55,59,57,46,65
T. Ivanof,21,176,60,67,290000,63,48,58,67,28,44,,,,,,,,,,,,,,,,,,,,,48,58,67,28,44
B. Stephens,21,173,60,67,290000,75,55,54,64,29,51,,,,,,,,,,,,,,,,,,,,,55,54,64,29,51
Y. Hasegawa,22,177,60,67,290000,62,44,59,60,51,57,,,,,,,,,,,,,,,,,,,,,44,59,60,51,57
E. Dieseruvwe,24,196,60,66,290000,72,56,43,56,26,71,,,,,,,,,,,,,,,,,,,,,56,43,56,26,71
R. Coughlan,22,178,60,66,290000,72,56,51,61,25,58,,,,,,,,,,,,,,,,,,,,,56,51,61,25,58
D. Pineda,24,178,60,66,290000,57,61,43,57,28,57,,,,,,,,,,,,,,,,,,,,,61,43,57,28,57
Rubén Sánchez,24,186,60,66,290000,48,62,46,52,37,55,,,,,,,,,,,,,,,,,,,,,62,46,52,37,55
H. Trewbridge,24,177,60,66,290000,73,59,56,63,24,53,,,,,,,,,,,,,,,,,,,,,59,56,63,24,53
N. Zedán,19,180,59,72,290000,74,53,51,67,28,52,,,,,,,,,,,,,,,,,,,,,53,51,67,28,52
D. Parkhouse,19,185,59,72,290000,71,58,45,54,34,59,,,,,,,,,,,,,,,,,,,,,58,45,54,34,59
R. Andronic,19,178,59,72,290000,68,54,52,62,26,47,,,,,,,,,,,,,,,,,,,,,54,52,62,26,47
M. Pedersen,37,183,68,68,280000,38,66,72,68,50,60,,,,,,,,,,,,,,,,,,,,,66,72,68,50,60
J. Larentowicz,35,185,68,68,280000,43,60,60,61,66,72,,,,,,,,,,,,,,,,,,,,,60,60,61,66,72
G. Gómez,35,183,68,68,280000,60,58,68,64,63,76,,,,,,,,,,,,,,,,,,,,,58,68,64,63,76
Jadson Castrelo,35,186,68,68,280000,55,51,57,62,66,79,,,,,,,,,,,,,,,,,,,,,51,57,62,66,79
J. Buxton,34,180,67,67,280000,42,36,45,36,65,71,,,,,,,,,,,,,,,,,,,,,36,45,36,65,71
L. Ridgewell,34,188,67,67,280000,49,46,59,56,65,72,,,,,,,,,,,,,,,,,,,,,46,59,56,65,72
M. Compper,34,185,67,67,280000,46,31,50,52,67,65,,,,,,,,,,,,,,,,,,,,,31,50,52,67,65
F. Brillant,34,187,67,67,280000,31,33,49,42,67,71,,,,,,,,,,,,,,,,,,,,,33,49,42,67,71
R. Boguski,35,173,66,66,280000,63,62,63,65,35,61,,,,,,,,,,,,,,,,,,,,,62,63,65,35,61
Dilson Calegari,35,179,66,66,280000,66,65,65,62,37,54,,,,,,,,,,,,,,,,,,,,,65,65,62,37,54
Ever Rodeiro,35,172,66,66,280000,61,61,63,69,46,63,,,,,,,,,,,,,,,,,,,,,61,63,69,46,63
S. Mölders,34,185,65,65,280000,48,67,45,49,36,75,,,,,,,,,,,,,,,,,,,,,67,45,49,36,75
N. Ishihara,34,173,65,65,280000,55,67,57,64,31,57,,,,,,,,,,,,,,,,,,,,,67,57,64,31,57
C. Davies,33,188,64,64,280000,58,64,51,60,36,76,,,,,,,,,,,,,,,,,,,,,64,51,60,36,76
D. Stroh-Engel,33,197,64,64,280000,37,64,47,52,35,68,,,,,,,,,,,,,,,,,,,,,64,47,52,35,68
T. Pope,33,190,64,64,280000,44,65,53,53,34,86,,,,,,,,,,,,,,,,,,,,,65,53,53,34,86
Shin Kwang Hoon,32,178,64,64,280000,71,48,61,61,61,68,,,,,,,,,,,,,,,,,,,,,48,61,61,61,68
Koffi,33,181,64,64,280000,77,62,49,65,34,69,,,,,,,,,,,,,,,,,,,,,62,49,65,34,69
Cho Dong Gun,33,180,64,64,280000,74,58,55,58,28,69,,,,,,,,,,,,,,,,,,,,,58,55,58,28,69
M. Marrone,32,179,64,64,280000,66,31,54,59,62,69,,,,,,,,,,,,,,,,,,,,,31,54,59,62,69
T. Lee,33,182,64,64,280000,66,64,51,62,38,67,,,,,,,,,,,,,,,,,,,,,64,51,62,38,67
K. Tokura,33,187,64,64,280000,63,64,45,60,25,65,,,,,,,,,,,,,,,,,,,,,64,45,60,25,65
S. Foley,32,183,63,63,280000,69,57,63,63,60,65,,,,,,,,,,,,,,,,,,,,,57,63,63,60,65
T. Diagouraga,32,188,63,63,280000,59,54,60,61,62,72,,,,,,,,,,,,,,,,,,,,,54,60,61,62,72
T. Cywka,31,180,63,63,280000,70,59,62,64,62,61,,,,,,,,,,,,,,,,,,,,,59,62,64,62,61
J. Blomberg,32,178,63,63,280000,67,58,64,64,55,67,,,,,,,,,,,,,,,,,,,,,58,64,64,55,67
Feng Zhuoyi,30,184,62,62,280000,63,47,57,63,61,76,,,,,,,,,,,,,,,,,,,,,47,57,63,61,76
M. Byrne,30,172,62,62,280000,78,51,55,61,60,77,,,,,,,,,,,,,,,,,,,,,51,55,61,60,77
R. Draper,30,196,62,62,280000,55,55,56,55,60,82,,,,,,,,,,,,,,,,,,,,,55,56,55,60,82
Y. Kobayashi,30,180,62,62,280000,50,36,56,57,58,73,,,,,,,,,,,,,,,,,,,,,36,56,57,58,73
L. Leahy,26,178,62,62,280000,68,56,61,59,57,68,,,,,,,,,,,,,,,,,,,,,56,61,59,57,68
G. Taft,25,191,61,64,280000,54,35,50,49,57,76,,,,,,,,,,,,,,,,,,,,,35,50,49,57,76
B. Nugent,25,196,61,64,280000,43,35,37,31,60,72,,,,,,,,,,,,,,,,,,,,,35,37,31,60,72
F. Flores,25,176,61,64,280000,64,44,54,57,59,61,,,,,,,,,,,,,,,,,,,,,44,54,57,59,61
R. Hunt,23,171,61,64,280000,74,33,52,63,55,61,,,,,,,,,,,,,,,,,,,,,33,52,63,55,61
Chen Hao,26,186,61,64,280000,62,41,41,46,61,62,,,,,,,,,,,,,,,,,,,,,41,41,46,61,62
T. Rieder,25,186,61,64,280000,57,33,42,46,66,67,,,,,,,,,,,,,,,,,,,,,33,42,46,66,67
Guo Hao,26,173,61,64,280000,72,37,52,63,58,68,,,,,,,,,,,,,,,,,,,,,37,52,63,58,68
S. Keskin,25,172,61,64,280000,71,47,53,63,57,57,,,,,,,,,,,,,,,,,,,,,47,53,63,57,57
T. Iida,24,179,61,64,280000,77,36,54,61,54,62,,,,,,,,,,,,,,,,,,,,,36,54,61,54,62
C. Clay,27,180,61,62,280000,64,52,57,60,53,72,,,,,,,,,,,,,,,,,,,,,52,57,60,53,72
G. Reilly,26,181,61,61,280000,75,59,50,61,22,60,,,,,,,,,,,,,,,,,,,,,59,50,61,22,60
A. Kanther,18,180,60,70,280000,59,50,56,60,58,64,,,,,,,,,,,,,,,,,,,,,50,56,60,58,64
J. Mahon,19,186,60,69,280000,60,31,48,51,57,69,,,,,,,,,,,,,,,,,,,,,31,48,51,57,69
A. Celli,21,194,60,68,280000,55,26,33,40,59,66,,,,,,,,,,,,,,,,,,,,,26,33,40,59,66
S. Al Najai,22,176,60,68,280000,65,55,60,61,56,63,,,,,,,,,,,,,,,,,,,,,55,60,61,56,63
Hu Ruibao,22,185,60,68,280000,60,25,35,46,62,57,,,,,,,,,,,,,,,,,,,,,25,35,46,62,57
Yuan Mincheng,23,187,60,68,280000,58,23,36,30,62,69,,,,,,,,,,,,,,,,,,,,,23,36,30,62,69
D. Lanius,22,195,60,68,280000,60,32,39,38,58,71,,,,,,,,,,,,,,,,,,,,,32,39,38,58,71
M. Tapias,22,180,60,68,280000,68,33,43,41,59,59,,,,,,,,,,,,,,,,,,,,,33,43,41,59,59
Y. Magnin,22,183,60,68,280000,71,47,56,61,57,55,,,,,,,,,,,,,,,,,,,,,47,56,61,57,55
F. Egerer,21,180,60,68,280000,56,38,56,47,56,65,,,,,,,,,,,,,,,,,,,,,38,56,47,56,65
U. Eneme-Ella,18,184,60,68,280000,67,50,56,64,40,55,,,,,,,,,,,,,,,,,,,,,50,56,64,40,55
U. Akyol,21,180,60,68,280000,61,42,57,55,59,62,,,,,,,,,,,,,,,,,,,,,42,57,55,59,62
M. Huard,21,177,60,68,280000,63,28,44,56,60,61,,,,,,,,,,,,,,,,,,,,,28,44,56,60,61
C. Mora,21,184,60,68,280000,64,34,42,59,62,52,,,,,,,,,,,,,,,,,,,,,34,42,59,62,52
L. Villalba,24,170,60,66,280000,65,51,60,64,46,50,,,,,,,,,,,,,,,,,,,,,51,60,64,46,50
A. Ryczkowski,22,178,60,66,280000,72,55,54,63,30,50,,,,,,,,,,,,,,,,,,,,,55,54,63,30,50
F. Børsting,24,183,60,66,280000,71,56,56,59,61,77,,,,,,,,,,,,,,,,,,,,,56,56,59,61,77
M. Maigaard,23,177,60,66,280000,70,52,56,60,51,62,,,,,,,,,,,,,,,,,,,,,52,56,60,51,62
D. Markey,22,170,60,66,280000,72,52,56,66,44,41,,,,,,,,,,,,,,,,,,,,,52,56,66,44,41
S. Al Nabit,23,174,60,66,280000,78,52,53,63,24,46,,,,,,,,,,,,,,,,,,,,,52,53,63,24,46
H. Ayaroğlu,24,172,60,66,280000,52,47,64,60,40,41,,,,,,,,,,,,,,,,,,,,,47,64,60,40,41
A. Al Shahrani,24,173,60,66,280000,69,51,57,62,32,50,,,,,,,,,,,,,,,,,,,,,51,57,62,32,50
A. Moreno,23,169,60,65,280000,70,57,40,64,34,54,,,,,,,,,,,,,,,,,,,,,57,40,64,34,54
R. Browne,23,175,60,65,280000,89,47,50,62,30,63,,,,,,,,,,,,,,,,,,,,,47,50,62,30,63
G. Jarl,24,179,60,65,280000,78,46,55,57,49,56,,,,,,,,,,,,,,,,,,,,,46,55,57,49,56
S. Matthews,22,176,60,65,280000,68,52,60,62,43,53,,,,,,,,,,,,,,,,,,,,,52,60,62,43,53
R. Al Ghamdi,25,178,60,65,280000,73,56,55,61,38,63,,,,,,,,,,,,,,,,,,,,,56,55,61,38,63
J. Allen,24,178,60,65,280000,67,52,56,64,56,59,,,,,,,,,,,,,,,,,,,,,52,56,64,56,59
C. Bishop,22,180,60,65,280000,71,58,46,56,30,66,,,,,,,,,,,,,,,,,,,,,58,46,56,30,66
G. Blackwood,22,189,60,65,280000,65,58,46,57,28,64,,,,,,,,,,,,,,,,,,,,,58,46,57,28,64
R. Ariza,21,170,60,65,280000,74,43,58,59,36,58,,,,,,,,,,,,,,,,,,,,,43,58,59,36,58
R. Aoki,23,174,60,65,280000,82,47,55,61,29,44,,,,,,,,,,,,,,,,,,,,,47,55,61,29,44
Yoo Seung Min,20,175,60,65,280000,77,56,53,60,33,52,,,,,,,,,,,,,,,,,,,,,56,53,60,33,52
M. Matsumoto,24,175,60,65,280000,71,45,58,64,58,58,,,,,,,,,,,,,,,,,,,,,45,58,64,58,58
Kim Han Gil,24,177,60,65,280000,74,54,47,63,28,65,,,,,,,,,,,,,,,,,,,,,54,47,63,28,65
R. Germain,24,182,60,65,280000,79,57,35,51,27,65,,,,,,,,,,,,,,,,,,,,,57,35,51,27,65
Jon Bakero,22,191,60,65,280000,61,60,57,59,26,53,,,,,,,,,,,,,,,,,,,,,60,57,59,26,53
S. Paintsil,23,167,60,65,280000,78,54,51,66,25,48,,,,,,,,,,,,,,,,,,,,,54,51,66,25,48
G. Ajayi,24,176,60,65,280000,75,54,56,58,27,48,,,,,,,,,,,,,,,,,,,,,54,56,58,27,48
L. Ried,23,178,60,65,280000,70,51,57,60,38,49,,,,,,,,,,,,,,,,,,,,,51,57,60,38,49
G. Bello,17,170,59,79,280000,78,40,48,66,56,48,,,,,,,,,,,,,,,,,,,,,40,48,66,56,48
D. Itter,20,184,59,72,280000,63,36,48,56,59,55,,,,,,,,,,,,,,,,,,,,,36,48,56,59,55
C. Polo,21,179,59,72,280000,64,35,47,52,57,66,,,,,,,,,,,,,,,,,,,,,35,47,52,57,66
A. Ikedi,20,198,59,72,280000,66,46,51,53,55,74,,,,,,,,,,,,,,,,,,,,,46,51,53,55,74
T. Vancooten,21,185,59,72,280000,73,37,49,54,56,69,,,,,,,,,,,,,,,,,,,,,37,49,54,56,69
A. Al Saluli,20,195,59,72,280000,56,38,42,34,59,58,,,,,,,,,,,,,,,,,,,,,38,42,34,59,58
S. Janssen,18,179,59,72,280000,61,52,58,59,55,55,,,,,,,,,,,,,,,,,,,,,52,58,59,55,55
E. Ferigra,20,188,59,72,280000,56,33,34,38,61,56,,,,,,,,,,,,,,,,,,,,,33,34,38,61,56
D. Haruț,20,181,59,72,280000,76,28,44,54,57,58,,,,,,,,,,,,,,,,,,,,,28,44,54,57,58
M. Stevens,21,180,59,71,280000,71,57,42,58,21,65,,,,,,,,,,,,,,,,,,,,,57,42,58,21,65
M. Grødem,20,192,59,71,280000,68,49,58,59,42,66,,,,,,,,,,,,,,,,,,,,,49,58,59,42,66
R. Abarca,21,181,59,71,280000,61,53,51,64,28,54,,,,,,,,,,,,,,,,,,,,,53,51,64,28,54
B. Liddle,20,170,59,71,280000,69,49,56,59,50,61,,,,,,,,,,,,,,,,,,,,,49,56,59,50,61
C. Oduor,20,176,59,71,280000,76,41,55,60,44,57,,,,,,,,,,,,,,,,,,,,,41,55,60,44,57
J. Caballero,21,180,59,71,280000,70,48,52,61,44,59,,,,,,,,,,,,,,,,,,,,,48,52,61,44,59
P. Hoppe,20,180,59,71,280000,71,57,51,58,25,45,,,,,,,,,,,,,,,,,,,,,57,51,58,25,45
M. Mihaiu,20,179,59,71,280000,71,49,54,59,21,54,,,,,,,,,,,,,,,,,,,,,49,54,59,21,54
N. Vallys,22,186,59,71,280000,74,53,52,61,35,61,,,,,,,,,,,,,,,,,,,,,53,52,61,35,61
J. Mangonzo,21,180,59,71,280000,61,44,55,58,53,58,,,,,,,,,,,,,,,,,,,,,44,55,58,53,58
J. Donkor,20,176,59,71,280000,84,54,49,66,26,44,,,,,,,,,,,,,,,,,,,,,54,49,66,26,44
N. Ntolla,20,185,59,71,280000,60,62,41,59,20,48,,,,,,,,,,,,,,,,,,,,,62,41,59,20,48
Adrián Herrera,20,179,59,71,280000,56,59,42,57,28,60,,,,,,,,,,,,,,,,,,,,,59,42,57,28,60
J. Lankester,19,183,58,77,280000,74,56,47,65,39,56,,,,,,,,,,,,,,,,,,,,,56,47,65,39,56
A. Semenyo,19,178,58,76,280000,80,54,37,60,20,60,,,,,,,,,,,,,,,,,,,,,54,37,60,20,60
P. Borukov,19,189,58,76,280000,69,56,40,55,19,59,,,,,,,,,,,,,,,,,,,,,56,40,55,19,59
J. Lokilo,20,175,58,75,280000,77,53,52,67,27,51,,,,,,,,,,,,,,,,,,,,,53,52,67,27,51
L. Guzmán,19,173,58,75,280000,68,57,51,66,24,39,,,,,,,,,,,,,,,,,,,,,57,51,66,24,39
B. Servania,20,178,58,75,280000,63,49,57,61,51,56,,,,,,,,,,,,,,,,,,,,,49,57,61,51,56
L. McCormick,20,180,58,74,280000,75,45,55,61,47,61,,,,,,,,,,,,,,,,,,,,,45,55,61,47,61
S. Grubac,19,190,58,74,280000,51,56,43,52,30,62,,,,,,,,,,,,,,,,,,,,,56,43,52,30,62
E. Hottmann,19,187,58,74,280000,55,57,43,53,26,66,,,,,,,,,,,,,,,,,,,,,57,43,53,26,66
M. Candlin,19,184,58,73,280000,75,55,45,57,21,65,,,,,,,,,,,,,,,,,,,,,55,45,57,21,65
C. Lang,20,180,58,73,280000,72,60,44,61,17,57,,,,,,,,,,,,,,,,,,,,,60,44,61,17,57
G. McAuley,19,189,58,73,280000,56,58,47,54,21,60,,,,,,,,,,,,,,,,,,,,,58,47,54,21,60
L. Kryeziu,20,181,58,73,280000,76,56,45,60,18,57,,,,,,,,,,,,,,,,,,,,,56,45,60,18,57
L. Ivanovic,19,180,58,73,280000,77,53,50,60,19,51,,,,,,,,,,,,,,,,,,,,,53,50,60,19,51
J. Rennicks,20,180,58,73,280000,65,58,46,54,19,54,,,,,,,,,,,,,,,,,,,,,58,46,54,19,54
L. Sinayoko,19,185,58,73,280000,58,60,41,51,20,60,,,,,,,,,,,,,,,,,,,,,60,41,51,20,60
R. Cunningham,21,178,58,72,280000,84,54,49,56,35,60,,,,,,,,,,,,,,,,,,,,,54,49,56,35,60
H. St Clair,20,175,58,72,280000,69,54,55,60,28,39,,,,,,,,,,,,,,,,,,,,,54,55,60,28,39
M. Ahumada Acuña,21,175,58,72,280000,74,54,50,60,34,46,,,,,,,,,,,,,,,,,,,,,54,50,60,34,46
M. Sevimler,20,182,58,72,280000,52,61,44,56,23,43,,,,,,,,,,,,,,,,,,,,,61,44,56,23,43
G. McGregor,20,176,58,72,280000,66,43,57,56,51,59,,,,,,,,,,,,,,,,,,,,,43,57,56,51,59
M. Sanders,20,176,58,72,280000,55,52,57,59,53,52,,,,,,,,,,,,,,,,,,,,,52,57,59,53,52
D. Butterworth,19,181,58,72,280000,66,56,45,54,34,54,,,,,,,,,,,,,,,,,,,,,56,45,54,34,54
O. Skarsem,20,183,58,72,280000,74,50,56,59,51,58,,,,,,,,,,,,,,,,,,,,,50,56,59,51,58
L. Ihorst,19,188,58,72,280000,54,57,37,51,21,62,,,,,,,,,,,,,,,,,,,,,57,37,51,21,62
A. Smith,20,187,58,72,280000,76,51,56,59,49,60,,,,,,,,,,,,,,,,,,,,,51,56,59,49,60
T. Buchanan,20,183,58,72,280000,82,54,41,60,22,58,,,,,,,,,,,,,,,,,,,,,54,41,60,22,58
K. Yeboah,19,182,58,72,280000,87,55,47,62,23,50,,,,,,,,,,,,,,,,,,,,,55,47,62,23,50
H. Lybohy,35,186,68,68,270000,52,26,44,38,67,76,,,,,,,,,,,,,,,,,,,,,26,44,38,67,76
Eder Pinhanços,35,178,68,68,270000,52,31,47,39,73,61,,,,,,,,,,,,,,,,,,,,,31,47,39,73,61
Kauã Zanson,35,179,68,68,270000,67,45,49,61,70,58,,,,,,,,,,,,,,,,,,,,,45,49,61,70,58
I. Ahmed,35,192,68,68,270000,49,47,44,47,65,77,,,,,,,,,,,,,,,,,,,,,47,44,47,65,77
David Barral,36,180,67,67,270000,65,66,56,63,39,71,,,,,,,,,,,,,,,,,,,,,66,56,63,39,71
D. Murphy,36,191,67,67,270000,41,69,58,59,33,74,,,,,,,,,,,,,,,,,,,,,69,58,59,33,74
F. Evacuo,36,187,67,67,270000,44,69,56,56,37,72,,,,,,,,,,,,,,,,,,,,,69,56,56,37,72
G. Rodríguez,34,181,67,67,270000,56,49,65,62,66,74,,,,,,,,,,,,,,,,,,,,,49,65,62,66,74
D. Marney,35,183,66,66,270000,51,62,67,64,66,70,,,,,,,,,,,,,,,,,,,,,62,67,64,66,70
Cristóbal,35,181,66,66,270000,64,67,66,64,57,66,,,,,,,,,,,,,,,,,,,,,67,66,64,57,66
Y. Anchico,35,182,66,66,270000,76,58,64,66,64,72,,,,,,,,,,,,,,,,,,,,,58,64,66,64,72
S. Peszko,34,173,65,65,270000,76,61,64,64,36,61,,,,,,,,,,,,,,,,,,,,,61,64,64,36,61
M. Roman,34,175,65,65,270000,73,63,66,59,58,72,,,,,,,,,,,,,,,,,,,,,63,66,59,58,72
Valverde,34,174,65,65,270000,79,59,59,65,22,49,,,,,,,,,,,,,,,,,,,,,59,59,65,22,49
M. Ørnskov,33,185,64,64,270000,48,57,64,60,64,76,,,,,,,,,,,,,,,,,,,,,57,64,60,64,76
C. Eagles,33,183,64,64,270000,68,63,64,66,31,57,,,,,,,,,,,,,,,,,,,,,63,64,66,31,57
L. Frecklington,33,180,64,64,270000,57,62,64,62,56,70,,,,,,,,,,,,,,,,,,,,,62,64,62,56,70
M. Gardyne,33,170,64,64,270000,79,57,59,68,44,62,,,,,,,,,,,,,,,,,,,,,57,59,68,44,62
F. Morais,33,175,64,64,270000,67,58,66,67,49,65,,,,,,,,,,,,,,,,,,,,,58,66,67,49,65
Wang Xiaolong,33,176,64,64,270000,68,66,60,65,42,56,,,,,,,,,,,,,,,,,,,,,66,60,65,42,56
A. Al Mutairi,33,174,64,64,270000,58,58,62,67,22,63,,,,,,,,,,,,,,,,,,,,,58,62,67,22,63
Platini,33,174,64,64,270000,67,63,58,69,27,48,,,,,,,,,,,,,,,,,,,,,63,58,69,27,48
D. Charles,31,185,63,63,270000,59,44,47,48,61,73,,,,,,,,,,,,,,,,,,,,,44,47,48,61,73
T. Beltran,31,173,63,63,270000,69,52,58,63,62,60,,,,,,,,,,,,,,,,,,,,,52,58,63,62,60
D. Massey,31,183,63,63,270000,61,51,60,59,61,72,,,,,,,,,,,,,,,,,,,,,51,60,59,61,72
Zhang Chi,31,186,63,63,270000,66,53,59,60,61,66,,,,,,,,,,,,,,,,,,,,,53,59,60,61,66
Kim Dong Woo,31,189,63,63,270000,54,34,46,50,62,72,,,,,,,,,,,,,,,,,,,,,34,46,50,62,72
M. Velásquez,31,181,63,63,270000,38,29,43,39,63,70,,,,,,,,,,,,,,,,,,,,,29,43,39,63,70
K. Yoshimoto,31,185,63,63,270000,54,45,51,55,61,71,,,,,,,,,,,,,,,,,,,,,45,51,55,61,71
R. Minor,31,198,63,63,270000,32,27,36,36,62,70,,,,,,,,,,,,,,,,,,,,,27,36,36,62,70
Y. Hashiuchi,31,175,63,63,270000,55,35,48,50,62,62,,,,,,,,,,,,,,,,,,,,,35,48,50,62,62
B. Graham,31,188,62,62,270000,57,60,45,62,31,69,,,,,,,,,,,,,,,,,,,,,60,45,62,31,69
O. Malik,28,185,62,62,270000,68,37,55,57,60,70,,,,,,,,,,,,,,,,,,,,,37,55,57,60,70
F. Sepúlveda,27,180,62,62,270000,69,30,53,57,60,59,,,,,,,,,,,,,,,,,,,,,30,53,57,60,59
C. Stokes,28,185,62,62,270000,49,36,53,55,59,66,,,,,,,,,,,,,,,,,,,,,36,53,55,59,66
H. Al Juhayyim,31,178,62,62,270000,66,61,56,62,38,66,,,,,,,,,,,,,,,,,,,,,61,56,62,38,66
Tiagildo Serra,31,175,62,62,270000,59,60,55,66,28,50,,,,,,,,,,,,,,,,,,,,,60,55,66,28,50
D. Florea,31,173,62,62,270000,66,65,57,63,31,42,,,,,,,,,,,,,,,,,,,,,65,57,63,31,42
Diego Ferraresso,27,171,62,62,270000,64,25,53,64,61,66,,,,,,,,,,,,,,,,,,,,,25,53,64,61,66
S. Tka,28,184,62,62,270000,51,28,43,42,62,67,,,,,,,,,,,,,,,,,,,,,28,43,42,62,67
F. Achim,27,178,62,62,270000,71,31,52,61,59,60,,,,,,,,,,,,,,,,,,,,,31,52,61,59,60
D. Jarl,27,196,61,64,270000,61,22,44,42,58,69,,,,,,,,,,,,,,,,,,,,,22,44,42,58,69
Sergio,27,188,61,64,270000,52,35,37,37,64,58,,,,,,,,,,,,,,,,,,,,,35,37,37,64,58
Shan Pengfei,26,183,61,64,270000,68,32,46,56,58,70,,,,,,,,,,,,,,,,,,,,,32,46,56,58,70
N. Giraldo,26,174,61,64,270000,66,44,53,59,57,66,,,,,,,,,,,,,,,,,,,,,44,53,59,57,66
A. Al Zubaidi,26,182,61,63,270000,75,49,55,57,54,75,,,,,,,,,,,,,,,,,,,,,49,55,57,54,75
J. Pearson,26,186,61,63,270000,65,35,48,55,59,65,,,,,,,,,,,,,,,,,,,,,35,48,55,59,65
B. Garmston,25,183,61,63,270000,90,44,52,59,54,63,,,,,,,,,,,,,,,,,,,,,44,52,59,54,63
N. Mohammad,27,175,61,63,270000,71,34,49,57,61,69,,,,,,,,,,,,,,,,,,,,,34,49,57,61,69
S. Al Qeshtah,26,182,61,63,270000,47,27,40,47,61,64,,,,,,,,,,,,,,,,,,,,,27,40,47,61,64
V. Rață,26,173,61,63,270000,54,54,53,51,59,67,,,,,,,,,,,,,,,,,,,,,54,53,51,59,67
M. Dolan,26,175,61,61,270000,66,57,63,64,47,67,,,,,,,,,,,,,,,,,,,,,57,63,64,47,67
R. Takahashi,25,170,61,61,270000,72,43,49,66,51,70,,,,,,,,,,,,,,,,,,,,,43,49,66,51,70
A. Al Fiqi,26,176,61,61,270000,73,47,56,63,38,50,,,,,,,,,,,,,,,,,,,,,47,56,63,38,50
F. Al Sagour,23,177,60,68,270000,82,44,53,61,54,51,,,,,,,,,,,,,,,,,,,,,44,53,61,54,51
M. Welch-Hayes,22,180,60,68,270000,82,32,49,54,55,63,,,,,,,,,,,,,,,,,,,,,32,49,54,55,63
Park Chang Jun,22,175,60,68,270000,75,27,46,53,58,46,,,,,,,,,,,,,,,,,,,,,27,46,53,58,46
K. Álvarez,22,181,60,68,270000,83,30,53,58,48,70,,,,,,,,,,,,,,,,,,,,,30,53,58,48,70
R. Buckmaster,22,172,60,68,270000,77,35,52,60,55,58,,,,,,,,,,,,,,,,,,,,,35,52,60,55,58
J. Homawoo,21,191,60,67,270000,54,30,40,42,60,58,,,,,,,,,,,,,,,,,,,,,30,40,42,60,58
D. Vokić,23,190,60,67,270000,60,45,59,60,54,63,,,,,,,,,,,,,,,,,,,,,45,59,60,54,63
B. dos Santos,21,177,60,67,270000,65,32,49,55,56,61,,,,,,,,,,,,,,,,,,,,,32,49,55,56,61
K. Muhar,23,188,60,67,270000,65,40,51,54,58,70,,,,,,,,,,,,,,,,,,,,,40,51,54,58,70
M. Langer,22,182,60,67,270000,58,45,54,56,60,59,,,,,,,,,,,,,,,,,,,,,45,54,56,60,59
T. Corbaz,25,177,60,65,270000,70,51,60,59,58,59,,,,,,,,,,,,,,,,,,,,,51,60,59,58,59
J. Ironside,25,183,60,64,270000,56,57,46,55,40,73,,,,,,,,,,,,,,,,,,,,,57,46,55,40,73
J. Alabi,24,185,60,64,270000,73,57,48,55,30,71,,,,,,,,,,,,,,,,,,,,,57,48,55,30,71
P. Mullin,24,178,60,64,270000,60,59,51,60,37,58,,,,,,,,,,,,,,,,,,,,,59,51,60,37,58
J. Gómez,25,186,60,64,270000,74,56,44,54,36,71,,,,,,,,,,,,,,,,,,,,,56,44,54,36,71
M. Lema,19,171,59,71,270000,72,52,52,63,30,36,,,,,,,,,,,,,,,,,,,,,52,52,63,30,36
T. Ogiwara,19,175,59,71,270000,74,41,56,61,51,68,,,,,,,,,,,,,,,,,,,,,41,56,61,51,68
Y. Boussakou,19,172,59,71,270000,76,58,51,63,26,43,,,,,,,,,,,,,,,,,,,,,58,51,63,26,43
I. Sadiq,19,168,59,71,270000,86,49,47,64,33,51,,,,,,,,,,,,,,,,,,,,,49,47,64,33,51
R. Gavîrliță,19,186,59,71,270000,68,59,40,57,19,55,,,,,,,,,,,,,,,,,,,,,59,40,57,19,55
J. Stobbs,22,180,59,70,270000,74,52,54,59,47,60,,,,,,,,,,,,,,,,,,,,,52,54,59,47,60
Jeong Seung Won,22,170,59,70,270000,67,54,52,60,35,56,,,,,,,,,,,,,,,,,,,,,54,52,60,35,56
Ha Seung Un,21,178,59,70,270000,68,60,35,57,23,53,,,,,,,,,,,,,,,,,,,,,60,35,57,23,53
M. Özvardar,21,184,59,70,270000,42,60,50,57,25,53,,,,,,,,,,,,,,,,,,,,,60,50,57,25,53
Raúl Sánchez,21,188,59,70,270000,60,56,57,61,33,51,,,,,,,,,,,,,,,,,,,,,56,57,61,33,51
J. Toualy,20,171,59,70,270000,74,48,52,65,27,43,,,,,,,,,,,,,,,,,,,,,48,52,65,27,43
N. Wähling,21,187,59,70,270000,68,58,50,63,21,51,,,,,,,,,,,,,,,,,,,,,58,50,63,21,51
M. Soula,21,172,59,70,270000,67,62,54,62,29,42,,,,,,,,,,,,,,,,,,,,,62,54,62,29,42
H. Cakmak,20,179,59,70,270000,66,58,40,56,17,57,,,,,,,,,,,,,,,,,,,,,58,40,56,17,57
C. Bîrnoi,21,181,59,70,270000,78,51,54,57,25,48,,,,,,,,,,,,,,,,,,,,,51,54,57,25,48
Raúl Prada,18,180,58,81,270000,63,28,38,43,59,62,,,,,,,,,,,,,,,,,,,,,28,38,43,59,62
A. Ngouyamsa,18,185,58,79,270000,65,32,38,55,63,59,,,,,,,,,,,,,,,,,,,,,32,38,55,63,59
J. Campaz,19,171,58,78,270000,67,50,51,63,30,50,,,,,,,,,,,,,,,,,,,,,50,51,63,30,50
M. Meli,19,178,58,78,270000,53,61,53,64,37,40,,,,,,,,,,,,,,,,,,,,,61,53,64,37,40
J. Neiß,19,181,58,78,270000,68,56,55,63,25,49,,,,,,,,,,,,,,,,,,,,,56,55,63,25,49
T. Cuello,19,178,58,77,270000,71,49,53,63,36,43,,,,,,,,,,,,,,,,,,,,,49,53,63,36,43
Y. Meneses,19,178,58,77,270000,62,40,57,65,35,49,,,,,,,,,,,,,,,,,,,,,40,57,65,35,49
K. Flanagan,19,179,58,76,270000,68,47,55,60,39,48,,,,,,,,,,,,,,,,,,,,,47,55,60,39,48
L. González,19,169,58,76,270000,65,47,57,58,49,53,,,,,,,,,,,,,,,,,,,,,47,57,58,49,53
R. Kehr,19,189,58,75,270000,77,57,51,59,27,58,,,,,,,,,,,,,,,,,,,,,57,51,59,27,58
C. Coventry,19,175,58,74,270000,58,41,56,59,48,53,,,,,,,,,,,,,,,,,,,,,41,56,59,48,53
N. Clayton-Phillips,19,175,58,74,270000,65,59,56,63,29,38,,,,,,,,,,,,,,,,,,,,,59,56,63,29,38
L. Leroy,19,186,58,74,270000,64,44,58,58,52,63,,,,,,,,,,,,,,,,,,,,,44,58,58,52,63
N. Awuku,19,182,58,73,270000,70,55,46,63,24,63,,,,,,,,,,,,,,,,,,,,,55,46,63,24,63
E. Kumah,19,179,58,73,270000,88,45,58,56,43,56,,,,,,,,,,,,,,,,,,,,,45,58,56,43,56
M. Hoffmeier,19,180,58,73,270000,64,41,52,67,30,46,,,,,,,,,,,,,,,,,,,,,41,52,67,30,46
O. Deman,19,180,58,72,270000,69,49,56,62,27,48,,,,,,,,,,,,,,,,,,,,,49,56,62,27,48
E. Peña Zauner,19,177,58,72,270000,68,52,60,63,33,49,,,,,,,,,,,,,,,,,,,,,52,60,63,33,49
F. Balmont,39,168,69,69,260000,33,64,71,65,71,54,,,,,,,,,,,,,,,,,,,,,64,71,65,71,54
J. Coppinger,38,170,67,67,260000,49,65,68,68,43,60,,,,,,,,,,,,,,,,,,,,,65,68,68,43,60
C. Canío,38,176,67,67,260000,41,62,69,69,36,57,,,,,,,,,,,,,,,,,,,,,62,69,69,36,57
G. Zakuani,33,186,65,65,260000,73,21,33,38,66,72,,,,,,,,,,,,,,,,,,,,,21,33,38,66,72
F. Cosenza,33,187,65,65,260000,47,34,34,38,64,78,,,,,,,,,,,,,,,,,,,,,34,34,38,64,78
G. Liddle,33,185,65,65,260000,53,45,54,55,63,75,,,,,,,,,,,,,,,,,,,,,45,54,55,63,75
S. Luchin,33,185,65,65,260000,52,48,48,56,61,74,,,,,,,,,,,,,,,,,,,,,48,48,56,61,74
A. Hainault,33,184,65,65,260000,35,46,51,48,64,71,,,,,,,,,,,,,,,,,,,,,46,51,48,64,71
N. Busch Thor,33,180,65,65,260000,53,48,62,62,59,69,,,,,,,,,,,,,,,,,,,,,48,62,62,59,69
M. Iida,33,187,65,65,260000,36,43,38,34,63,77,,,,,,,,,,,,,,,,,,,,,43,38,34,63,77
D. Ojeda,33,182,65,65,260000,55,32,37,44,65,65,,,,,,,,,,,,,,,,,,,,,32,37,44,65,65
A. Al Khaibari,29,180,62,62,260000,56,40,38,40,59,74,,,,,,,,,,,,,,,,,,,,,40,38,40,59,74
D. Fofana,29,195,62,62,260000,52,31,36,37,62,69,,,,,,,,,,,,,,,,,,,,,31,36,37,62,69
Li Tixiang,29,181,62,62,260000,66,50,49,56,60,68,,,,,,,,,,,,,,,,,,,,,50,49,56,60,68
Luo Xin,29,182,62,62,260000,60,48,52,59,61,66,,,,,,,,,,,,,,,,,,,,,48,52,59,61,66
M. Vallecilla,28,175,62,62,260000,70,41,52,57,60,67,,,,,,,,,,,,,,,,,,,,,41,52,57,60,67
R. Tone,27,182,61,63,260000,52,34,47,41,60,64,,,,,,,,,,,,,,,,,,,,,34,47,41,60,64
M. O'Brien,26,180,61,62,260000,50,37,43,42,58,74,,,,,,,,,,,,,,,,,,,,,37,43,42,58,74
L. Lozoya,26,176,61,62,260000,58,34,41,61,64,61,,,,,,,,,,,,,,,,,,,,,34,41,61,64,61
M. Hofrath,26,180,61,62,260000,73,39,54,58,57,68,,,,,,,,,,,,,,,,,,,,,39,54,58,57,68
N. Fitzgerald,27,175,61,61,260000,82,57,54,61,41,64,,,,,,,,,,,,,,,,,,,,,57,54,61,41,64
M. Majrashi,28,180,61,61,260000,66,57,47,61,24,74,,,,,,,,,,,,,,,,,,,,,57,47,61,24,74
J. Vieyra,27,175,61,61,260000,67,47,61,63,53,65,,,,,,,,,,,,,,,,,,,,,47,61,63,53,65
K. Al Kaabi,27,177,61,61,260000,79,57,55,62,21,50,,,,,,,,,,,,,,,,,,,,,57,55,62,21,50
F. Ali,27,183,61,61,260000,66,54,59,62,45,63,,,,,,,,,,,,,,,,,,,,,54,59,62,45,63
D. Lloyd,27,171,61,61,260000,74,58,57,62,32,58,,,,,,,,,,,,,,,,,,,,,58,57,62,32,58
A. Koiki,19,180,60,68,260000,78,34,48,59,55,63,,,,,,,,,,,,,,,,,,,,,34,48,59,55,63
P. Itter,24,177,60,67,260000,68,41,53,61,56,68,,,,,,,,,,,,,,,,,,,,,41,53,61,56,68
C. Evans,23,182,60,67,260000,73,50,59,61,55,62,,,,,,,,,,,,,,,,,,,,,50,59,61,55,62
F. Rojas,25,188,60,67,260000,58,40,48,48,60,58,,,,,,,,,,,,,,,,,,,,,40,48,48,60,58
N. Lüchinger,24,175,60,67,260000,73,27,44,67,56,66,,,,,,,,,,,,,,,,,,,,,27,44,67,56,66
M. Kula,24,185,60,67,260000,50,29,38,44,59,67,,,,,,,,,,,,,,,,,,,,,29,38,44,59,67
F. Lach,22,190,60,67,260000,54,24,42,51,59,64,,,,,,,,,,,,,,,,,,,,,24,42,51,59,64
P. Fassnacht,23,181,60,67,260000,69,33,47,54,58,70,,,,,,,,,,,,,,,,,,,,,33,47,54,58,70
D. Szymonowicz,23,185,60,67,260000,61,36,52,57,60,69,,,,,,,,,,,,,,,,,,,,,36,52,57,60,69
R. Peiponen,22,175,60,67,260000,74,46,53,60,56,57,,,,,,,,,,,,,,,,,,,,,46,53,60,56,57
A. Sicker,22,184,60,67,260000,79,30,52,63,54,60,,,,,,,,,,,,,,,,,,,,,30,52,63,54,60
A. Björnström,23,176,60,67,260000,78,31,48,58,57,58,,,,,,,,,,,,,,,,,,,,,31,48,58,57,58
Kim Jung Ho,24,187,60,67,260000,58,49,26,47,59,71,,,,,,,,,,,,,,,,,,,,,49,26,47,59,71
E. Weeger,22,179,60,67,260000,70,27,52,58,56,66,,,,,,,,,,,,,,,,,,,,,27,52,58,56,66
J. Buss,21,185,60,67,260000,69,44,55,61,58,58,,,,,,,,,,,,,,,,,,,,,44,55,61,58,58
D. Rentería,23,180,60,67,260000,59,29,42,46,58,64,,,,,,,,,,,,,,,,,,,,,29,42,46,58,64
R. Hreniuc,22,188,60,67,260000,49,27,35,38,59,70,,,,,,,,,,,,,,,,,,,,,27,35,38,59,70
D. Jones,24,183,60,66,260000,65,26,46,51,58,70,,,,,,,,,,,,,,,,,,,,,26,46,51,58,70
F. Kelleher,23,190,60,66,260000,59,27,40,35,59,68,,,,,,,,,,,,,,,,,,,,,27,40,35,59,68
T. Vassell,22,184,60,66,260000,73,32,52,56,57,70,,,,,,,,,,,,,,,,,,,,,32,52,56,57,70
K. Shibato,23,180,60,66,260000,62,35,55,57,56,61,,,,,,,,,,,,,,,,,,,,,35,55,57,56,61
A. Dudea,22,179,60,66,260000,62,32,41,38,62,61,,,,,,,,,,,,,,,,,,,,,32,41,38,62,61
D. Tokpa,18,181,60,66,260000,63,58,46,58,22,50,,,,,,,,,,,,,,,,,,,,,58,46,58,22,50
S. Makuka,24,180,60,66,260000,65,29,32,36,60,68,,,,,,,,,,,,,,,,,,,,,29,32,36,60,68
Ryu Jae Moon,25,184,60,64,260000,64,44,59,55,49,60,,,,,,,,,,,,,,,,,,,,,44,59,55,49,60
K. Riksvold,25,182,60,63,260000,67,52,60,61,33,55,,,,,,,,,,,,,,,,,,,,,52,60,61,33,55
C. Stockton,25,186,60,63,260000,63,60,49,53,32,61,,,,,,,,,,,,,,,,,,,,,60,49,53,32,61
R. Castro,26,164,60,63,260000,80,49,53,68,36,44,,,,,,,,,,,,,,,,,,,,,49,53,68,36,44
D. Bozic,26,194,60,63,260000,60,60,44,49,21,68,,,,,,,,,,,,,,,,,,,,,60,44,49,21,68
A. Jafar,25,166,60,63,260000,80,53,52,65,47,51,,,,,,,,,,,,,,,,,,,,,53,52,65,47,51
E. Næsbak Brenden,25,180,60,63,260000,77,51,53,63,40,61,,,,,,,,,,,,,,,,,,,,,51,53,63,40,61
B. Čečarić,25,190,60,63,260000,53,59,44,54,25,70,,,,,,,,,,,,,,,,,,,,,59,44,54,25,70
C. Gaínza,26,170,60,63,260000,69,47,58,61,42,39,,,,,,,,,,,,,,,,,,,,,47,58,61,42,39
Jung Hoon Sung,25,168,60,63,260000,66,45,57,62,26,38,,,,,,,,,,,,,,,,,,,,,45,57,62,26,38
L. Edwards,22,190,59,71,260000,55,31,37,39,62,58,,,,,,,,,,,,,,,,,,,,,31,37,39,62,58
R. Sammut,21,177,59,71,260000,56,36,51,49,58,58,,,,,,,,,,,,,,,,,,,,,36,51,49,58,58
N. Sheron,21,183,59,71,260000,52,26,38,39,59,59,,,,,,,,,,,,,,,,,,,,,26,38,39,59,59
T. Cordner,20,189,59,71,260000,56,30,36,39,58,68,,,,,,,,,,,,,,,,,,,,,30,36,39,58,68
K. Kaïboue,20,182,59,71,260000,58,51,57,56,60,51,,,,,,,,,,,,,,,,,,,,,51,57,56,60,51
S. Sonnenberg,20,194,59,71,260000,61,28,40,48,57,67,,,,,,,,,,,,,,,,,,,,,28,40,48,57,67
F. Quispel,18,177,59,71,260000,71,60,46,53,23,47,,,,,,,,,,,,,,,,,,,,,60,46,53,23,47
H. Ito,20,188,59,70,260000,69,47,59,59,51,73,,,,,,,,,,,,,,,,,,,,,47,59,59,51,73
M. Al Qahtani,22,176,59,70,260000,62,44,57,60,47,56,,,,,,,,,,,,,,,,,,,,,44,57,60,47,56
M. Talal,21,178,59,70,260000,47,40,56,65,54,63,,,,,,,,,,,,,,,,,,,,,40,56,65,54,63
V. Ekani,22,190,59,70,260000,63,47,55,61,49,76,,,,,,,,,,,,,,,,,,,,,47,55,61,49,76
A. Thurgate,19,178,59,70,260000,67,45,55,58,54,59,,,,,,,,,,,,,,,,,,,,,45,55,58,54,59
D. Grant,19,173,59,70,260000,78,54,47,62,35,46,,,,,,,,,,,,,,,,,,,,,54,47,62,35,46
C. Vanhoutte,20,182,59,70,260000,61,50,56,63,54,61,,,,,,,,,,,,,,,,,,,,,50,56,63,54,61
B. Ilie,19,177,59,70,260000,63,50,56,62,48,61,,,,,,,,,,,,,,,,,,,,,50,56,62,48,61
Alfon,20,172,59,69,260000,71,58,48,63,34,53,,,,,,,,,,,,,,,,,,,,,58,48,63,34,53
S. Guðjohnsen,21,190,59,69,260000,52,57,37,54,25,69,,,,,,,,,,,,,,,,,,,,,57,37,54,25,69
B. Omeragic,17,187,58,79,260000,71,35,47,52,57,61,,,,,,,,,,,,,,,,,,,,,35,47,52,57,61
J. Romero,18,159,58,78,260000,76,57,50,58,29,38,,,,,,,,,,,,,,,,,,,,,57,50,58,29,38
G. Carvajal,19,181,58,78,260000,55,36,48,56,56,65,,,,,,,,,,,,,,,,,,,,,36,48,56,56,65
G. Azzinnari,18,175,58,78,260000,66,58,45,56,32,48,,,,,,,,,,,,,,,,,,,,,58,45,56,32,48
N. Chilvers,18,173,58,78,260000,73,48,55,60,50,58,,,,,,,,,,,,,,,,,,,,,48,55,60,50,58
N. Stendera,18,177,58,77,260000,59,49,59,63,51,50,,,,,,,,,,,,,,,,,,,,,49,59,63,51,50
P. Besong,18,184,58,77,260000,65,55,39,54,28,69,,,,,,,,,,,,,,,,,,,,,55,39,54,28,69
M. Jørgensen,18,185,58,76,260000,77,57,43,61,28,55,,,,,,,,,,,,,,,,,,,,,57,43,61,28,55
A. Bakir,18,177,58,76,260000,67,47,53,66,29,49,,,,,,,,,,,,,,,,,,,,,47,53,66,29,49
A. Gomez Mancini,18,180,58,76,260000,55,51,58,57,48,47,,,,,,,,,,,,,,,,,,,,,51,58,57,48,47
N. Kupusović,18,179,58,76,260000,76,59,46,61,21,46,,,,,,,,,,,,,,,,,,,,,59,46,61,21,46
F. Greilinger,18,176,58,76,260000,72,47,49,64,24,44,,,,,,,,,,,,,,,,,,,,,47,49,64,24,44
P. Webber,20,183,58,75,260000,60,25,39,38,55,61,,,,,,,,,,,,,,,,,,,,,25,39,38,55,61
Cheon Seong-Hoon,18,190,58,75,260000,66,54,42,55,31,57,,,,,,,,,,,,,,,,,,,,,54,42,55,31,57
A. Rowe,18,180,58,75,260000,72,52,52,64,24,44,,,,,,,,,,,,,,,,,,,,,52,52,64,24,44
F. Tomi,18,175,58,75,260000,66,56,50,60,49,49,,,,,,,,,,,,,,,,,,,,,56,50,60,49,49
T. Odusina,19,186,58,74,260000,56,27,37,36,59,61,,,,,,,,,,,,,,,,,,,,,27,37,36,59,61
I. Mahnashi,19,171,58,74,260000,69,42,55,58,55,53,,,,,,,,,,,,,,,,,,,,,42,55,58,55,53
S. Vines,20,178,58,74,260000,71,31,44,60,56,56,,,,,,,,,,,,,,,,,,,,,31,44,60,56,56
K. Kesgin,18,177,58,74,260000,65,48,57,62,50,65,,,,,,,,,,,,,,,,,,,,,48,57,62,50,65
S. Grønli,18,170,58,74,260000,65,54,47,63,26,39,,,,,,,,,,,,,,,,,,,,,54,47,63,26,39
T. Knost,19,178,58,74,260000,59,32,47,58,58,58,,,,,,,,,,,,,,,,,,,,,32,47,58,58,58
K. Dimitriou,20,186,58,74,260000,60,28,32,33,60,65,,,,,,,,,,,,,,,,,,,,,28,32,33,60,65
B. Galdames,18,172,58,74,260000,62,45,60,59,33,53,,,,,,,,,,,,,,,,,,,,,45,60,59,33,53
L. van Kleef,18,183,58,74,260000,64,52,60,58,43,53,,,,,,,,,,,,,,,,,,,,,52,60,58,43,53
J. Leweling,18,184,58,74,260000,66,55,54,60,31,58,,,,,,,,,,,,,,,,,,,,,55,54,60,31,58
C. Şen,18,174,58,74,260000,67,49,53,64,30,46,,,,,,,,,,,,,,,,,,,,,49,53,64,30,46
G. D'Anca,19,180,58,74,260000,68,47,57,58,55,56,,,,,,,,,,,,,,,,,,,,,47,57,58,55,56
I. Tapia,20,186,58,73,260000,51,30,36,36,56,65,,,,,,,,,,,,,,,,,,,,,30,36,36,56,65
M. Rasmussen,20,180,58,73,260000,76,39,53,59,51,59,,,,,,,,,,,,,,,,,,,,,39,53,59,51,59
N. Kastenhofer,20,185,58,73,260000,58,28,35,48,57,60,,,,,,,,,,,,,,,,,,,,,28,35,48,57,60
L. Müller,18,180,58,73,260000,58,56,55,59,41,51,,,,,,,,,,,,,,,,,,,,,56,55,59,41,51
P. Finger,18,166,58,73,260000,59,52,57,59,45,41,,,,,,,,,,,,,,,,,,,,,52,57,59,45,41
Oh Hyun Gyu,18,185,58,73,260000,73,53,51,63,25,50,,,,,,,,,,,,,,,,,,,,,53,51,63,25,50
G. Cuomo,21,190,58,72,260000,46,26,31,28,58,58,,,,,,,,,,,,,,,,,,,,,26,31,28,58,58
A. Cavagnera,20,185,58,72,260000,59,34,57,62,54,60,,,,,,,,,,,,,,,,,,,,,34,57,62,54,60
L. Gagliano,18,178,58,72,260000,43,60,44,57,30,49,,,,,,,,,,,,,,,,,,,,,60,44,57,30,49
O. Kensdale,19,191,58,72,260000,58,25,38,34,56,66,,,,,,,,,,,,,,,,,,,,,25,38,34,56,66
B. Vera,20,180,58,72,260000,67,37,47,50,57,58,,,,,,,,,,,,,,,,,,,,,37,47,50,57,58
T. Salte,20,184,58,72,260000,60,26,48,54,56,66,,,,,,,,,,,,,,,,,,,,,26,48,54,56,66
L. Kitching,19,191,58,72,260000,55,28,36,40,57,68,,,,,,,,,,,,,,,,,,,,,28,36,40,57,68
S. Mambo,20,183,58,72,260000,64,28,48,55,56,65,,,,,,,,,,,,,,,,,,,,,28,48,55,56,65
D. Huiberts,19,186,58,72,260000,74,48,55,57,55,59,,,,,,,,,,,,,,,,,,,,,48,55,57,55,59
N. Frey,35,184,68,68,250000,57,49,60,62,69,70,,,,,,,,,,,,,,,,,,,,,49,60,62,69,70
Anselmo Meirás,35,177,68,68,250000,69,44,58,53,68,61,,,,,,,,,,,,,,,,,,,,,44,58,53,68,61
Nosberto Vila,35,176,68,68,250000,60,56,63,68,68,70,,,,,,,,,,,,,,,,,,,,,56,63,68,68,70
Helito Caldeira,35,188,68,68,250000,64,54,60,63,68,70,,,,,,,,,,,,,,,,,,,,,54,60,63,68,70
Vágner Norteiro,35,166,68,68,250000,76,55,66,71,64,46,,,,,,,,,,,,,,,,,,,,,55,66,71,64,46
Daniel Mestrança,35,185,68,68,250000,62,47,59,63,69,68,,,,,,,,,,,,,,,,,,,,,47,59,63,69,68
M. Pintilii,34,180,66,66,250000,57,65,63,56,66,71,,,,,,,,,,,,,,,,,,,,,65,63,56,66,71
Y. Takahashi,34,170,66,66,250000,48,56,56,61,63,71,,,,,,,,,,,,,,,,,,,,,56,56,61,63,71
A. Bunjaku,35,178,65,65,250000,54,64,56,66,37,62,,,,,,,,,,,,,,,,,,,,,64,56,66,37,62
G. Vargas,35,173,65,65,250000,58,64,52,63,27,56,,,,,,,,,,,,,,,,,,,,,64,52,63,27,56
Marcelo Vildeia,35,172,65,65,250000,84,62,49,69,30,51,,,,,,,,,,,,,,,,,,,,,62,49,69,30,51
O. Lancashire,30,186,62,62,250000,46,30,41,37,61,72,,,,,,,,,,,,,,,,,,,,,30,41,37,61,72
B. Shea,29,191,62,62,250000,66,60,61,64,59,71,,,,,,,,,,,,,,,,,,,,,60,61,64,59,71
F. Hart,29,176,62,62,250000,69,47,53,63,57,67,,,,,,,,,,,,,,,,,,,,,47,53,63,57,67
L. Young,29,175,62,62,250000,80,47,52,65,55,47,,,,,,,,,,,,,,,,,,,,,47,52,65,55,47
M. Sak,29,183,62,62,250000,65,59,62,64,59,62,,,,,,,,,,,,,,,,,,,,,59,62,64,59,62
I. Filip,30,187,62,62,250000,50,37,53,52,63,64,,,,,,,,,,,,,,,,,,,,,37,53,52,63,64
H. Al Shuwaysh,30,183,62,62,250000,38,24,45,50,58,78,,,,,,,,,,,,,,,,,,,,,24,45,50,58,78
L. Hogan,30,183,62,62,250000,64,26,42,51,60,69,,,,,,,,,,,,,,,,,,,,,26,42,51,60,69
P. Karlsson,30,180,62,62,250000,64,39,55,51,61,66,,,,,,,,,,,,,,,,,,,,,39,55,51,61,66
Sun Shilin,30,178,62,62,250000,70,47,50,60,60,69,,,,,,,,,,,,,,,,,,,,,47,50,60,60,69
A. Benga,30,190,62,62,250000,61,28,39,38,59,70,,,,,,,,,,,,,,,,,,,,,28,39,38,59,70
F. Dady Ngoy,29,169,62,62,250000,79,51,58,63,58,61,,,,,,,,,,,,,,,,,,,,,51,58,63,58,61
L. Maynard,30,191,62,62,250000,65,45,54,58,60,70,,,,,,,,,,,,,,,,,,,,,45,54,58,60,70
K. Velkov,30,188,62,62,250000,59,26,40,43,61,67,,,,,,,,,,,,,,,,,,,,,26,40,43,61,67
M. Kocić,29,179,62,62,250000,68,34,54,55,60,61,,,,,,,,,,,,,,,,,,,,,34,54,55,60,61
Baek Dong Gyu,28,184,61,63,250000,49,36,45,46,60,70,,,,,,,,,,,,,,,,,,,,,36,45,46,60,70
Li Peng,28,187,61,63,250000,52,28,36,33,59,77,,,,,,,,,,,,,,,,,,,,,28,36,33,59,77
J. Keohane,28,180,61,62,250000,76,57,61,63,57,60,,,,,,,,,,,,,,,,,,,,,57,61,63,57,60
J. Tjørnelund,27,183,61,62,250000,75,37,55,59,57,65,,,,,,,,,,,,,,,,,,,,,37,55,59,57,65
H. Toivomäki,27,186,61,62,250000,73,36,51,59,61,62,,,,,,,,,,,,,,,,,,,,,36,51,59,61,62
F. Pinteaux,27,181,61,62,250000,69,40,53,51,58,67,,,,,,,,,,,,,,,,,,,,,40,53,51,58,67
Liu Yang,28,188,61,62,250000,61,36,48,53,59,69,,,,,,,,,,,,,,,,,,,,,36,48,53,59,69
V. Golemić,28,192,61,62,250000,43,28,29,34,61,71,,,,,,,,,,,,,,,,,,,,,28,29,34,61,71
S. Frederiksen,29,185,61,61,250000,56,57,54,63,47,69,,,,,,,,,,,,,,,,,,,,,57,54,63,47,69
F. Adjei,28,184,61,61,250000,76,54,55,61,56,66,,,,,,,,,,,,,,,,,,,,,54,55,61,56,66
Park Hee Seong,29,188,61,61,250000,50,57,41,57,25,71,,,,,,,,,,,,,,,,,,,,,57,41,57,25,71
J. Matt,29,194,61,61,250000,63,57,41,53,24,75,,,,,,,,,,,,,,,,,,,,,57,41,53,24,75
Jwa Joon Hyeop,28,178,61,61,250000,54,47,60,60,54,79,,,,,,,,,,,,,,,,,,,,,47,60,60,54,79
Jo Soo Chul,28,178,61,61,250000,54,49,59,62,47,63,,,,,,,,,,,,,,,,,,,,,49,59,62,47,63
Ely,28,187,61,61,250000,59,61,58,62,25,67,,,,,,,,,,,,,,,,,,,,,61,58,62,25,67
Zhou Tong,29,171,61,61,250000,82,47,59,63,48,45,,,,,,,,,,,,,,,,,,,,,47,59,63,48,45
E. Kupen,29,172,61,61,250000,83,58,43,62,23,57,,,,,,,,,,,,,,,,,,,,,58,43,62,23,57
S. Long,24,178,60,66,250000,64,30,46,58,57,69,,,,,,,,,,,,,,,,,,,,,30,46,58,57,69
J. Gibbons,21,175,60,66,250000,68,27,54,62,58,64,,,,,,,,,,,,,,,,,,,,,27,54,62,58,64
J. Gutjahr,21,178,60,66,250000,69,50,57,61,56,62,,,,,,,,,,,,,,,,,,,,,50,57,61,56,62
Ming Tian,24,180,60,66,250000,76,29,46,59,56,63,,,,,,,,,,,,,,,,,,,,,29,46,59,56,63
D. van der Sluys,23,171,60,66,250000,63,33,51,60,60,58,,,,,,,,,,,,,,,,,,,,,33,51,60,60,58
D. Restrepo,26,173,60,65,250000,63,41,57,61,56,66,,,,,,,,,,,,,,,,,,,,,41,57,61,56,66
L. Merolla,24,193,60,65,250000,39,27,35,33,59,68,,,,,,,,,,,,,,,,,,,,,27,35,33,59,68
P. Pațurcă,23,178,60,65,250000,49,33,47,46,60,72,,,,,,,,,,,,,,,,,,,,,33,47,46,60,72
K. Bigler,26,171,60,63,250000,70,46,55,62,58,73,,,,,,,,,,,,,,,,,,,,,46,55,62,58,73
Choi Chi Won,26,178,60,63,250000,74,60,60,63,25,66,,,,,,,,,,,,,,,,,,,,,60,60,63,25,66
Y. Suzuki,25,182,60,62,250000,69,64,56,56,31,66,,,,,,,,,,,,,,,,,,,,,64,56,56,31,66
L. Scepanik,25,176,60,62,250000,70,54,56,63,44,58,,,,,,,,,,,,,,,,,,,,,54,56,63,44,58
H. Al Maqati,25,174,60,61,250000,69,55,56,61,34,52,,,,,,,,,,,,,,,,,,,,,55,56,61,34,52
M. Šverko,21,187,59,71,250000,65,29,51,57,57,65,,,,,,,,,,,,,,,,,,,,,29,51,57,57,65
M. Yılmaz,20,174,59,71,250000,70,46,50,64,55,56,,,,,,,,,,,,,,,,,,,,,46,50,64,55,56
S. Sy,20,174,59,71,250000,62,33,51,58,57,54,,,,,,,,,,,,,,,,,,,,,33,51,58,57,54
L. Poręba,19,180,59,71,250000,64,40,52,58,56,66,,,,,,,,,,,,,,,,,,,,,40,52,58,56,66
A. Seko,19,183,59,71,250000,58,35,42,37,58,63,,,,,,,,,,,,,,,,,,,,,35,42,37,58,63
H. Ortega,19,190,59,71,250000,59,30,32,33,61,61,,,,,,,,,,,,,,,,,,,,,30,32,33,61,61
O. Al Khalaf,22,176,59,70,250000,68,39,56,63,55,64,,,,,,,,,,,,,,,,,,,,,39,56,63,55,64
M. Virtue,22,175,59,70,250000,68,53,55,63,55,59,,,,,,,,,,,,,,,,,,,,,53,55,63,55,59
T. Fleckstein,20,188,59,70,250000,54,24,42,51,60,53,,,,,,,,,,,,,,,,,,,,,24,42,51,60,53
S. Raux Yao,20,196,59,70,250000,61,32,34,32,56,72,,,,,,,,,,,,,,,,,,,,,32,34,32,56,72
T. Dallinga,18,180,59,70,250000,53,62,47,55,22,48,,,,,,,,,,,,,,,,,,,,,62,47,55,22,48
F. Mircer,20,180,59,70,250000,64,23,35,50,57,63,,,,,,,,,,,,,,,,,,,,,23,35,50,57,63
W. Tomlinson,21,178,59,69,250000,70,49,56,59,56,68,,,,,,,,,,,,,,,,,,,,,49,56,59,56,68
Altamirano,22,179,59,69,250000,64,58,53,61,30,42,,,,,,,,,,,,,,,,,,,,,58,53,61,30,42
S. Kodama,20,166,59,69,250000,70,47,56,65,24,42,,,,,,,,,,,,,,,,,,,,,47,56,65,24,42
B. Breukers,20,176,59,69,250000,64,59,61,60,52,49,,,,,,,,,,,,,,,,,,,,,59,61,60,52,49
E. Henschel,22,185,59,69,250000,73,42,54,56,56,67,,,,,,,,,,,,,,,,,,,,,42,54,56,56,67
Vinícius Ferreira,20,180,59,69,250000,66,56,52,61,41,55,,,,,,,,,,,,,,,,,,,,,56,52,61,41,55
S. Patiño,22,185,59,69,250000,52,58,41,53,21,59,,,,,,,,,,,,,,,,,,,,,58,41,53,21,59
S. Yatağan,20,180,59,69,250000,64,45,63,59,46,51,,,,,,,,,,,,,,,,,,,,,45,63,59,46,51
G. Siadas,19,180,58,78,250000,64,31,49,54,56,52,,,,,,,,,,,,,,,,,,,,,31,49,54,56,52
M. Vroman,17,178,58,78,250000,70,56,50,66,21,46,,,,,,,,,,,,,,,,,,,,,56,50,66,21,46
K. Nkuba,17,173,58,78,250000,76,36,49,70,22,36,,,,,,,,,,,,,,,,,,,,,36,49,70,22,36
T. Barbet,18,184,58,78,250000,60,30,34,40,61,56,,,,,,,,,,,,,,,,,,,,,30,34,40,61,56
J. Consbruch,17,174,58,78,250000,65,44,52,62,51,44,,,,,,,,,,,,,,,,,,,,,44,52,62,51,44
M. Żukowski,17,185,58,77,250000,70,54,48,55,21,57,,,,,,,,,,,,,,,,,,,,,54,48,55,21,57
N. Okello,18,193,58,76,250000,74,42,52,56,51,67,,,,,,,,,,,,,,,,,,,,,42,52,56,51,67
A. Arroyo,17,171,58,76,250000,72,47,50,66,25,39,,,,,,,,,,,,,,,,,,,,,47,50,66,25,39
B. Fleming,19,175,58,75,250000,72,35,45,62,56,54,,,,,,,,,,,,,,,,,,,,,35,45,62,56,54
F. Winther,18,186,58,75,250000,52,26,40,42,57,60,,,,,,,,,,,,,,,,,,,,,26,40,42,57,60
C. Kelman,17,175,58,75,250000,74,57,42,60,25,55,,,,,,,,,,,,,,,,,,,,,57,42,60,25,55
N. Korkmaz,17,172,58,75,250000,67,56,52,63,30,43,,,,,,,,,,,,,,,,,,,,,56,52,63,30,43
A. Terzic,19,184,58,74,250000,62,36,41,56,60,55,,,,,,,,,,,,,,,,,,,,,36,41,56,60,55
D. Parra,19,175,58,73,250000,68,41,53,61,55,50,,,,,,,,,,,,,,,,,,,,,41,53,61,55,50
Y. Roemer,17,180,58,73,250000,78,56,47,64,21,45,,,,,,,,,,,,,,,,,,,,,56,47,64,21,45
A. Catalán,18,166,58,73,250000,56,29,38,44,60,54,,,,,,,,,,,,,,,,,,,,,29,38,44,60,54
M. Keita,18,184,58,73,250000,62,40,52,51,55,61,,,,,,,,,,,,,,,,,,,,,40,52,51,55,61
L. Dehl,17,179,58,73,250000,56,52,56,58,44,51,,,,,,,,,,,,,,,,,,,,,52,56,58,44,51
T. Mißner,19,179,58,73,250000,66,33,49,57,53,59,,,,,,,,,,,,,,,,,,,,,33,49,57,53,59
E. Vardar,17,177,58,73,250000,62,53,56,61,30,46,,,,,,,,,,,,,,,,,,,,,53,56,61,30,46
L. Coveliers,18,177,58,73,250000,62,31,49,48,59,60,,,,,,,,,,,,,,,,,,,,,31,49,48,59,60
R. Kobryń,19,184,58,72,250000,72,31,44,52,55,52,,,,,,,,,,,,,,,,,,,,,31,44,52,55,52
J. Brändle,19,174,58,72,250000,71,26,48,62,53,47,,,,,,,,,,,,,,,,,,,,,26,48,62,53,47
M. Doue,18,180,58,72,250000,63,29,32,37,59,63,,,,,,,,,,,,,,,,,,,,,29,32,37,59,63
P. Raitanen,18,183,58,72,250000,60,31,40,46,57,65,,,,,,,,,,,,,,,,,,,,,31,40,46,57,65
J. Powell,20,178,58,71,250000,73,43,54,59,48,54,,,,,,,,,,,,,,,,,,,,,43,54,59,48,54
Mésaque Djú,20,178,58,71,250000,76,53,47,59,28,58,,,,,,,,,,,,,,,,,,,,,53,47,59,28,58
T. Smith,20,178,58,71,250000,82,55,43,61,20,46,,,,,,,,,,,,,,,,,,,,,55,43,61,20,46
K. Kouassivi-Benissan,20,185,58,71,250000,74,50,53,59,51,53,,,,,,,,,,,,,,,,,,,,,50,53,59,51,53
A. Sîntean,20,177,58,71,250000,71,55,51,59,17,50,,,,,,,,,,,,,,,,,,,,,55,51,59,17,50
J. Rochelt,20,182,58,71,250000,76,48,52,63,38,58,,,,,,,,,,,,,,,,,,,,,48,52,63,38,58
A. Dumiter,20,180,58,71,250000,70,56,42,57,17,54,,,,,,,,,,,,,,,,,,,,,56,42,57,17,54
H. Campagnaro,39,181,70,70,240000,36,39,52,50,70,69,,,,,,,,,,,,,,,,,,,,,39,52,50,70,69
S. Ishizaki,37,181,67,67,240000,57,62,70,69,52,60,,,,,,,,,,,,,,,,,,,,,62,70,69,52,60
G. Munari,36,190,67,67,240000,32,66,66,63,64,81,,,,,,,,,,,,,,,,,,,,,66,66,63,64,81
Welson Leima,35,177,67,67,240000,50,39,63,46,67,69,,,,,,,,,,,,,,,,,,,,,39,63,46,67,69
Renan Tojeiras,35,179,67,67,240000,50,61,56,72,66,76,,,,,,,,,,,,,,,,,,,,,61,56,72,66,76
Tomás Nuninho,35,189,67,67,240000,53,49,59,60,65,76,,,,,,,,,,,,,,,,,,,,,49,59,60,65,76
M. Sadler,34,180,66,66,240000,54,44,57,60,65,74,,,,,,,,,,,,,,,,,,,,,44,57,60,65,74
H. Mendoza,34,189,66,66,240000,43,34,47,44,65,74,,,,,,,,,,,,,,,,,,,,,34,47,44,65,74
A. Bruce,34,180,66,66,240000,43,30,42,52,65,64,,,,,,,,,,,,,,,,,,,,,30,42,52,65,64
N. Rnić,34,179,66,66,240000,44,39,52,49,65,68,,,,,,,,,,,,,,,,,,,,,39,52,49,65,68
M. Holgersson,34,190,66,66,240000,33,37,57,49,62,74,,,,,,,,,,,,,,,,,,,,,37,57,49,62,74
M. Salem,34,184,66,66,240000,56,32,45,44,65,71,,,,,,,,,,,,,,,,,,,,,32,45,44,65,71
Bae Seul Gi,34,183,66,66,240000,44,23,31,50,66,73,,,,,,,,,,,,,,,,,,,,,23,31,50,66,73
S. Darbion,35,183,65,65,240000,49,68,69,69,63,57,,,,,,,,,,,,,,,,,,,,,68,69,69,63,57
T. McMahon,33,180,65,65,240000,66,46,59,60,65,71,,,,,,,,,,,,,,,,,,,,,46,59,60,65,71
J. Martins Pereira,33,182,65,65,240000,61,48,62,63,64,65,,,,,,,,,,,,,,,,,,,,,48,62,63,64,65
A. Lienhart,33,183,65,65,240000,59,50,63,63,64,68,,,,,,,,,,,,,,,,,,,,,50,63,63,64,68
A. Raineau,33,178,65,65,240000,55,48,60,62,65,71,,,,,,,,,,,,,,,,,,,,,48,60,62,65,71
C. Kum,33,182,65,65,240000,59,40,56,58,67,72,,,,,,,,,,,,,,,,,,,,,40,56,58,67,72
R. Ruiz,33,175,65,65,240000,68,57,61,65,60,70,,,,,,,,,,,,,,,,,,,,,57,61,65,60,70
M. Papadopulos,34,183,64,64,240000,58,63,55,56,39,66,,,,,,,,,,,,,,,,,,,,,63,55,56,39,66
M. Mancosu,34,182,64,64,240000,69,65,51,60,24,61,,,,,,,,,,,,,,,,,,,,,65,51,60,24,61
J. Tosik,32,182,63,63,240000,53,46,56,57,60,71,,,,,,,,,,,,,,,,,,,,,46,56,57,60,71
A. Sheehan,32,180,63,63,240000,55,50,63,54,61,63,,,,,,,,,,,,,,,,,,,,,50,63,54,61,63
M. Palionis,32,194,63,63,240000,30,33,45,39,63,68,,,,,,,,,,,,,,,,,,,,,33,45,39,63,68
Kim Keun Hoan,32,193,63,63,240000,49,50,57,52,59,70,,,,,,,,,,,,,,,,,,,,,50,57,52,59,70
U. Korun,32,188,63,63,240000,41,29,43,41,63,69,,,,,,,,,,,,,,,,,,,,,29,43,41,63,69
C. Andrew,32,188,62,62,240000,69,57,53,56,46,81,,,,,,,,,,,,,,,,,,,,,57,53,56,46,81
S. Vincent,32,174,62,62,240000,77,58,60,60,38,53,,,,,,,,,,,,,,,,,,,,,58,60,60,38,53
A. Marciniak,30,186,62,62,240000,72,51,54,54,59,76,,,,,,,,,,,,,,,,,,,,,51,54,54,59,76
M. Green,32,184,62,62,240000,80,60,51,60,40,69,,,,,,,,,,,,,,,,,,,,,60,51,60,40,69
I. Bermingham,30,177,62,62,240000,69,52,57,58,57,70,,,,,,,,,,,,,,,,,,,,,52,57,58,57,70
Ko Kyung Min,32,177,62,62,240000,64,60,54,67,51,61,,,,,,,,,,,,,,,,,,,,,60,54,67,51,61
N. Gotfredsen,30,185,62,62,240000,73,57,57,56,60,68,,,,,,,,,,,,,,,,,,,,,57,57,56,60,68
Jiang Zhe,30,179,62,62,240000,52,49,55,60,62,70,,,,,,,,,,,,,,,,,,,,,49,55,60,62,70
J. Solberg,30,191,62,62,240000,52,51,65,53,59,73,,,,,,,,,,,,,,,,,,,,,51,65,53,59,73
M. Uğurlu,30,177,62,62,240000,75,35,52,65,59,57,,,,,,,,,,,,,,,,,,,,,35,52,65,59,57
D. Ferretti,32,170,62,62,240000,75,62,53,61,27,53,,,,,,,,,,,,,,,,,,,,,62,53,61,27,53
Lei Yongchi,30,175,61,61,240000,62,57,57,63,40,61,,,,,,,,,,,,,,,,,,,,,57,57,63,40,61
O. Sveen,29,181,61,61,240000,74,60,55,59,56,66,,,,,,,,,,,,,,,,,,,,,60,55,59,56,66
J. Thorsen,29,184,61,61,240000,65,50,59,59,61,71,,,,,,,,,,,,,,,,,,,,,50,59,59,61,71
N. Atangana,29,187,61,61,240000,68,47,56,58,60,78,,,,,,,,,,,,,,,,,,,,,47,56,58,60,78
Wang Wei,30,183,61,61,240000,71,45,57,61,44,63,,,,,,,,,,,,,,,,,,,,,45,57,61,44,63
Ma Xingyu,29,181,61,61,240000,64,40,53,57,63,67,,,,,,,,,,,,,,,,,,,,,40,53,57,63,67
D. Love,24,178,60,65,240000,69,31,49,56,59,60,,,,,,,,,,,,,,,,,,,,,31,49,56,59,60
S. Joss,24,179,60,65,240000,78,28,40,55,54,61,,,,,,,,,,,,,,,,,,,,,28,40,55,54,61
R. Takano,24,171,60,65,240000,72,38,51,62,53,66,,,,,,,,,,,,,,,,,,,,,38,51,62,53,66
S. Kchouk,25,182,60,65,240000,74,28,49,57,59,62,,,,,,,,,,,,,,,,,,,,,28,49,57,59,62
E. Wiemberg,25,178,60,65,240000,64,36,52,57,58,51,,,,,,,,,,,,,,,,,,,,,36,52,57,58,51
K. Hodžić,24,179,60,65,240000,61,32,54,59,57,56,,,,,,,,,,,,,,,,,,,,,32,54,59,57,56
J. Marx,24,171,60,65,240000,76,38,48,61,52,53,,,,,,,,,,,,,,,,,,,,,38,48,61,52,53
K. Nitzlnader,26,177,60,64,240000,65,25,52,53,60,60,,,,,,,,,,,,,,,,,,,,,25,52,53,60,60
J. Simonsen,23,184,60,64,240000,83,49,50,62,53,60,,,,,,,,,,,,,,,,,,,,,49,50,62,53,60
Ye Chongqiu,26,178,60,64,240000,66,54,57,47,57,60,,,,,,,,,,,,,,,,,,,,,54,57,47,57,60
J. Brophy,24,180,60,64,240000,77,48,55,62,54,61,,,,,,,,,,,,,,,,,,,,,48,55,62,54,61
J. Tratt,24,190,60,64,240000,64,42,52,57,58,74,,,,,,,,,,,,,,,,,,,,,42,52,57,58,74
Long Cheng,24,186,60,64,240000,68,39,50,57,58,70,,,,,,,,,,,,,,,,,,,,,39,50,57,58,70
A. Al Najai,24,170,60,64,240000,57,46,54,60,59,58,,,,,,,,,,,,,,,,,,,,,46,54,60,59,58
Lee Ji Hoon,25,176,60,64,240000,74,26,45,53,60,60,,,,,,,,,,,,,,,,,,,,,26,45,53,60,60
D. Dumitrașcu,24,182,60,64,240000,60,36,54,55,57,66,,,,,,,,,,,,,,,,,,,,,36,54,55,57,66
M. Al Najai,25,173,60,63,240000,63,46,53,61,57,62,,,,,,,,,,,,,,,,,,,,,46,53,61,57,62
A. Yussuf,27,185,60,61,240000,75,58,41,57,20,61,,,,,,,,,,,,,,,,,,,,,58,41,57,20,61
B. Garcés,26,175,60,61,240000,72,59,47,65,27,67,,,,,,,,,,,,,,,,,,,,,59,47,65,27,67
T. Mokwa,26,181,60,61,240000,67,46,55,61,56,61,,,,,,,,,,,,,,,,,,,,,46,55,61,56,61
Wang Weicheng,27,180,60,61,240000,64,53,53,59,50,66,,,,,,,,,,,,,,,,,,,,,53,53,59,50,66
K. Nakami,27,177,60,61,240000,77,50,53,65,26,56,,,,,,,,,,,,,,,,,,,,,50,53,65,26,56
F. Pangop,26,177,60,61,240000,85,59,49,62,24,57,,,,,,,,,,,,,,,,,,,,,59,49,62,24,57
T. Kallevåg,26,179,60,61,240000,67,54,56,61,28,57,,,,,,,,,,,,,,,,,,,,,54,56,61,28,57
H. Pritchard,26,183,60,61,240000,70,51,57,63,45,47,,,,,,,,,,,,,,,,,,,,,51,57,63,45,47
L. Dumitriu,26,178,60,61,240000,58,54,57,59,56,67,,,,,,,,,,,,,,,,,,,,,54,57,59,56,67
C. O'Toole,21,175,59,70,240000,77,32,47,62,55,55,,,,,,,,,,,,,,,,,,,,,32,47,62,55,55
M. Puerta,22,172,59,70,240000,66,24,40,58,51,53,,,,,,,,,,,,,,,,,,,,,24,40,58,51,53
J. Behounek,21,180,59,70,240000,64,34,47,56,57,55,,,,,,,,,,,,,,,,,,,,,34,47,56,57,55
A. Abdallah,21,170,59,70,240000,77,33,49,58,55,60,,,,,,,,,,,,,,,,,,,,,33,49,58,55,60
G. Kakudji,19,192,59,70,240000,75,35,54,60,54,62,,,,,,,,,,,,,,,,,,,,,35,54,60,54,62
A. Hassoun,22,177,59,70,240000,74,37,48,56,55,61,,,,,,,,,,,,,,,,,,,,,37,48,56,55,61
J. Lozano,20,170,59,70,240000,70,37,51,60,58,50,,,,,,,,,,,,,,,,,,,,,37,51,60,58,50
P. Wienhoven,19,180,59,69,240000,66,46,56,60,45,59,,,,,,,,,,,,,,,,,,,,,46,56,60,45,59
L. Armstrong,22,185,59,68,240000,71,57,41,58,24,65,,,,,,,,,,,,,,,,,,,,,57,41,58,24,65
E. Robson,22,178,59,68,240000,63,55,60,61,54,59,,,,,,,,,,,,,,,,,,,,,55,60,61,54,59
A. Wright,22,183,59,68,240000,78,58,50,59,25,59,,,,,,,,,,,,,,,,,,,,,58,50,59,25,59
N. Femia,22,180,59,68,240000,66,54,57,61,49,58,,,,,,,,,,,,,,,,,,,,,54,57,61,49,58
R. Cole,21,178,59,68,240000,67,57,60,62,45,61,,,,,,,,,,,,,,,,,,,,,57,60,62,45,61
A. Al Aryani,23,173,59,68,240000,74,57,46,62,33,59,,,,,,,,,,,,,,,,,,,,,57,46,62,33,59
T. Holland,22,171,59,68,240000,63,54,60,63,44,47,,,,,,,,,,,,,,,,,,,,,54,60,63,44,47
B. Mathis,21,178,59,68,240000,59,59,47,61,22,63,,,,,,,,,,,,,,,,,,,,,59,47,61,22,63
Joo Hyun Ho,23,184,59,68,240000,84,53,43,61,24,46,,,,,,,,,,,,,,,,,,,,,53,43,61,24,46
R. Takae,21,171,59,68,240000,51,45,53,62,51,55,,,,,,,,,,,,,,,,,,,,,45,53,62,51,55
M. Ebiye,22,185,59,68,240000,89,54,52,60,34,64,,,,,,,,,,,,,,,,,,,,,54,52,60,34,64
C. Galvin,23,172,59,68,240000,77,45,54,62,39,53,,,,,,,,,,,,,,,,,,,,,45,54,62,39,53
D. Kelly,23,183,59,68,240000,70,50,53,59,35,46,,,,,,,,,,,,,,,,,,,,,50,53,59,35,46
D. Salanovic,23,178,59,68,240000,71,57,53,64,31,44,,,,,,,,,,,,,,,,,,,,,57,53,64,31,44
A. Önal,23,180,59,68,240000,52,61,43,61,22,49,,,,,,,,,,,,,,,,,,,,,61,43,61,22,49
O. Nowak,21,180,59,68,240000,69,55,42,61,21,61,,,,,,,,,,,,,,,,,,,,,55,42,61,21,61
F. Manzo,20,174,59,68,240000,67,48,56,63,36,51,,,,,,,,,,,,,,,,,,,,,48,56,63,36,51
L. Calderón,21,175,59,68,240000,71,59,44,61,21,47,,,,,,,,,,,,,,,,,,,,,59,44,61,21,47
D. O'Connor,22,173,59,68,240000,75,54,55,61,40,62,,,,,,,,,,,,,,,,,,,,,54,55,61,40,62
J. Murtin,22,178,59,68,240000,63,49,58,61,46,52,,,,,,,,,,,,,,,,,,,,,49,58,61,46,52
E. Zubak,21,183,59,68,240000,59,58,40,56,19,61,,,,,,,,,,,,,,,,,,,,,58,40,56,19,61
D. Aravena,22,178,59,68,240000,66,45,56,55,49,60,,,,,,,,,,,,,,,,,,,,,45,56,55,49,60
Vidorreta,23,175,59,68,240000,65,55,62,60,46,53,,,,,,,,,,,,,,,,,,,,,55,62,60,46,53
L. Gabbichler,21,186,59,68,240000,64,55,58,58,41,63,,,,,,,,,,,,,,,,,,,,,55,58,58,41,63
Y. Oyanedel,18,170,58,78,240000,75,39,53,58,52,65,,,,,,,,,,,,,,,,,,,,,39,53,58,52,65
I. Smith,20,174,58,71,240000,64,43,57,61,53,46,,,,,,,,,,,,,,,,,,,,,43,57,61,53,46
C. Zavala,19,172,58,71,240000,68,47,56,56,36,42,,,,,,,,,,,,,,,,,,,,,47,56,56,36,42
A. Pérez,38,180,69,69,230000,42,60,64,61,67,70,,,,,,,,,,,,,,,,,,,,,60,64,61,67,70
M. Marić,35,188,67,67,230000,32,54,49,45,68,73,,,,,,,,,,,,,,,,,,,,,54,49,45,68,73
Iñaki Astiz,35,184,67,67,230000,48,26,46,42,66,63,,,,,,,,,,,,,,,,,,,,,26,46,42,66,63
M. Halsti,35,185,67,67,230000,32,46,62,51,65,70,,,,,,,,,,,,,,,,,,,,,46,62,51,65,70
Felipe Saad,35,187,67,67,230000,54,48,45,50,68,66,,,,,,,,,,,,,,,,,,,,,48,45,50,68,66
L. Pagliarulo,35,187,67,67,230000,42,44,42,46,67,68,,,,,,,,,,,,,,,,,,,,,44,42,46,67,68
M. Zenteno,35,173,67,67,230000,53,40,57,58,67,64,,,,,,,,,,,,,,,,,,,,,40,57,58,67,64
Chris Farminhão,35,187,67,67,230000,51,51,61,52,66,68,,,,,,,,,,,,,,,,,,,,,51,61,52,66,68
Linares,36,181,66,66,230000,61,65,55,62,42,68,,,,,,,,,,,,,,,,,,,,,65,55,62,42,68
J. Bornstein,34,175,66,66,230000,66,54,61,65,67,66,,,,,,,,,,,,,,,,,,,,,54,61,65,67,66
L. Grimi,34,183,66,66,230000,54,62,63,64,68,70,,,,,,,,,,,,,,,,,,,,,62,63,64,68,70
R. Cereceda,34,173,66,66,230000,67,51,63,66,63,64,,,,,,,,,,,,,,,,,,,,,51,63,66,63,64
J. Castro,34,175,66,66,230000,78,49,58,62,61,74,,,,,,,,,,,,,,,,,,,,,49,58,62,61,74
S. Yamamoto,34,180,66,66,230000,58,45,66,66,64,71,,,,,,,,,,,,,,,,,,,,,45,66,66,64,71
A. Bruno,35,180,65,65,230000,41,48,62,62,62,68,,,,,,,,,,,,,,,,,,,,,48,62,62,62,68
J. Borring,34,193,64,64,230000,67,59,62,61,39,67,,,,,,,,,,,,,,,,,,,,,59,62,61,39,67
Lu Lin,34,168,64,64,230000,60,63,64,69,54,47,,,,,,,,,,,,,,,,,,,,,63,64,69,54,47
D. Jones,32,188,63,63,230000,76,47,62,60,55,74,,,,,,,,,,,,,,,,,,,,,47,62,60,55,74
Rong Hao,32,177,63,63,230000,69,44,59,62,58,67,,,,,,,,,,,,,,,,,,,,,44,59,62,58,67
C. Hidalgo,33,184,63,63,230000,61,58,51,67,39,57,,,,,,,,,,,,,,,,,,,,,58,51,67,39,57
J. Byrom,32,183,62,62,230000,37,57,65,58,50,68,,,,,,,,,,,,,,,,,,,,,57,65,58,50,68
A. Danch,31,180,62,62,230000,49,47,50,57,59,68,,,,,,,,,,,,,,,,,,,,,47,50,57,59,68
Yang Shanping,31,188,62,62,230000,50,37,43,53,59,71,,,,,,,,,,,,,,,,,,,,,37,43,53,59,71
J. Smith,32,184,62,62,230000,64,61,61,61,55,68,,,,,,,,,,,,,,,,,,,,,61,61,61,55,68
M. Bartley,32,180,62,62,230000,56,46,57,61,64,81,,,,,,,,,,,,,,,,,,,,,46,57,61,64,81
N. Salazar,31,197,62,62,230000,32,40,58,49,61,76,,,,,,,,,,,,,,,,,,,,,40,58,49,61,76
Yeo Seong Hae,31,186,62,62,230000,47,26,28,33,63,66,,,,,,,,,,,,,,,,,,,,,26,28,33,63,66
Túlio Nevinha,31,188,62,62,230000,62,38,45,36,63,70,,,,,,,,,,,,,,,,,,,,,38,45,36,63,70
Park Sun Yong,30,173,61,61,230000,63,33,61,60,58,68,,,,,,,,,,,,,,,,,,,,,33,61,60,58,68
S. Lewicki,31,193,61,61,230000,48,62,46,52,45,69,,,,,,,,,,,,,,,,,,,,,62,46,52,45,69
C. Quenum,26,182,60,63,230000,82,27,35,41,58,63,,,,,,,,,,,,,,,,,,,,,27,35,41,58,63
H. Mitsumaru,25,172,60,63,230000,76,29,51,56,54,62,,,,,,,,,,,,,,,,,,,,,29,51,56,54,62
J. Montaño,26,170,60,63,230000,75,52,51,59,55,69,,,,,,,,,,,,,,,,,,,,,52,51,59,55,69
A. Abdellaoui,26,183,60,63,230000,65,31,51,50,62,63,,,,,,,,,,,,,,,,,,,,,31,51,50,62,63
J. Grzesik,24,178,60,63,230000,77,31,50,50,54,62,,,,,,,,,,,,,,,,,,,,,31,50,50,54,62
N. Al Muwallad,26,176,60,62,230000,70,41,51,59,58,66,,,,,,,,,,,,,,,,,,,,,41,51,59,58,66
C. Clifford,27,173,60,61,230000,63,59,61,58,52,61,,,,,,,,,,,,,,,,,,,,,59,61,58,52,61
D. Cawley,27,178,60,61,230000,58,55,57,59,56,65,,,,,,,,,,,,,,,,,,,,,55,57,59,56,65
M. Attiyah,27,168,60,61,230000,66,56,56,64,44,61,,,,,,,,,,,,,,,,,,,,,56,56,64,44,61
F. Michel,27,172,60,61,230000,72,46,61,66,48,45,,,,,,,,,,,,,,,,,,,,,46,61,66,48,45
T. Nichols,25,178,60,60,230000,72,59,51,61,24,49,,,,,,,,,,,,,,,,,,,,,59,51,61,24,49
J. Blyth,26,191,60,60,230000,50,61,44,52,35,70,,,,,,,,,,,,,,,,,,,,,61,44,52,35,70
M. Rose,23,188,59,69,230000,54,28,51,47,60,54,,,,,,,,,,,,,,,,,,,,,28,51,47,60,54
R. Wintle,22,180,59,69,230000,62,51,57,61,55,60,,,,,,,,,,,,,,,,,,,,,51,57,61,55,60
C. James,21,183,59,69,230000,70,40,52,56,57,60,,,,,,,,,,,,,,,,,,,,,40,52,56,57,60
F. Horsfall,22,190,59,69,230000,59,32,43,39,57,67,,,,,,,,,,,,,,,,,,,,,32,43,39,57,67
H. Odoffin,21,191,59,69,230000,76,33,46,55,55,61,,,,,,,,,,,,,,,,,,,,,33,46,55,55,61
I. Diallo,22,178,59,69,230000,67,36,45,55,58,57,,,,,,,,,,,,,,,,,,,,,36,45,55,58,57
A. Al Dawsari,21,178,59,69,230000,62,37,54,57,54,63,,,,,,,,,,,,,,,,,,,,,37,54,57,54,63
D. Rojano,22,175,59,69,230000,57,42,53,54,56,64,,,,,,,,,,,,,,,,,,,,,42,53,54,56,64
J. Brown,21,178,59,69,230000,70,30,47,57,55,67,,,,,,,,,,,,,,,,,,,,,30,47,57,55,67
Asier,21,175,59,69,230000,57,32,43,58,58,53,,,,,,,,,,,,,,,,,,,,,32,43,58,58,53
S. Bone,20,183,59,69,230000,54,34,51,58,59,61,,,,,,,,,,,,,,,,,,,,,34,51,58,59,61
M. Al Majhad,22,176,59,69,230000,69,52,56,63,51,65,,,,,,,,,,,,,,,,,,,,,52,56,63,51,65
T. Sainte-Luce,20,181,59,69,230000,69,39,53,57,53,48,,,,,,,,,,,,,,,,,,,,,39,53,57,53,48
S. Belkahia,20,192,59,69,230000,56,37,36,36,55,73,,,,,,,,,,,,,,,,,,,,,37,36,36,55,73
T. Kircher,20,180,59,69,230000,78,24,44,57,57,47,,,,,,,,,,,,,,,,,,,,,24,44,57,57,47
Julio Alonso,20,171,59,69,230000,68,36,48,57,57,57,,,,,,,,,,,,,,,,,,,,,36,48,57,57,57
F. Borța,20,175,59,69,230000,77,35,47,57,55,54,,,,,,,,,,,,,,,,,,,,,35,47,57,55,54
F. Lesniak,23,176,59,67,230000,49,52,56,58,53,63,,,,,,,,,,,,,,,,,,,,,52,56,58,53,63
G. Berggren,21,180,59,67,230000,58,45,53,57,59,73,,,,,,,,,,,,,,,,,,,,,45,53,57,59,73
A. Södlund,22,185,59,67,230000,66,56,53,62,49,66,,,,,,,,,,,,,,,,,,,,,56,53,62,49,66
C. Guy,22,178,59,67,230000,66,49,57,60,55,60,,,,,,,,,,,,,,,,,,,,,49,57,60,55,60
J. Kristoffersen,22,198,59,67,230000,47,55,45,52,32,67,,,,,,,,,,,,,,,,,,,,,55,45,52,32,67
K. Velde,19,179,59,67,230000,72,55,43,61,23,57,,,,,,,,,,,,,,,,,,,,,55,43,61,23,57
D. Martinović,22,179,59,67,230000,78,53,39,65,20,58,,,,,,,,,,,,,,,,,,,,,53,39,65,20,58
K. Ødemarksbakken,23,181,59,67,230000,71,52,54,59,42,55,,,,,,,,,,,,,,,,,,,,,52,54,59,42,55
D. Chambost,21,177,59,67,230000,64,51,61,59,40,45,,,,,,,,,,,,,,,,,,,,,51,61,59,40,45
B. Rojas,21,182,59,67,230000,72,58,45,61,21,53,,,,,,,,,,,,,,,,,,,,,58,45,61,21,53
C. Euschen,21,185,59,67,230000,69,53,50,64,26,60,,,,,,,,,,,,,,,,,,,,,53,50,64,26,60
D. Dugourd,23,194,59,67,230000,52,59,37,49,25,71,,,,,,,,,,,,,,,,,,,,,59,37,49,25,71
C. Gyeboaho,22,196,59,67,230000,62,49,56,61,56,73,,,,,,,,,,,,,,,,,,,,,49,56,61,56,73
R. Sila,21,185,59,67,230000,73,60,51,61,27,56,,,,,,,,,,,,,,,,,,,,,60,51,61,27,56
R. Arnold,22,190,58,71,230000,50,35,49,50,57,68,,,,,,,,,,,,,,,,,,,,,35,49,50,57,68
O. Kakay,21,180,58,71,230000,73,26,40,59,58,55,,,,,,,,,,,,,,,,,,,,,26,40,59,58,55
J. Evans,21,178,58,71,230000,57,44,54,57,57,54,,,,,,,,,,,,,,,,,,,,,44,54,57,57,54
Javi López,18,175,58,71,230000,64,55,59,60,48,54,,,,,,,,,,,,,,,,,,,,,55,59,60,48,54
Y. Letard,20,188,58,71,230000,73,24,33,43,56,67,,,,,,,,,,,,,,,,,,,,,24,33,43,56,67
F. Almada,20,178,58,71,230000,54,30,38,43,59,59,,,,,,,,,,,,,,,,,,,,,30,38,43,59,59
M. Zaiser,20,176,58,71,230000,65,42,49,59,56,62,,,,,,,,,,,,,,,,,,,,,42,49,59,56,62
D. Grözinger,20,181,58,71,230000,62,30,51,46,59,56,,,,,,,,,,,,,,,,,,,,,30,51,46,59,56
R. Zuijderwijk,18,176,58,71,230000,64,52,56,63,34,40,,,,,,,,,,,,,,,,,,,,,52,56,63,34,40
R. Holden,21,169,58,70,230000,75,51,53,61,33,42,,,,,,,,,,,,,,,,,,,,,51,53,61,33,42
Gabi,21,175,58,70,230000,56,43,62,61,46,48,,,,,,,,,,,,,,,,,,,,,43,62,61,46,48
L. Tempelmann,20,174,58,70,230000,55,36,56,61,56,50,,,,,,,,,,,,,,,,,,,,,36,56,61,56,50
J. Rowland,17,165,57,80,230000,72,48,53,59,34,54,,,,,,,,,,,,,,,,,,,,,48,53,59,34,54
M. Daramy,17,180,57,79,230000,79,52,42,66,16,56,,,,,,,,,,,,,,,,,,,,,52,42,66,16,56
J. Gelhardt,17,175,57,78,230000,64,56,50,57,24,49,,,,,,,,,,,,,,,,,,,,,56,50,57,24,49
J. Bowler,20,175,57,75,230000,57,55,49,63,30,47,,,,,,,,,,,,,,,,,,,,,55,49,63,30,47
T. Bakinson,20,191,57,74,230000,64,50,52,61,47,63,,,,,,,,,,,,,,,,,,,,,50,52,61,47,63
J. Sbarra,20,168,57,74,230000,66,55,55,59,46,52,,,,,,,,,,,,,,,,,,,,,55,55,59,46,52
L. Kunga,20,173,57,74,230000,70,50,50,65,27,40,,,,,,,,,,,,,,,,,,,,,50,50,65,27,40
M. Napa,20,168,57,74,230000,82,40,50,58,34,43,,,,,,,,,,,,,,,,,,,,,40,50,58,34,43
B. Lasme,20,192,57,73,230000,74,54,44,55,23,66,,,,,,,,,,,,,,,,,,,,,54,44,55,23,66
H. Al Geed,21,165,57,72,230000,76,48,46,63,24,34,,,,,,,,,,,,,,,,,,,,,48,46,63,24,34
D. Duncan,20,173,57,72,230000,71,48,58,60,48,51,,,,,,,,,,,,,,,,,,,,,48,58,60,48,51
L. Burgess,20,178,57,72,230000,71,50,55,60,41,50,,,,,,,,,,,,,,,,,,,,,50,55,60,41,50
C. Gutiérrez,20,177,57,72,230000,52,48,58,61,33,52,,,,,,,,,,,,,,,,,,,,,48,58,61,33,52
S. Jamieson,20,180,57,72,230000,66,57,51,57,30,68,,,,,,,,,,,,,,,,,,,,,57,51,57,30,68
S. McWilliams,20,180,57,71,230000,69,43,55,59,53,63,,,,,,,,,,,,,,,,,,,,,43,55,59,53,63
R. Pyke,21,183,57,71,230000,77,53,38,57,24,59,,,,,,,,,,,,,,,,,,,,,53,38,57,24,59
A. Zeka,20,192,57,71,230000,52,60,50,66,30,48,,,,,,,,,,,,,,,,,,,,,60,50,66,30,48
J. Morton,20,185,57,71,230000,66,45,54,58,50,66,,,,,,,,,,,,,,,,,,,,,45,54,58,50,66
S. Al Selouli,21,168,57,71,230000,73,45,51,60,43,43,,,,,,,,,,,,,,,,,,,,,45,51,60,43,43
V. Glaentzlin,21,185,57,71,230000,72,56,41,51,27,56,,,,,,,,,,,,,,,,,,,,,56,41,51,27,56
N. Al Farshan,20,166,57,71,230000,64,47,52,61,53,56,,,,,,,,,,,,,,,,,,,,,47,52,61,53,56
M. El Idrissy,20,181,57,71,230000,66,55,47,50,22,50,,,,,,,,,,,,,,,,,,,,,55,47,50,22,50
F. González,20,179,57,71,230000,68,49,55,59,52,52,,,,,,,,,,,,,,,,,,,,,49,55,59,52,52
D. Steczyk,20,185,57,71,230000,62,56,41,55,21,55,,,,,,,,,,,,,,,,,,,,,56,41,55,21,55
D. Pawłowski,20,185,57,71,230000,67,50,53,54,38,50,,,,,,,,,,,,,,,,,,,,,50,53,54,38,50
P. Álvarez,35,178,67,67,220000,55,53,64,62,66,76,,,,,,,,,,,,,,,,,,,,,53,64,62,66,76
Claytisco Branco,35,184,67,67,220000,62,52,62,55,71,66,,,,,,,,,,,,,,,,,,,,,52,62,55,71,66
Fred Soidares,35,190,67,67,220000,66,53,54,56,69,71,,,,,,,,,,,,,,,,,,,,,53,54,56,69,71
D. Braaten,37,184,66,66,220000,63,64,66,67,51,70,,,,,,,,,,,,,,,,,,,,,64,66,67,51,70
C. Espinosa,36,172,66,66,220000,41,58,68,66,32,41,,,,,,,,,,,,,,,,,,,,,58,68,66,32,41
J. Perch,33,180,64,64,220000,53,47,59,59,62,69,,,,,,,,,,,,,,,,,,,,,47,59,59,62,69
L. Piątek,33,180,64,64,220000,39,61,62,61,60,66,,,,,,,,,,,,,,,,,,,,,61,62,61,60,66
R. Vincelot,33,177,64,64,220000,57,53,58,58,62,76,,,,,,,,,,,,,,,,,,,,,53,58,58,62,76
K. Bülow,33,188,64,64,220000,31,42,56,50,66,70,,,,,,,,,,,,,,,,,,,,,42,56,50,66,70
D. MacKinnon,33,178,64,64,220000,46,51,52,56,61,85,,,,,,,,,,,,,,,,,,,,,51,52,56,61,85
F. Melara,33,188,63,63,220000,68,51,61,63,49,71,,,,,,,,,,,,,,,,,,,,,51,61,63,49,71
M. Andersen,33,179,63,63,220000,67,58,60,62,45,68,,,,,,,,,,,,,,,,,,,,,58,60,62,45,68
H. Radetinac,33,187,63,63,220000,55,59,63,65,46,61,,,,,,,,,,,,,,,,,,,,,59,63,65,46,61
L. Nizzetto,33,176,63,63,220000,69,60,62,66,46,55,,,,,,,,,,,,,,,,,,,,,60,62,66,46,55
S. Tomita,33,169,63,63,220000,41,35,61,62,64,62,,,,,,,,,,,,,,,,,,,,,35,61,62,64,62
C. Daniel,31,180,62,62,220000,75,57,57,64,56,72,,,,,,,,,,,,,,,,,,,,,57,57,64,56,72
M. Solheim,31,178,62,62,220000,66,47,57,58,57,72,,,,,,,,,,,,,,,,,,,,,47,57,58,57,72
W. Suwayyid,31,174,62,62,220000,72,49,59,59,55,73,,,,,,,,,,,,,,,,,,,,,49,59,59,55,73
M. Kühne,31,179,62,62,220000,64,33,51,59,62,66,,,,,,,,,,,,,,,,,,,,,33,51,59,62,66
D. Tătar,31,173,62,62,220000,64,30,56,53,59,72,,,,,,,,,,,,,,,,,,,,,30,56,53,59,72
J. McGlashan,31,170,61,61,220000,81,50,53,64,32,45,,,,,,,,,,,,,,,,,,,,,50,53,64,32,45
Feng Renliang,31,181,61,61,220000,74,53,52,65,30,54,,,,,,,,,,,,,,,,,,,,,53,52,65,30,54
Choi Hyun Tae,31,179,61,61,220000,67,63,61,60,60,72,,,,,,,,,,,,,,,,,,,,,63,61,60,60,72
M. Al Qarni,29,174,61,61,220000,61,50,53,56,59,68,,,,,,,,,,,,,,,,,,,,,50,53,56,59,68
A. Khrees,28,178,61,61,220000,69,50,53,57,58,70,,,,,,,,,,,,,,,,,,,,,50,53,57,58,70
A. Majrashi,27,162,61,61,220000,78,30,49,60,58,60,,,,,,,,,,,,,,,,,,,,,30,49,60,58,60
C. Elliott,28,185,61,61,220000,76,56,56,62,58,73,,,,,,,,,,,,,,,,,,,,,56,56,62,58,73
K. Garcia,28,188,61,61,220000,33,21,41,33,60,69,,,,,,,,,,,,,,,,,,,,,21,41,33,60,69
P. Di Nardo,29,175,61,61,220000,58,45,55,59,58,69,,,,,,,,,,,,,,,,,,,,,45,55,59,58,69
N. Bădic,27,181,61,61,220000,64,24,45,52,61,61,,,,,,,,,,,,,,,,,,,,,24,45,52,61,61
O. Ceylan,28,174,61,61,220000,68,30,45,60,61,59,,,,,,,,,,,,,,,,,,,,,30,45,60,61,59
D. Novac,31,180,61,61,220000,63,48,58,61,46,59,,,,,,,,,,,,,,,,,,,,,48,58,61,46,59
D. Cole,27,189,60,63,220000,54,28,49,49,55,72,,,,,,,,,,,,,,,,,,,,,28,49,49,55,72
J. Smith,27,193,60,63,220000,66,30,41,46,56,74,,,,,,,,,,,,,,,,,,,,,30,41,46,56,74
A. Barry,26,181,60,62,220000,44,36,49,49,57,68,,,,,,,,,,,,,,,,,,,,,36,49,49,57,68
C. Brown,25,174,60,62,220000,72,44,55,59,54,61,,,,,,,,,,,,,,,,,,,,,44,55,59,54,61
Pei Shuai,26,185,60,62,220000,72,38,52,47,58,66,,,,,,,,,,,,,,,,,,,,,38,52,47,58,66
H. Al Jayzani,26,173,60,62,220000,76,35,47,53,55,67,,,,,,,,,,,,,,,,,,,,,35,47,53,55,67
Wang Fei,26,175,60,62,220000,79,53,50,60,54,64,,,,,,,,,,,,,,,,,,,,,53,50,60,54,64
Park Won Jae,25,175,60,62,220000,69,35,45,58,57,62,,,,,,,,,,,,,,,,,,,,,35,45,58,57,62
S. Neurauter,27,185,60,62,220000,46,33,40,41,56,70,,,,,,,,,,,,,,,,,,,,,33,40,41,56,70
A. Maadi,25,178,60,62,220000,72,34,48,55,56,62,,,,,,,,,,,,,,,,,,,,,34,48,55,56,62
C. Crialese,26,179,60,62,220000,66,37,43,57,59,58,,,,,,,,,,,,,,,,,,,,,37,43,57,59,58
L. O'Neil,25,180,60,61,220000,65,38,53,57,56,68,,,,,,,,,,,,,,,,,,,,,38,53,57,56,68
M. Al Bassas,26,172,60,60,220000,54,60,60,64,47,56,,,,,,,,,,,,,,,,,,,,,60,60,64,47,56
S. Céspedes,27,175,60,60,220000,72,53,56,61,25,52,,,,,,,,,,,,,,,,,,,,,53,56,61,25,52
A. Belahmeur,27,178,60,60,220000,69,45,56,63,41,49,,,,,,,,,,,,,,,,,,,,,45,56,63,41,49
J. Igbarumah,27,165,60,60,220000,81,50,53,63,27,50,,,,,,,,,,,,,,,,,,,,,50,53,63,27,50
A. Aberkane,19,176,59,69,220000,66,37,52,62,58,57,,,,,,,,,,,,,,,,,,,,,37,52,62,58,57
T. Ominami,21,184,59,68,220000,83,25,33,33,57,74,,,,,,,,,,,,,,,,,,,,,25,33,33,57,74
K. Rowles,21,183,59,68,220000,66,24,41,37,57,69,,,,,,,,,,,,,,,,,,,,,24,41,37,57,69
H. Shoji,21,187,59,68,220000,72,26,42,36,58,68,,,,,,,,,,,,,,,,,,,,,26,42,36,58,68
M. Centurión,21,193,59,68,220000,50,27,32,39,62,59,,,,,,,,,,,,,,,,,,,,,27,32,39,62,59
C. Gasper,23,183,59,68,220000,68,31,46,50,58,62,,,,,,,,,,,,,,,,,,,,,31,46,50,58,62
Y. Osée,22,194,59,68,220000,70,31,29,29,60,67,,,,,,,,,,,,,,,,,,,,,31,29,29,60,67
R. Opruț,21,181,59,68,220000,69,25,45,50,58,67,,,,,,,,,,,,,,,,,,,,,25,45,50,58,67
J. Tré,21,173,59,68,220000,67,46,51,57,56,63,,,,,,,,,,,,,,,,,,,,,46,51,57,56,63
J. Bridge,23,178,59,66,220000,72,50,58,62,38,53,,,,,,,,,,,,,,,,,,,,,50,58,62,38,53
N. Sandberg,24,183,59,66,220000,70,53,60,63,51,57,,,,,,,,,,,,,,,,,,,,,53,60,63,51,57
L. Sutton,22,180,59,66,220000,67,45,57,60,56,64,,,,,,,,,,,,,,,,,,,,,45,57,60,56,64
F. Lauenborg,22,181,59,66,220000,60,49,58,61,49,57,,,,,,,,,,,,,,,,,,,,,49,58,61,49,57
A. Di Grazia,23,175,59,66,220000,68,57,49,65,23,45,,,,,,,,,,,,,,,,,,,,,57,49,65,23,45
R. de Vos,23,182,59,66,220000,60,50,58,59,53,58,,,,,,,,,,,,,,,,,,,,,50,58,59,53,58
K. Sugimori,22,173,59,66,220000,82,49,48,63,24,43,,,,,,,,,,,,,,,,,,,,,49,48,63,24,43
Oh In-Pyo,22,178,59,66,220000,64,61,50,61,20,57,,,,,,,,,,,,,,,,,,,,,61,50,61,20,57
Gui Hong,24,185,59,66,220000,50,56,53,55,43,77,,,,,,,,,,,,,,,,,,,,,56,53,55,43,77
Yang Liyu,22,181,59,66,220000,76,48,56,59,39,62,,,,,,,,,,,,,,,,,,,,,48,56,59,39,62
S. Sørløkk,22,187,59,66,220000,78,52,53,60,45,69,,,,,,,,,,,,,,,,,,,,,52,53,60,45,69
S. Amin,21,182,59,66,220000,66,40,58,63,48,53,,,,,,,,,,,,,,,,,,,,,40,58,63,48,53
Adrià López,24,165,59,66,220000,80,56,57,65,51,45,,,,,,,,,,,,,,,,,,,,,56,57,65,51,45
M. Mohammed,23,185,59,66,220000,70,58,44,56,20,58,,,,,,,,,,,,,,,,,,,,,58,44,56,20,58
A. Ouhafsa,21,178,59,66,220000,67,61,44,59,20,47,,,,,,,,,,,,,,,,,,,,,61,44,59,20,47
J. Bumbu,20,181,59,66,220000,63,47,57,62,58,59,,,,,,,,,,,,,,,,,,,,,47,57,62,58,59
S. Al Abbas,24,177,59,66,220000,62,58,37,57,17,55,,,,,,,,,,,,,,,,,,,,,58,37,57,17,55
B. Goodship,24,180,59,65,220000,73,56,43,60,19,61,,,,,,,,,,,,,,,,,,,,,56,43,60,19,61
M. Jay,23,169,59,65,220000,77,56,49,64,29,53,,,,,,,,,,,,,,,,,,,,,56,49,64,29,53
N. Jackson,23,185,59,65,220000,76,57,40,56,19,61,,,,,,,,,,,,,,,,,,,,,57,40,56,19,61
M. Mawa,22,182,59,65,220000,80,57,41,57,19,56,,,,,,,,,,,,,,,,,,,,,57,41,57,19,56
C. Antwi,19,169,58,71,220000,84,35,50,60,53,60,,,,,,,,,,,,,,,,,,,,,35,50,60,53,60
J. Debrah,19,191,58,71,220000,65,26,35,39,56,71,,,,,,,,,,,,,,,,,,,,,26,35,39,56,71
U. Godwin-Malife,19,180,58,71,220000,71,32,44,53,56,68,,,,,,,,,,,,,,,,,,,,,32,44,53,56,68
B. Doukansy,19,188,58,71,220000,60,39,51,59,57,62,,,,,,,,,,,,,,,,,,,,,39,51,59,57,62
M. Opfermann Arcones,19,172,58,71,220000,54,45,50,59,57,56,,,,,,,,,,,,,,,,,,,,,45,50,59,57,56
L. Brassier,19,184,58,71,220000,59,31,37,54,62,68,,,,,,,,,,,,,,,,,,,,,31,37,54,62,68
Z. Ould Khaled,19,195,58,71,220000,59,47,54,50,56,68,,,,,,,,,,,,,,,,,,,,,47,54,50,56,68
F. Sagman,19,178,58,71,220000,66,32,37,57,58,57,,,,,,,,,,,,,,,,,,,,,32,37,57,58,57
D. Nussbaumer,19,188,58,70,220000,61,53,54,59,46,60,,,,,,,,,,,,,,,,,,,,,53,54,59,46,60
M. Shinada,19,180,58,70,220000,64,38,56,60,49,55,,,,,,,,,,,,,,,,,,,,,38,56,60,49,55
I. Hutchinson,19,178,58,70,220000,74,53,54,59,33,55,,,,,,,,,,,,,,,,,,,,,53,54,59,33,55
J. Miranda,22,178,58,69,220000,68,59,43,56,20,59,,,,,,,,,,,,,,,,,,,,,59,43,56,20,59
M. López,22,178,58,69,220000,71,42,55,60,32,57,,,,,,,,,,,,,,,,,,,,,42,55,60,32,57
J. Palacios,22,171,58,69,220000,74,41,50,63,31,50,,,,,,,,,,,,,,,,,,,,,41,50,63,31,50
J. Graham,21,187,58,69,220000,73,53,47,58,29,59,,,,,,,,,,,,,,,,,,,,,53,47,58,29,59
M. Bassouamina,21,172,58,69,220000,73,58,45,61,20,55,,,,,,,,,,,,,,,,,,,,,58,45,61,20,55
T. Hara,20,189,58,69,220000,62,53,39,51,25,67,,,,,,,,,,,,,,,,,,,,,53,39,51,25,67
J. Farias,21,178,58,69,220000,61,54,54,62,25,60,,,,,,,,,,,,,,,,,,,,,54,54,62,25,60
N. Balongo,20,187,58,69,220000,81,57,44,59,23,52,,,,,,,,,,,,,,,,,,,,,57,44,59,23,52
L. Cabrera,21,183,58,69,220000,61,52,59,63,51,56,,,,,,,,,,,,,,,,,,,,,52,59,63,51,56
J. Björkengren,20,180,58,69,220000,65,50,53,61,56,63,,,,,,,,,,,,,,,,,,,,,50,53,61,56,63
Y. Diaz,21,188,58,69,220000,62,47,54,55,54,71,,,,,,,,,,,,,,,,,,,,,47,54,55,54,71
L. Buzan,20,170,58,69,220000,73,46,52,59,28,49,,,,,,,,,,,,,,,,,,,,,46,52,59,28,49
R. Zerrouki,21,171,58,69,220000,74,53,58,64,48,45,,,,,,,,,,,,,,,,,,,,,53,58,64,48,45
C. Poshoroğlu,20,171,58,69,220000,66,63,48,64,28,41,,,,,,,,,,,,,,,,,,,,,63,48,64,28,41
S. Giménez,18,182,57,77,220000,52,59,42,49,20,49,,,,,,,,,,,,,,,,,,,,,59,42,49,20,49
T. Dele-Bashiru,19,179,57,76,220000,63,49,53,60,51,59,,,,,,,,,,,,,,,,,,,,,49,53,60,51,59
S. Moreno,19,180,57,76,220000,76,48,53,62,47,57,,,,,,,,,,,,,,,,,,,,,48,53,62,47,57
R. Burton,19,170,57,75,220000,59,46,57,57,40,44,,,,,,,,,,,,,,,,,,,,,46,57,57,40,44
J. Neufville,19,183,57,75,220000,78,54,38,52,19,61,,,,,,,,,,,,,,,,,,,,,54,38,52,19,61
R. Ruiz,19,182,57,75,220000,52,58,44,52,18,54,,,,,,,,,,,,,,,,,,,,,58,44,52,18,54
J. McAtee,19,180,57,74,220000,70,54,50,60,28,49,,,,,,,,,,,,,,,,,,,,,54,50,60,28,49
R. Harker,19,181,57,73,220000,67,55,40,57,27,53,,,,,,,,,,,,,,,,,,,,,55,40,57,27,53
J. Lindstrøm,19,181,57,73,220000,72,49,54,59,42,50,,,,,,,,,,,,,,,,,,,,,49,54,59,42,50
K. Castañeda,19,171,57,72,220000,65,52,54,59,32,49,,,,,,,,,,,,,,,,,,,,,52,54,59,32,49
O. Yaman,19,177,57,72,220000,64,54,52,60,29,42,,,,,,,,,,,,,,,,,,,,,54,52,60,29,42
P. Osterhage,19,184,57,72,220000,67,41,54,62,45,60,,,,,,,,,,,,,,,,,,,,,41,54,62,45,60
S. Matoug,19,179,57,72,220000,61,52,53,60,37,49,,,,,,,,,,,,,,,,,,,,,52,53,60,37,49
I. Reyes,19,178,57,72,220000,65,48,56,56,51,56,,,,,,,,,,,,,,,,,,,,,48,56,56,51,56
O. Uzun,19,185,57,72,220000,52,61,46,53,23,41,,,,,,,,,,,,,,,,,,,,,61,46,53,23,41
C. Morton,19,177,57,71,220000,57,56,46,57,20,42,,,,,,,,,,,,,,,,,,,,,56,46,57,20,42
M. Figueroa,36,181,69,69,210000,54,60,62,62,68,71,,,,,,,,,,,,,,,,,,,,,60,62,62,68,71
L. Guldan,36,183,69,69,210000,31,31,56,52,67,75,,,,,,,,,,,,,,,,,,,,,31,56,52,67,75
Kim Kwang Suk,36,183,69,69,210000,66,42,51,55,68,70,,,,,,,,,,,,,,,,,,,,,42,51,55,68,70
F. Mancinelli,37,181,69,69,210000,35,43,51,59,70,73,,,,,,,,,,,,,,,,,,,,,43,51,59,70,73
D. Ferreira,39,166,67,67,210000,54,60,70,69,51,42,,,,,,,,,,,,,,,,,,,,,60,70,69,51,42
A. Danielsen,34,173,65,65,210000,64,53,61,60,62,72,,,,,,,,,,,,,,,,,,,,,53,61,60,62,72
M. Pfitzner,34,183,65,65,210000,47,61,58,57,63,74,,,,,,,,,,,,,,,,,,,,,61,58,57,63,74
F. Sulmoni,33,182,64,64,210000,37,41,49,51,64,66,,,,,,,,,,,,,,,,,,,,,41,49,51,64,66
Ione Cabrera,33,188,64,64,210000,35,46,53,41,64,67,,,,,,,,,,,,,,,,,,,,,46,53,41,64,67
D. Moxey,33,180,64,64,210000,66,53,58,59,62,71,,,,,,,,,,,,,,,,,,,,,53,58,59,62,71
H. Mizumoto,33,183,64,64,210000,49,36,50,47,63,62,,,,,,,,,,,,,,,,,,,,,36,50,47,63,62
C. Rojas,33,174,64,64,210000,57,36,49,51,65,71,,,,,,,,,,,,,,,,,,,,,36,49,51,65,71
R. Moriwaki,33,177,64,64,210000,54,45,49,55,63,66,,,,,,,,,,,,,,,,,,,,,45,49,55,63,66
Y. Hiraoka,33,183,64,64,210000,41,24,39,40,65,65,,,,,,,,,,,,,,,,,,,,,24,39,40,65,65
Dillson Teixeiro,35,180,64,64,210000,68,59,50,65,37,63,,,,,,,,,,,,,,,,,,,,,59,50,65,37,63
D. Vržogić,29,180,61,61,210000,66,46,56,62,59,59,,,,,,,,,,,,,,,,,,,,,46,56,62,59,59
B. Tozer,29,185,61,61,210000,59,49,48,44,58,80,,,,,,,,,,,,,,,,,,,,,49,48,44,58,80
João Pereira,29,183,61,61,210000,68,42,57,58,59,69,,,,,,,,,,,,,,,,,,,,,42,57,58,59,69
T. Miller,29,176,61,61,210000,54,49,57,55,60,65,,,,,,,,,,,,,,,,,,,,,49,57,55,60,65
Kim Tae Ho,29,182,61,61,210000,67,28,43,54,61,67,,,,,,,,,,,,,,,,,,,,,28,43,54,61,67
Jung Seon Ho,30,182,61,61,210000,45,56,60,61,57,64,,,,,,,,,,,,,,,,,,,,,56,60,61,57,64
Jiang Jihong,29,191,61,61,210000,57,28,38,33,59,71,,,,,,,,,,,,,,,,,,,,,28,38,33,59,71
M. Pleașcă,29,176,61,61,210000,63,27,46,58,59,58,,,,,,,,,,,,,,,,,,,,,27,46,58,59,58
B. Șandru,29,186,61,61,210000,53,30,43,38,60,72,,,,,,,,,,,,,,,,,,,,,30,43,38,60,72
A. Țigănașu,29,179,61,61,210000,68,29,51,50,59,63,,,,,,,,,,,,,,,,,,,,,29,51,50,59,63
S. Bennett,28,178,60,61,210000,39,43,46,52,61,70,,,,,,,,,,,,,,,,,,,,,43,46,52,61,70
K. Buckley,27,180,60,61,210000,55,55,57,58,57,67,,,,,,,,,,,,,,,,,,,,,55,57,58,57,67
D. Jarvis,27,178,60,61,210000,69,37,50,55,58,64,,,,,,,,,,,,,,,,,,,,,37,50,55,58,64
J. Pepper,27,180,60,61,210000,49,46,49,50,58,73,,,,,,,,,,,,,,,,,,,,,46,49,50,58,73
H. Konongo,27,178,60,61,210000,73,33,38,55,64,68,,,,,,,,,,,,,,,,,,,,,33,38,55,64,68
M. Al Rashdi,28,172,60,61,210000,56,39,55,58,53,72,,,,,,,,,,,,,,,,,,,,,39,55,58,53,72
R. Al Radhi,27,180,60,61,210000,55,40,48,49,57,71,,,,,,,,,,,,,,,,,,,,,40,48,49,57,71
A. Melksham,28,190,60,61,210000,50,48,55,52,58,64,,,,,,,,,,,,,,,,,,,,,48,55,52,58,64
J. Cook,29,175,60,60,210000,72,57,58,62,42,63,,,,,,,,,,,,,,,,,,,,,57,58,62,42,63
N. Yamada,28,168,60,60,210000,77,49,53,67,43,68,,,,,,,,,,,,,,,,,,,,,49,53,67,43,68
A. Tutte,28,175,60,60,210000,62,61,59,60,57,64,,,,,,,,,,,,,,,,,,,,,61,59,60,57,64
Yun Ju Tae,29,181,60,60,210000,77,57,56,60,27,64,,,,,,,,,,,,,,,,,,,,,57,56,60,27,64
S. Otayf,28,171,60,60,210000,59,59,57,65,29,62,,,,,,,,,,,,,,,,,,,,,59,57,65,29,62
H. Dunk,28,184,60,60,210000,80,45,52,62,48,62,,,,,,,,,,,,,,,,,,,,,45,52,62,48,62
M. Abu Shararah,28,176,60,60,210000,71,60,48,57,20,65,,,,,,,,,,,,,,,,,,,,,60,48,57,20,65
J. Franzoni,28,180,60,60,210000,65,61,44,60,25,52,,,,,,,,,,,,,,,,,,,,,61,44,60,25,52
H. Ascroft,24,183,59,67,210000,57,31,49,50,57,67,,,,,,,,,,,,,,,,,,,,,31,49,50,57,67
F. Ronstadt,21,179,59,67,210000,71,29,42,55,60,58,,,,,,,,,,,,,,,,,,,,,29,42,55,60,58
C. Kelly,20,191,59,67,210000,52,34,47,50,57,67,,,,,,,,,,,,,,,,,,,,,34,47,50,57,67
A. Kecskés,23,190,59,67,210000,54,31,37,36,59,65,,,,,,,,,,,,,,,,,,,,,31,37,36,59,65
M. Spasić,21,180,59,67,210000,62,35,47,58,59,63,,,,,,,,,,,,,,,,,,,,,35,47,58,59,63
A. Camara,21,195,59,67,210000,62,26,39,42,56,70,,,,,,,,,,,,,,,,,,,,,26,39,42,56,70
N. Sommer,21,179,59,67,210000,71,38,54,60,54,64,,,,,,,,,,,,,,,,,,,,,38,54,60,54,64
R. Hove,23,195,59,67,210000,54,28,39,35,58,67,,,,,,,,,,,,,,,,,,,,,28,39,35,58,67
F. Rüdlin,22,176,59,67,210000,59,45,53,60,54,53,,,,,,,,,,,,,,,,,,,,,45,53,60,54,53
N. Galle,20,186,59,67,210000,74,48,53,60,52,63,,,,,,,,,,,,,,,,,,,,,48,53,60,52,63
J. Bojang,24,183,59,65,210000,79,55,48,63,33,50,,,,,,,,,,,,,,,,,,,,,55,48,63,33,50
J. Coustrain,23,173,59,65,210000,77,51,51,63,33,51,,,,,,,,,,,,,,,,,,,,,51,51,63,33,51
M. Mathisen,23,185,59,65,210000,58,41,53,58,62,74,,,,,,,,,,,,,,,,,,,,,41,53,58,62,74
G. Mells,22,178,59,65,210000,65,41,59,60,53,58,,,,,,,,,,,,,,,,,,,,,41,59,60,53,58
M. Al Shahrani,23,167,59,65,210000,71,54,55,61,51,58,,,,,,,,,,,,,,,,,,,,,54,55,61,51,58
M. Burruchaga,21,174,59,65,210000,63,49,57,58,52,58,,,,,,,,,,,,,,,,,,,,,49,57,58,52,58
A. Perez,23,183,59,65,210000,65,55,53,62,26,52,,,,,,,,,,,,,,,,,,,,,55,53,62,26,52
M. Chelaru,22,185,59,65,210000,58,45,52,57,54,69,,,,,,,,,,,,,,,,,,,,,45,52,57,54,69
J. Papeau,23,179,59,65,210000,63,52,58,62,41,58,,,,,,,,,,,,,,,,,,,,,52,58,62,41,58
L. Vella,22,176,59,65,210000,62,55,57,61,29,42,,,,,,,,,,,,,,,,,,,,,55,57,61,29,42
H. Hope,25,179,59,64,210000,75,60,51,56,22,60,,,,,,,,,,,,,,,,,,,,,60,51,56,22,60
Érico Sousa,24,173,59,64,210000,76,52,54,58,46,57,,,,,,,,,,,,,,,,,,,,,52,54,58,46,57
P. Milde,24,178,59,64,210000,72,52,52,61,46,50,,,,,,,,,,,,,,,,,,,,,52,52,61,46,50
A. Dales,24,181,59,64,210000,75,58,52,61,42,55,,,,,,,,,,,,,,,,,,,,,58,52,61,42,55
V. Yuel,24,182,59,64,210000,87,55,49,59,31,60,,,,,,,,,,,,,,,,,,,,,55,49,59,31,60
J. Sánchez,20,173,59,64,210000,65,44,58,56,48,60,,,,,,,,,,,,,,,,,,,,,44,58,56,48,60
S. Sahiti,24,178,59,64,210000,74,50,53,60,27,53,,,,,,,,,,,,,,,,,,,,,50,53,60,27,53
S. Kaya,23,178,59,63,210000,68,62,43,57,24,53,,,,,,,,,,,,,,,,,,,,,62,43,57,24,53
A. Nadesan,24,188,59,63,210000,66,56,45,57,18,53,,,,,,,,,,,,,,,,,,,,,56,45,57,18,53
O. Rasmussen,21,176,58,70,210000,70,32,52,62,51,51,,,,,,,,,,,,,,,,,,,,,32,52,62,51,51
M. Al Mutlaq,21,165,58,70,210000,74,40,53,59,53,57,,,,,,,,,,,,,,,,,,,,,40,53,59,53,57
L. Hernández,21,182,58,70,210000,62,40,55,56,56,61,,,,,,,,,,,,,,,,,,,,,40,55,56,56,61
K. Sadiki,20,193,58,70,210000,52,33,38,40,59,60,,,,,,,,,,,,,,,,,,,,,33,38,40,59,60
A. Papadopoulos,19,185,58,70,210000,65,27,40,56,58,73,,,,,,,,,,,,,,,,,,,,,27,40,56,58,73
D. Kinumbe,20,173,58,70,210000,73,39,51,63,54,53,,,,,,,,,,,,,,,,,,,,,39,51,63,54,53
I. Lushaku,18,175,58,70,210000,68,41,56,62,47,48,,,,,,,,,,,,,,,,,,,,,41,56,62,47,48
M. Andersson,21,187,58,70,210000,57,29,36,39,58,66,,,,,,,,,,,,,,,,,,,,,29,36,39,58,66
K. Lidin,20,187,58,70,210000,62,46,59,59,55,58,,,,,,,,,,,,,,,,,,,,,46,59,59,55,58
Panutche Camará,22,185,58,69,210000,79,57,50,60,55,68,,,,,,,,,,,,,,,,,,,,,57,50,60,55,68
S. Martin,22,173,58,69,210000,61,40,54,58,54,56,,,,,,,,,,,,,,,,,,,,,40,54,58,54,56
D. Mercado,22,169,58,69,210000,59,45,56,61,57,57,,,,,,,,,,,,,,,,,,,,,45,56,61,57,57
Choi Beom Kyung,22,176,58,69,210000,58,55,58,58,43,55,,,,,,,,,,,,,,,,,,,,,55,58,58,43,55
I. Tona,19,176,58,69,210000,60,48,60,58,44,39,,,,,,,,,,,,,,,,,,,,,48,60,58,44,39
A. Jakubiak,22,177,58,68,210000,73,57,45,62,25,53,,,,,,,,,,,,,,,,,,,,,57,45,62,25,53
R. Corlu,21,170,58,68,210000,68,52,51,65,27,46,,,,,,,,,,,,,,,,,,,,,52,51,65,27,46
N. D'Agostino,21,175,58,68,210000,74,52,46,57,29,62,,,,,,,,,,,,,,,,,,,,,52,46,57,29,62
D. Udoh,22,183,58,68,210000,80,54,45,60,32,61,,,,,,,,,,,,,,,,,,,,,54,45,60,32,61
A. Majok,20,185,58,68,210000,89,49,45,56,26,63,,,,,,,,,,,,,,,,,,,,,49,45,56,26,63
L. Wade-Slater,21,180,58,68,210000,67,52,54,58,52,62,,,,,,,,,,,,,,,,,,,,,52,54,58,52,62
S. Coly,21,184,58,68,210000,69,55,40,56,25,54,,,,,,,,,,,,,,,,,,,,,55,40,56,25,54
O. Šarkić,21,184,58,68,210000,58,57,43,56,21,52,,,,,,,,,,,,,,,,,,,,,57,43,56,21,52
R. Fujimura,20,176,58,68,210000,65,55,55,60,17,54,,,,,,,,,,,,,,,,,,,,,55,55,60,17,54
Y. Fukuda,20,173,58,68,210000,58,49,54,62,44,58,,,,,,,,,,,,,,,,,,,,,49,54,62,44,58
T. Amilivia,20,178,58,68,210000,62,60,41,56,29,58,,,,,,,,,,,,,,,,,,,,,60,41,56,29,58
D. Rybchinskiy,20,178,58,68,210000,60,50,60,62,45,45,,,,,,,,,,,,,,,,,,,,,50,60,62,45,45
J. Apolinarski,20,176,58,68,210000,78,52,49,61,41,57,,,,,,,,,,,,,,,,,,,,,52,49,61,41,57
A. Lozano,20,174,58,68,210000,66,55,54,60,36,46,,,,,,,,,,,,,,,,,,,,,55,54,60,36,46
M. Essimi,20,182,58,68,210000,69,52,52,60,29,51,,,,,,,,,,,,,,,,,,,,,52,52,60,29,51
L. Stergiou,17,180,57,79,210000,62,26,34,37,57,66,,,,,,,,,,,,,,,,,,,,,26,34,37,57,66
E. Ceide,17,175,57,77,210000,78,45,50,59,30,45,,,,,,,,,,,,,,,,,,,,,45,50,59,30,45
F. Godoy,19,185,57,76,210000,54,30,37,40,56,61,,,,,,,,,,,,,,,,,,,,,30,37,40,56,61
J. Steiger,18,185,57,75,210000,71,41,53,61,47,57,,,,,,,,,,,,,,,,,,,,,41,53,61,47,57
Kim Tae Hwan,19,179,57,75,210000,62,24,34,39,57,61,,,,,,,,,,,,,,,,,,,,,24,34,39,57,61
M. Johnsen,18,175,57,75,210000,67,50,49,58,43,45,,,,,,,,,,,,,,,,,,,,,50,49,58,43,45
L. Mack,19,186,57,75,210000,60,24,53,38,56,59,,,,,,,,,,,,,,,,,,,,,24,53,38,56,59
H. Brockbank,20,180,57,74,210000,64,25,38,54,59,64,,,,,,,,,,,,,,,,,,,,,25,38,54,59,64
J. Funke,19,180,57,74,210000,62,25,46,56,55,57,,,,,,,,,,,,,,,,,,,,,25,46,56,55,57
A. Bates,18,173,57,74,210000,71,51,55,60,49,57,,,,,,,,,,,,,,,,,,,,,51,55,60,49,57
C. Blanco,20,173,57,74,210000,67,34,48,58,52,58,,,,,,,,,,,,,,,,,,,,,34,48,58,52,58
J. Knowles,17,182,57,74,210000,80,55,44,56,27,53,,,,,,,,,,,,,,,,,,,,,55,44,56,27,53
L. Maloney,19,187,57,73,210000,60,44,54,58,51,67,,,,,,,,,,,,,,,,,,,,,44,54,58,51,67
E. Del Prato,19,183,57,73,210000,68,45,56,54,52,59,,,,,,,,,,,,,,,,,,,,,45,56,54,52,59
J. Bedeau,19,182,57,72,210000,71,37,45,53,54,63,,,,,,,,,,,,,,,,,,,,,37,45,53,54,63
A. Manzur,18,169,57,72,210000,64,43,54,56,53,60,,,,,,,,,,,,,,,,,,,,,43,54,56,53,60
B. Maguire,21,189,57,72,210000,54,26,31,32,58,63,,,,,,,,,,,,,,,,,,,,,26,31,32,58,63
H. Tombakti,20,178,57,72,210000,64,25,31,31,56,65,,,,,,,,,,,,,,,,,,,,,25,31,31,56,65
P. Horschig,19,191,57,72,210000,65,38,52,57,55,60,,,,,,,,,,,,,,,,,,,,,38,52,57,55,60
J. Hugonet,19,182,57,72,210000,57,31,39,42,57,61,,,,,,,,,,,,,,,,,,,,,31,39,42,57,61
A. Casar,18,190,57,72,210000,63,43,56,57,47,56,,,,,,,,,,,,,,,,,,,,,43,56,57,47,56
A. Lô,19,183,57,72,210000,57,32,33,35,59,55,,,,,,,,,,,,,,,,,,,,,32,33,35,59,55
S. Șerban,19,179,57,72,210000,77,33,46,51,53,58,,,,,,,,,,,,,,,,,,,,,33,46,51,53,58
J. Vokins,19,180,57,71,210000,70,36,44,60,55,57,,,,,,,,,,,,,,,,,,,,,36,44,60,55,57
E. Toal,20,191,57,71,210000,42,19,36,44,55,63,,,,,,,,,,,,,,,,,,,,,19,36,44,55,63
S. Woods,20,186,57,71,210000,42,25,35,36,57,58,,,,,,,,,,,,,,,,,,,,,25,35,36,57,58
P. Plewka,19,174,57,71,210000,65,44,59,58,51,53,,,,,,,,,,,,,,,,,,,,,44,59,58,51,53
A. Molina,20,174,57,71,210000,77,37,47,58,52,60,,,,,,,,,,,,,,,,,,,,,37,47,58,52,60
�. Rusu,19,177,57,71,210000,60,31,43,45,54,62,,,,,,,,,,,,,,,,,,,,,31,43,45,54,62
N. Guinness-Walker,19,173,57,71,210000,79,31,45,55,52,57,,,,,,,,,,,,,,,,,,,,,31,45,55,52,57
T. Sinclair,18,175,57,71,210000,80,54,53,57,28,53,,,,,,,,,,,,,,,,,,,,,54,53,57,28,53
C. Bombo,20,183,57,71,210000,68,40,55,58,55,55,,,,,,,,,,,,,,,,,,,,,40,55,58,55,55
J. Semple,18,183,56,78,210000,76,57,48,52,26,46,,,,,,,,,,,,,,,,,,,,,57,48,52,26,46
G. Loovens,35,190,66,66,200000,33,27,48,47,67,61,,,,,,,,,,,,,,,,,,,,,27,48,47,67,61
A. McCormack,35,180,66,66,200000,32,48,62,56,64,70,,,,,,,,,,,,,,,,,,,,,48,62,56,64,70
L. López,35,177,66,66,200000,34,48,52,52,64,67,,,,,,,,,,,,,,,,,,,,,48,52,52,64,67
K. Oi,35,181,66,66,200000,38,27,40,37,67,78,,,,,,,,,,,,,,,,,,,,,27,40,37,67,78
C. Frăsinescu,34,189,65,65,200000,38,36,41,38,63,73,,,,,,,,,,,,,,,,,,,,,36,41,38,63,73
A. El-Abd,34,180,65,65,200000,43,39,44,47,63,78,,,,,,,,,,,,,,,,,,,,,39,44,47,63,78
C. Morgan,34,187,65,65,200000,30,30,48,34,65,67,,,,,,,,,,,,,,,,,,,,,30,48,34,65,67
N. Topor-Stanley,34,191,65,65,200000,47,40,53,46,61,83,,,,,,,,,,,,,,,,,,,,,40,53,46,61,83
M. Lorentzson,34,179,65,65,200000,55,45,58,59,65,64,,,,,,,,,,,,,,,,,,,,,45,58,59,65,64
L. Olum,34,188,65,65,200000,37,49,54,53,61,74,,,,,,,,,,,,,,,,,,,,,49,54,53,61,74
R. Foster,33,176,64,64,200000,78,25,58,63,60,73,,,,,,,,,,,,,,,,,,,,,25,58,63,60,73
A. Askar,33,174,64,64,200000,71,63,62,71,58,50,,,,,,,,,,,,,,,,,,,,,63,62,71,58,50
N. Crovetto,33,175,64,64,200000,72,51,63,55,60,64,,,,,,,,,,,,,,,,,,,,,51,63,55,60,64
M. McGlinchey,32,175,61,61,200000,63,58,59,62,57,60,,,,,,,,,,,,,,,,,,,,,58,59,62,57,60
E. Nolan,30,185,61,61,200000,66,38,51,55,60,69,,,,,,,,,,,,,,,,,,,,,38,51,55,60,69
Liu Weidong,32,177,61,61,200000,78,58,55,60,39,63,,,,,,,,,,,,,,,,,,,,,58,55,60,39,63
R. Siemaszko,32,170,61,61,200000,63,57,46,60,44,66,,,,,,,,,,,,,,,,,,,,,57,46,60,44,66
K. Akyüz,30,173,61,61,200000,53,37,47,58,62,56,,,,,,,,,,,,,,,,,,,,,37,47,58,62,56
Zhang Cheng,30,180,61,61,200000,66,27,49,55,59,66,,,,,,,,,,,,,,,,,,,,,27,49,55,59,66
T. Englund,30,174,61,61,200000,68,40,48,52,60,65,,,,,,,,,,,,,,,,,,,,,40,48,52,60,65
Liu Yi,30,180,61,61,200000,62,23,40,36,62,64,,,,,,,,,,,,,,,,,,,,,23,40,36,62,64
C. Dinu,30,175,61,61,200000,62,25,53,63,56,68,,,,,,,,,,,,,,,,,,,,,25,53,63,56,68
T. Imai,28,178,60,61,200000,64,23,42,51,58,66,,,,,,,,,,,,,,,,,,,,,23,42,51,58,66
H. Pernía,28,185,60,61,200000,55,25,37,35,61,63,,,,,,,,,,,,,,,,,,,,,25,37,35,61,63
B. Moore,30,175,60,60,200000,78,58,54,64,33,59,,,,,,,,,,,,,,,,,,,,,58,54,64,33,59
C. Clements,29,175,60,60,200000,58,50,60,60,53,64,,,,,,,,,,,,,,,,,,,,,50,60,60,53,64
W. Łuczak,29,181,60,60,200000,54,57,57,59,38,64,,,,,,,,,,,,,,,,,,,,,57,57,59,38,64
L. Maldonado,30,174,60,60,200000,69,56,36,61,23,63,,,,,,,,,,,,,,,,,,,,,56,36,61,23,63
Chen Jie,29,178,60,60,200000,61,43,56,58,56,70,,,,,,,,,,,,,,,,,,,,,43,56,58,56,70
A. Qaisi,29,168,60,60,200000,76,52,55,61,35,55,,,,,,,,,,,,,,,,,,,,,52,55,61,35,55
M. Harzan,30,165,60,60,200000,74,43,55,64,39,51,,,,,,,,,,,,,,,,,,,,,43,55,64,39,51
M. Kremer,29,176,60,60,200000,76,61,52,62,46,54,,,,,,,,,,,,,,,,,,,,,61,52,62,46,54
R. Romeo,29,175,60,60,200000,68,46,56,60,26,47,,,,,,,,,,,,,,,,,,,,,46,56,60,26,47
S. Perović,30,184,60,60,200000,53,60,44,54,20,62,,,,,,,,,,,,,,,,,,,,,60,44,54,20,62
M. Maureira,18,169,59,68,200000,58,33,49,45,61,70,,,,,,,,,,,,,,,,,,,,,33,49,45,61,70
J. Debayo,22,183,59,67,200000,71,32,41,55,57,66,,,,,,,,,,,,,,,,,,,,,32,41,55,57,66
J. Doherty,23,179,59,67,200000,68,33,39,57,59,64,,,,,,,,,,,,,,,,,,,,,33,39,57,59,64
T. Abdullah,23,170,59,67,200000,68,28,48,54,59,62,,,,,,,,,,,,,,,,,,,,,28,48,54,59,62
Kim Tae Han,23,183,59,66,200000,54,21,25,30,60,68,,,,,,,,,,,,,,,,,,,,,21,25,30,60,68
R. Behounek,22,187,59,66,200000,71,28,39,40,59,60,,,,,,,,,,,,,,,,,,,,,28,39,40,59,60
E. Whitehouse,25,180,59,64,200000,64,59,51,57,54,77,,,,,,,,,,,,,,,,,,,,,59,51,57,54,77
Y. Wakizaka,24,172,59,64,200000,55,51,58,62,33,52,,,,,,,,,,,,,,,,,,,,,51,58,62,33,52
D. Carr,25,180,59,63,200000,65,55,48,65,21,61,,,,,,,,,,,,,,,,,,,,,55,48,65,21,61
A. Ceesay,25,189,59,63,200000,75,56,47,53,33,69,,,,,,,,,,,,,,,,,,,,,56,47,53,33,69
E. Osadebe,22,188,59,63,200000,85,45,55,62,51,78,,,,,,,,,,,,,,,,,,,,,45,55,62,51,78
S. Seferings,23,185,59,63,200000,65,56,55,61,38,63,,,,,,,,,,,,,,,,,,,,,56,55,61,38,63
Y. Orozco,25,172,59,63,200000,68,49,54,56,57,60,,,,,,,,,,,,,,,,,,,,,49,54,56,57,60
Liu Yun,24,175,59,63,200000,67,46,61,57,43,56,,,,,,,,,,,,,,,,,,,,,46,61,57,43,56
Y. Omar,25,182,59,63,200000,77,54,44,61,24,71,,,,,,,,,,,,,,,,,,,,,54,44,61,24,71
L. Mickels,24,177,59,63,200000,71,58,50,64,26,53,,,,,,,,,,,,,,,,,,,,,58,50,64,26,53
R. Crawford,25,179,59,63,200000,68,50,59,59,47,52,,,,,,,,,,,,,,,,,,,,,50,59,59,47,52
L. Forte,24,175,59,62,200000,80,54,49,62,16,64,,,,,,,,,,,,,,,,,,,,,54,49,62,16,64
O. Sterling-James,25,177,59,62,200000,81,57,52,61,35,54,,,,,,,,,,,,,,,,,,,,,57,52,61,35,54
M. Eid,26,183,59,62,200000,63,59,48,58,25,69,,,,,,,,,,,,,,,,,,,,,59,48,58,25,69
E. Østensen,26,183,59,62,200000,74,59,38,54,18,68,,,,,,,,,,,,,,,,,,,,,59,38,54,18,68
A. Pereira,19,177,58,70,200000,71,26,39,55,54,60,,,,,,,,,,,,,,,,,,,,,26,39,55,54,60
M. Grabowski,19,177,58,70,200000,75,31,47,58,55,58,,,,,,,,,,,,,,,,,,,,,31,47,58,55,58
Q. Lajami,23,178,58,69,200000,70,26,39,47,57,64,,,,,,,,,,,,,,,,,,,,,26,39,47,57,64
R. Senhadji,22,185,58,69,200000,56,27,31,32,59,62,,,,,,,,,,,,,,,,,,,,,27,31,32,59,62
M. Nadé,20,188,58,69,200000,42,26,32,39,60,63,,,,,,,,,,,,,,,,,,,,,26,32,39,60,63
V. Nambishi,21,183,58,69,200000,66,35,53,58,56,64,,,,,,,,,,,,,,,,,,,,,35,53,58,56,64
L. Ritson,20,184,58,69,200000,58,34,52,49,55,62,,,,,,,,,,,,,,,,,,,,,34,52,49,55,62
T. Righetti,21,179,58,69,200000,58,39,50,54,54,64,,,,,,,,,,,,,,,,,,,,,39,50,54,54,64
E. Clarke,20,172,58,69,200000,76,38,51,55,53,60,,,,,,,,,,,,,,,,,,,,,38,51,55,53,60
A. Van Hoorenbeeck,20,187,58,69,200000,64,29,48,46,57,64,,,,,,,,,,,,,,,,,,,,,29,48,46,57,64
J. Plautz,20,183,58,69,200000,74,44,52,59,52,58,,,,,,,,,,,,,,,,,,,,,44,52,59,52,58
N. Zortea,20,175,58,69,200000,63,35,40,57,59,56,,,,,,,,,,,,,,,,,,,,,35,40,57,59,56
Cao Yongjing,22,180,58,68,200000,75,52,52,60,45,68,,,,,,,,,,,,,,,,,,,,,52,52,60,45,68
J. Lunney,21,175,58,68,200000,66,52,56,63,49,52,,,,,,,,,,,,,,,,,,,,,52,56,63,49,52
J. Keaney,20,188,58,68,200000,49,55,57,54,56,67,,,,,,,,,,,,,,,,,,,,,55,57,54,56,67
J. Brimmer,21,180,58,68,200000,60,45,57,60,50,57,,,,,,,,,,,,,,,,,,,,,45,57,60,50,57
P. Sander,21,185,58,68,200000,66,41,59,66,46,50,,,,,,,,,,,,,,,,,,,,,41,59,66,46,50
H. Offia,19,171,58,68,200000,84,53,49,61,24,54,,,,,,,,,,,,,,,,,,,,,53,49,61,24,54
S. Lahssaini,20,177,58,68,200000,67,46,56,61,50,53,,,,,,,,,,,,,,,,,,,,,46,56,61,50,53
J. Gardiner-Smith,21,181,58,68,200000,71,48,54,60,55,60,,,,,,,,,,,,,,,,,,,,,48,54,60,55,60
R. Allassani,23,169,58,67,200000,75,49,49,63,32,44,,,,,,,,,,,,,,,,,,,,,49,49,63,32,44
D. O'Halloran,23,173,58,67,200000,58,54,55,61,33,48,,,,,,,,,,,,,,,,,,,,,54,55,61,33,48
G. Poynton,21,178,58,67,200000,62,56,59,57,56,59,,,,,,,,,,,,,,,,,,,,,56,59,57,56,59
K. Hoven,22,193,58,67,200000,64,52,42,55,22,72,,,,,,,,,,,,,,,,,,,,,52,42,55,22,72
B. Sabovic,21,186,58,67,200000,64,51,59,58,44,67,,,,,,,,,,,,,,,,,,,,,51,59,58,44,67
Du Changjie,21,179,58,67,200000,70,56,54,61,31,62,,,,,,,,,,,,,,,,,,,,,56,54,61,31,62
E. Kaja,21,177,58,67,200000,75,49,55,60,46,66,,,,,,,,,,,,,,,,,,,,,49,55,60,46,66
K. Miyazaki,21,175,58,67,200000,80,40,50,63,45,55,,,,,,,,,,,,,,,,,,,,,40,50,63,45,55
D. Reiter,21,173,58,67,200000,62,57,45,59,18,53,,,,,,,,,,,,,,,,,,,,,57,45,59,18,53
S. Rentería,21,170,58,67,200000,72,57,47,62,25,46,,,,,,,,,,,,,,,,,,,,,57,47,62,25,46
O. Solbakken,20,186,58,67,200000,66,52,54,59,32,59,,,,,,,,,,,,,,,,,,,,,52,54,59,32,59
Zhang Lingfeng,22,176,58,67,200000,79,53,55,58,34,47,,,,,,,,,,,,,,,,,,,,,53,55,58,34,47
K. Fatkić,21,186,58,67,200000,62,44,61,57,45,57,,,,,,,,,,,,,,,,,,,,,44,61,57,45,57
J. Cobián,20,176,58,67,200000,62,55,54,60,30,49,,,,,,,,,,,,,,,,,,,,,55,54,60,30,49
J. Vahtera,23,176,58,67,200000,70,52,55,58,32,51,,,,,,,,,,,,,,,,,,,,,52,55,58,32,51
L. Ríos,21,172,58,67,200000,67,53,51,60,27,43,,,,,,,,,,,,,,,,,,,,,53,51,60,27,43
S. Hostikka,21,183,58,67,200000,77,50,53,61,24,48,,,,,,,,,,,,,,,,,,,,,50,53,61,24,48
M. Târșă,21,182,58,67,200000,63,43,52,56,53,66,,,,,,,,,,,,,,,,,,,,,43,52,56,53,66
B. Kramer,23,191,58,67,200000,73,54,40,52,26,69,,,,,,,,,,,,,,,,,,,,,54,40,52,26,69
M. Cicconi,22,182,58,67,200000,66,51,53,60,37,54,,,,,,,,,,,,,,,,,,,,,51,53,60,37,54
T. Rambaud,22,192,58,67,200000,55,56,41,52,27,72,,,,,,,,,,,,,,,,,,,,,56,41,52,27,72
M. Stefandl,21,180,58,67,200000,67,58,48,61,27,61,,,,,,,,,,,,,,,,,,,,,58,48,61,27,61
H. Estupiñan,22,190,58,67,200000,61,58,40,52,19,70,,,,,,,,,,,,,,,,,,,,,58,40,52,19,70
D. Spence,18,184,57,77,200000,79,27,40,53,54,55,,,,,,,,,,,,,,,,,,,,,27,40,53,54,55
J. Weir,17,178,57,77,200000,65,49,56,56,46,50,,,,,,,,,,,,,,,,,,,,,49,56,56,46,50
D. Szot,18,183,57,77,200000,61,28,43,41,57,59,,,,,,,,,,,,,,,,,,,,,28,43,41,57,59
I. Sauter,18,183,57,76,200000,79,38,46,49,54,67,,,,,,,,,,,,,,,,,,,,,38,46,49,54,67
C. Terán,18,188,57,76,200000,62,29,39,46,55,63,,,,,,,,,,,,,,,,,,,,,29,39,46,55,63
J. Kitolano,17,168,57,75,200000,77,46,53,62,50,60,,,,,,,,,,,,,,,,,,,,,46,53,62,50,60
S. Väänänen,17,175,57,75,200000,71,41,53,61,49,58,,,,,,,,,,,,,,,,,,,,,41,53,61,49,58
D. Nemeth,18,191,57,75,200000,63,29,38,35,55,65,,,,,,,,,,,,,,,,,,,,,29,38,35,55,65
M. Collins,18,185,57,74,200000,65,30,34,41,56,62,,,,,,,,,,,,,,,,,,,,,30,34,41,56,62
T. Koch,18,180,57,72,200000,66,37,50,57,57,52,,,,,,,,,,,,,,,,,,,,,37,50,57,57,52
T. Lowery,21,168,57,70,200000,63,42,56,59,47,57,,,,,,,,,,,,,,,,,,,,,42,56,59,47,57
P. Almqvist,19,178,57,70,200000,73,46,53,66,38,48,,,,,,,,,,,,,,,,,,,,,46,53,66,38,48
S. Seedorf,21,173,57,70,200000,90,47,45,63,26,50,,,,,,,,,,,,,,,,,,,,,47,45,63,26,50
J. Hallam,20,173,57,70,200000,72,57,48,60,26,46,,,,,,,,,,,,,,,,,,,,,57,48,60,26,46
I. Karakaş,20,180,57,70,200000,49,58,43,50,25,65,,,,,,,,,,,,,,,,,,,,,58,43,50,25,65
A. Estacio,21,177,57,70,200000,68,43,51,60,41,54,,,,,,,,,,,,,,,,,,,,,43,51,60,41,54
L. Mulaj,20,172,57,70,200000,69,50,51,65,28,38,,,,,,,,,,,,,,,,,,,,,50,51,65,28,38
G. Galoppo,20,179,57,70,200000,61,43,54,58,57,61,,,,,,,,,,,,,,,,,,,,,43,54,58,57,61
V. Olatunji,19,190,57,70,200000,64,56,44,53,22,65,,,,,,,,,,,,,,,,,,,,,56,44,53,22,65
F. Ranocchia,18,184,56,79,200000,61,35,53,59,53,58,,,,,,,,,,,,,,,,,,,,,35,53,59,53,58
D. Campbell,18,182,56,78,200000,70,51,56,64,42,42,,,,,,,,,,,,,,,,,,,,,51,56,64,42,42
K. Askildsen,18,185,56,78,200000,59,41,52,58,48,58,,,,,,,,,,,,,,,,,,,,,41,52,58,48,58
B. Palmezano,18,169,56,77,200000,70,46,50,60,31,37,,,,,,,,,,,,,,,,,,,,,46,50,60,31,37
F. Al Birekan,19,181,56,76,200000,74,54,39,52,22,56,,,,,,,,,,,,,,,,,,,,,54,39,52,22,56
O. Simmonds,19,183,56,74,200000,81,53,49,61,35,55,,,,,,,,,,,,,,,,,,,,,53,49,61,35,55
L. Marković,19,187,56,74,200000,56,57,38,46,22,67,,,,,,,,,,,,,,,,,,,,,57,38,46,22,67
J. Castillo,20,165,56,73,200000,64,50,51,63,29,38,,,,,,,,,,,,,,,,,,,,,50,51,63,29,38
S. Mallon,20,178,56,73,200000,67,48,52,53,45,50,,,,,,,,,,,,,,,,,,,,,48,52,53,45,50
Y. Maleh,20,177,56,72,200000,64,52,53,58,45,58,,,,,,,,,,,,,,,,,,,,,52,53,58,45,58
V. Gomis,20,190,56,72,200000,76,57,40,53,26,62,,,,,,,,,,,,,,,,,,,,,57,40,53,26,62
A. Delap,20,180,56,72,200000,76,43,55,53,46,48,,,,,,,,,,,,,,,,,,,,,43,55,53,46,48
M. Al Sufyani,20,172,56,72,200000,72,48,50,58,20,42,,,,,,,,,,,,,,,,,,,,,48,50,58,20,42
M. Al Mutairi,20,167,56,72,200000,68,46,53,59,34,38,,,,,,,,,,,,,,,,,,,,,46,53,59,34,38
A. Ahl Holmström,20,191,56,72,200000,61,56,38,48,26,66,,,,,,,,,,,,,,,,,,,,,56,38,48,26,66
A. Bradley,20,178,56,71,200000,64,48,51,62,50,51,,,,,,,,,,,,,,,,,,,,,48,51,62,50,51
N. Farrugia,20,178,56,71,200000,71,49,49,58,22,57,,,,,,,,,,,,,,,,,,,,,49,49,58,22,57
Jeong Chee In,21,182,56,70,200000,64,58,44,57,26,59,,,,,,,,,,,,,,,,,,,,,58,44,57,26,59
N. Cordero,20,169,56,70,200000,64,58,45,58,25,50,,,,,,,,,,,,,,,,,,,,,58,45,58,25,50
J. Guzmán,21,168,56,70,200000,72,49,51,54,45,55,,,,,,,,,,,,,,,,,,,,,49,51,54,45,55
D. Mushitu,19,184,56,70,200000,69,52,40,56,24,60,,,,,,,,,,,,,,,,,,,,,52,40,56,24,60
M. Dulca,20,175,56,70,200000,59,44,58,59,52,54,,,,,,,,,,,,,,,,,,,,,44,58,59,52,54
B. Berríos,21,168,56,70,200000,68,46,56,59,43,57,,,,,,,,,,,,,,,,,,,,,46,56,59,43,57
M. Fernandes,20,178,56,70,200000,86,43,48,60,26,49,,,,,,,,,,,,,,,,,,,,,43,48,60,26,49
E. Papa,37,169,69,69,190000,70,46,70,71,63,62,,,,,,,,,,,,,,,,,,,,,46,70,71,63,62
D. De fauw,37,186,69,69,190000,37,52,71,63,73,66,,,,,,,,,,,,,,,,,,,,,52,71,63,73,66
L. Licht,38,174,69,69,190000,64,61,65,73,70,67,,,,,,,,,,,,,,,,,,,,,61,65,73,70,67
Àngel Rangel,36,178,69,69,190000,49,59,69,68,72,67,,,,,,,,,,,,,,,,,,,,,59,69,68,72,67
J. Bothroyd,37,190,65,65,190000,32,66,61,59,28,69,,,,,,,,,,,,,,,,,,,,,66,61,59,28,69
P. Brożek,36,180,65,65,190000,34,66,60,62,29,63,,,,,,,,,,,,,,,,,,,,,66,60,62,29,63
R. König,36,190,65,65,190000,30,68,48,46,37,73,,,,,,,,,,,,,,,,,,,,,68,48,46,37,73
O. Occéan,37,185,65,65,190000,55,64,54,60,38,73,,,,,,,,,,,,,,,,,,,,,64,54,60,38,73
A. Akinfenwa,37,178,65,65,190000,43,63,54,56,35,81,,,,,,,,,,,,,,,,,,,,,63,54,56,35,81
L. Varney,36,180,65,65,190000,64,63,56,63,40,66,,,,,,,,,,,,,,,,,,,,,63,56,63,40,66
L. Ochoa,34,174,65,65,190000,66,54,61,63,62,65,,,,,,,,,,,,,,,,,,,,,54,61,63,62,65
K. Lejeune,34,181,63,63,190000,57,54,68,63,59,64,,,,,,,,,,,,,,,,,,,,,54,68,63,59,64
S. Strømnes,32,186,62,62,190000,56,39,49,47,59,68,,,,,,,,,,,,,,,,,,,,,39,49,47,59,68
P. Kristensen,32,173,62,62,190000,65,53,60,61,59,66,,,,,,,,,,,,,,,,,,,,,53,60,61,59,66
T. Joza,32,173,62,62,190000,66,32,51,50,61,67,,,,,,,,,,,,,,,,,,,,,32,51,50,61,67
M. Simon,33,188,62,62,190000,70,59,45,55,43,86,,,,,,,,,,,,,,,,,,,,,59,45,55,43,86
Zhang Chenglin,32,183,62,62,190000,65,38,50,58,60,65,,,,,,,,,,,,,,,,,,,,,38,50,58,60,65
T. Willers,32,192,62,62,190000,38,36,46,43,62,73,,,,,,,,,,,,,,,,,,,,,36,46,43,62,73
W. Hashimoto,32,181,62,62,190000,67,39,62,63,55,65,,,,,,,,,,,,,,,,,,,,,39,62,63,55,65
T. Soares,32,183,61,61,190000,53,60,60,60,59,69,,,,,,,,,,,,,,,,,,,,,60,60,60,59,69
J. Harris,32,170,61,61,190000,61,56,59,61,56,63,,,,,,,,,,,,,,,,,,,,,56,59,61,56,63
K. Etuhu,31,185,61,61,190000,59,59,59,57,56,68,,,,,,,,,,,,,,,,,,,,,59,59,57,56,68
F. Musaev,30,183,60,60,190000,65,46,57,63,55,71,,,,,,,,,,,,,,,,,,,,,46,57,63,55,71
D. Srnić,27,170,60,60,190000,68,41,54,64,56,53,,,,,,,,,,,,,,,,,,,,,41,54,64,56,53
J. Passaglia,30,181,60,60,190000,64,54,61,65,44,52,,,,,,,,,,,,,,,,,,,,,54,61,65,44,52
N. Allievi,27,184,60,60,190000,59,27,35,31,64,58,,,,,,,,,,,,,,,,,,,,,27,35,31,64,58
S. Long,24,179,59,66,190000,67,29,49,55,58,63,,,,,,,,,,,,,,,,,,,,,29,49,55,58,63
N. Anderton,23,188,59,66,190000,63,31,47,52,58,66,,,,,,,,,,,,,,,,,,,,,31,47,52,58,66
M. Gonçalves,24,174,59,66,190000,74,31,43,64,55,53,,,,,,,,,,,,,,,,,,,,,31,43,64,55,53
C. Odoi-Atsem,24,178,59,66,190000,76,42,51,61,59,55,,,,,,,,,,,,,,,,,,,,,42,51,61,59,55
S. Al Khayri,24,173,59,66,190000,77,29,45,54,55,68,,,,,,,,,,,,,,,,,,,,,29,45,54,55,68
J. Córdova,24,165,59,66,190000,75,39,52,61,56,53,,,,,,,,,,,,,,,,,,,,,39,52,61,56,53
A. Hansen,22,183,59,66,190000,72,29,49,57,56,63,,,,,,,,,,,,,,,,,,,,,29,49,57,56,63
A. Gutman,22,180,59,66,190000,61,43,51,54,59,66,,,,,,,,,,,,,,,,,,,,,43,51,54,59,66
P. Johansson,24,185,59,65,190000,77,48,52,58,50,70,,,,,,,,,,,,,,,,,,,,,48,52,58,50,70
N. Baeza,22,175,59,65,190000,67,40,57,62,56,62,,,,,,,,,,,,,,,,,,,,,40,57,62,56,62
Liu Yang,24,184,59,65,190000,74,52,53,59,53,66,,,,,,,,,,,,,,,,,,,,,52,53,59,53,66
R. Menayese,21,190,59,65,190000,52,29,39,37,55,72,,,,,,,,,,,,,,,,,,,,,29,39,37,55,72
S. Tanasijević,22,183,59,65,190000,46,27,42,49,58,64,,,,,,,,,,,,,,,,,,,,,27,42,49,58,64
M. Sylla,25,189,59,65,190000,66,35,54,54,55,68,,,,,,,,,,,,,,,,,,,,,35,54,54,55,68
R. Trif,21,180,59,65,190000,68,34,44,58,55,63,,,,,,,,,,,,,,,,,,,,,34,44,58,55,63
J. Gottesman,23,175,59,65,190000,73,39,53,55,58,60,,,,,,,,,,,,,,,,,,,,,39,53,55,58,60
J. Jones,25,185,59,64,190000,63,46,51,59,55,69,,,,,,,,,,,,,,,,,,,,,46,51,59,55,69
K. Callan-McFadden,24,183,59,64,190000,53,27,48,51,57,66,,,,,,,,,,,,,,,,,,,,,27,48,51,57,66
C. Häusl,23,186,59,64,190000,57,36,41,47,59,61,,,,,,,,,,,,,,,,,,,,,36,41,47,59,61
T. Egert,24,192,59,64,190000,61,32,43,41,58,68,,,,,,,,,,,,,,,,,,,,,32,43,41,58,68
J. McLaughlin,26,173,59,62,190000,71,55,58,65,47,52,,,,,,,,,,,,,,,,,,,,,55,58,65,47,52
J. Lyden,23,178,59,62,190000,57,49,54,63,56,60,,,,,,,,,,,,,,,,,,,,,49,54,63,56,60
Zhang Yi,25,181,59,62,190000,67,47,53,59,52,57,,,,,,,,,,,,,,,,,,,,,47,53,59,52,57
Park Yong Ji,26,183,59,61,190000,78,53,57,60,22,51,,,,,,,,,,,,,,,,,,,,,53,57,60,22,51
N. Zulciak,25,173,59,61,190000,66,48,57,60,35,58,,,,,,,,,,,,,,,,,,,,,48,57,60,35,58
R. Michibuchi,25,177,59,61,190000,60,58,52,60,44,75,,,,,,,,,,,,,,,,,,,,,58,52,60,44,75
K. Athiu,26,201,59,60,190000,76,57,42,58,24,57,,,,,,,,,,,,,,,,,,,,,57,42,58,24,57
F. Jäkel,18,193,58,70,190000,52,29,37,36,59,58,,,,,,,,,,,,,,,,,,,,,29,37,36,59,58
S. Want,22,180,58,68,190000,50,28,30,35,59,61,,,,,,,,,,,,,,,,,,,,,28,30,35,59,61
C. Cockerill-Mollett,20,178,58,68,190000,73,42,48,55,55,67,,,,,,,,,,,,,,,,,,,,,42,48,55,55,67
R. McCourt,21,178,58,68,190000,56,50,55,58,57,55,,,,,,,,,,,,,,,,,,,,,50,55,58,57,55
S. Blaney,20,191,58,68,190000,67,28,43,43,55,67,,,,,,,,,,,,,,,,,,,,,28,43,43,55,67
M. Sylla,20,177,58,68,190000,76,31,51,56,55,50,,,,,,,,,,,,,,,,,,,,,31,51,56,55,50
B. Abdallah,20,176,58,68,190000,73,32,54,57,53,52,,,,,,,,,,,,,,,,,,,,,32,54,57,53,52
D. Traore,20,183,58,68,190000,73,35,52,58,54,66,,,,,,,,,,,,,,,,,,,,,35,52,58,54,66
D. Aguilar,21,179,58,68,190000,71,36,53,57,55,50,,,,,,,,,,,,,,,,,,,,,36,53,57,55,50
L. Diako,20,183,58,68,190000,66,57,52,53,56,63,,,,,,,,,,,,,,,,,,,,,57,52,53,56,63
A. Gözütok,18,177,58,68,190000,66,47,53,64,36,48,,,,,,,,,,,,,,,,,,,,,47,53,64,36,48
M. Bonne,23,180,58,66,190000,71,57,40,54,32,59,,,,,,,,,,,,,,,,,,,,,57,40,54,32,59
J. McGarry,21,179,58,66,190000,72,49,54,62,53,54,,,,,,,,,,,,,,,,,,,,,49,54,62,53,54
Y. Ben El-Mhanni,23,178,58,66,190000,76,46,48,68,22,37,,,,,,,,,,,,,,,,,,,,,46,48,68,22,37
O. Patrick,23,185,58,66,190000,79,54,48,58,26,65,,,,,,,,,,,,,,,,,,,,,54,48,58,26,65
B. Kavlak,22,178,58,66,190000,60,61,45,56,24,43,,,,,,,,,,,,,,,,,,,,,61,45,56,24,43
R. Deprem,21,178,58,66,190000,73,56,45,61,26,48,,,,,,,,,,,,,,,,,,,,,56,45,61,26,48
J. Hanek,20,179,58,66,190000,60,44,52,58,55,45,,,,,,,,,,,,,,,,,,,,,44,52,58,55,45
J. Rivas,22,168,58,66,190000,69,43,56,61,51,59,,,,,,,,,,,,,,,,,,,,,43,56,61,51,59
Zu Pengchao,22,182,58,66,190000,80,40,56,59,36,63,,,,,,,,,,,,,,,,,,,,,40,56,59,36,63
C. Villalba,20,175,58,66,190000,64,44,57,57,49,54,,,,,,,,,,,,,,,,,,,,,44,57,57,49,54
W. Loeper,21,187,58,66,190000,63,44,55,60,51,58,,,,,,,,,,,,,,,,,,,,,44,55,60,51,58
E. Holten,22,195,58,66,190000,55,55,45,52,25,62,,,,,,,,,,,,,,,,,,,,,55,45,52,25,62
A. Al Hejaili,21,165,58,66,190000,80,43,52,59,33,44,,,,,,,,,,,,,,,,,,,,,43,52,59,33,44
R. Nizet,17,183,57,77,190000,69,37,43,55,57,53,,,,,,,,,,,,,,,,,,,,,37,43,55,57,53
S. Kokovas,17,186,57,75,190000,66,30,49,53,55,63,,,,,,,,,,,,,,,,,,,,,30,49,53,55,63
J. Gómez,17,183,57,75,190000,65,34,41,56,54,57,,,,,,,,,,,,,,,,,,,,,34,41,56,54,57
I. Powell,17,173,57,74,190000,74,49,52,59,52,59,,,,,,,,,,,,,,,,,,,,,49,52,59,52,59
S. Van Dessel,17,162,57,73,190000,64,40,50,61,54,48,,,,,,,,,,,,,,,,,,,,,40,50,61,54,48
C. Rowan,21,185,57,70,190000,52,39,40,43,54,67,,,,,,,,,,,,,,,,,,,,,39,40,43,54,67
A. Ahmedhodzic,20,190,57,70,190000,67,21,39,49,54,64,,,,,,,,,,,,,,,,,,,,,21,39,49,54,64
M. Kokos,18,182,57,70,190000,69,57,48,56,28,55,,,,,,,,,,,,,,,,,,,,,57,48,56,28,55
A. Gutiérrez,19,173,57,70,190000,57,43,54,59,54,57,,,,,,,,,,,,,,,,,,,,,43,54,59,54,57
N. el Ablak,19,178,57,70,190000,61,48,52,65,34,44,,,,,,,,,,,,,,,,,,,,,48,52,65,34,44
B. Smith-Hylton,21,184,57,70,190000,55,46,49,47,56,56,,,,,,,,,,,,,,,,,,,,,46,49,47,56,56
B. Anoff,18,173,57,70,190000,80,51,52,60,29,37,,,,,,,,,,,,,,,,,,,,,51,52,60,29,37
K. Evans,20,173,57,69,190000,64,42,56,58,50,58,,,,,,,,,,,,,,,,,,,,,42,56,58,50,58
T. Abrahams,20,185,57,69,190000,72,55,38,60,18,59,,,,,,,,,,,,,,,,,,,,,55,38,60,18,59
C. Ehlich,20,170,57,69,190000,71,42,50,60,44,57,,,,,,,,,,,,,,,,,,,,,42,50,60,44,57
C. Barrios,21,163,57,69,190000,81,49,48,62,27,47,,,,,,,,,,,,,,,,,,,,,49,48,62,27,47
S. Ben Amar,21,185,57,69,190000,63,55,42,54,27,55,,,,,,,,,,,,,,,,,,,,,55,42,54,27,55
R. Solan,21,170,57,69,190000,81,56,46,62,18,47,,,,,,,,,,,,,,,,,,,,,56,46,62,18,47
O. Afolayan,21,180,57,69,190000,73,53,42,55,25,52,,,,,,,,,,,,,,,,,,,,,53,42,55,25,52
A. Piftor,20,174,57,69,190000,70,39,52,58,38,58,,,,,,,,,,,,,,,,,,,,,39,52,58,38,58
I. Hațiegan,21,187,57,69,190000,63,44,58,57,36,51,,,,,,,,,,,,,,,,,,,,,44,58,57,36,51
M. Römling,18,186,56,78,190000,70,29,43,55,53,59,,,,,,,,,,,,,,,,,,,,,29,43,55,53,59
A. Obando,19,175,56,76,190000,62,58,48,62,28,45,,,,,,,,,,,,,,,,,,,,,58,48,62,28,45
Y. Velázquez,19,178,56,76,190000,65,49,52,58,33,55,,,,,,,,,,,,,,,,,,,,,49,52,58,33,55
R. Najjarine,19,176,56,75,190000,53,37,57,62,38,47,,,,,,,,,,,,,,,,,,,,,37,57,62,38,47
O. Aga,18,180,56,75,190000,67,55,38,52,21,53,,,,,,,,,,,,,,,,,,,,,55,38,52,21,53
T. Roberts,18,181,56,75,190000,68,42,52,58,39,48,,,,,,,,,,,,,,,,,,,,,42,52,58,39,48
P. Campos,19,172,56,75,190000,64,61,47,63,28,40,,,,,,,,,,,,,,,,,,,,,61,47,63,28,40
A. Konte,18,175,56,75,190000,81,40,49,62,27,40,,,,,,,,,,,,,,,,,,,,,40,49,62,27,40
T. Pawlson,18,182,56,75,190000,74,55,46,59,31,48,,,,,,,,,,,,,,,,,,,,,55,46,59,31,48
T. John-Jules,18,175,56,74,190000,73,54,46,56,19,54,,,,,,,,,,,,,,,,,,,,,54,46,56,19,54
A. Benedyczak,18,191,56,74,190000,59,52,36,53,29,68,,,,,,,,,,,,,,,,,,,,,52,36,53,29,68
E. Maulana Vikri,18,168,56,74,190000,61,41,57,55,33,34,,,,,,,,,,,,,,,,,,,,,41,57,55,33,34
H. Al Eissa,18,165,56,74,190000,79,48,49,58,23,40,,,,,,,,,,,,,,,,,,,,,48,49,58,23,40
A. Aktas,19,177,56,73,190000,62,47,57,55,41,48,,,,,,,,,,,,,,,,,,,,,47,57,55,41,48
T. Magloire,20,185,56,73,190000,74,26,29,38,54,67,,,,,,,,,,,,,,,,,,,,,26,29,38,54,67
L. Bürger,19,181,56,73,190000,61,45,55,57,57,61,,,,,,,,,,,,,,,,,,,,,45,55,57,57,61
A. Morgan,19,181,56,73,190000,71,38,55,52,50,60,,,,,,,,,,,,,,,,,,,,,38,55,52,50,60
F. Al Ghashayan,19,171,56,73,190000,72,47,47,60,25,38,,,,,,,,,,,,,,,,,,,,,47,47,60,25,38
M. Lara,18,168,56,73,190000,59,47,56,55,47,49,,,,,,,,,,,,,,,,,,,,,47,56,55,47,49
B. Teixeira,18,174,56,73,190000,58,44,54,58,47,55,,,,,,,,,,,,,,,,,,,,,44,54,58,47,55
P. Vagic,19,188,56,72,190000,73,47,51,59,34,54,,,,,,,,,,,,,,,,,,,,,47,51,59,34,54
M. Hauptmann,19,178,56,72,190000,69,43,53,59,38,47,,,,,,,,,,,,,,,,,,,,,43,53,59,38,47
D. Ioannidis,19,180,56,72,190000,63,43,58,62,45,52,,,,,,,,,,,,,,,,,,,,,43,58,62,45,52
A. Zaharia,18,178,56,72,190000,74,54,36,53,20,54,,,,,,,,,,,,,,,,,,,,,54,36,53,20,54
T. Hölscher,19,177,56,72,190000,70,57,52,59,45,52,,,,,,,,,,,,,,,,,,,,,57,52,59,45,52
M. Roseth,20,188,56,71,190000,65,27,39,44,58,56,,,,,,,,,,,,,,,,,,,,,27,39,44,58,56
R. Akbari,19,180,56,71,190000,73,49,48,59,30,49,,,,,,,,,,,,,,,,,,,,,49,48,59,30,49
G. Walker,21,180,56,71,190000,63,33,38,42,55,60,,,,,,,,,,,,,,,,,,,,,33,38,42,55,60
O. Klitten,19,183,56,71,190000,69,50,49,57,22,45,,,,,,,,,,,,,,,,,,,,,50,49,57,22,45
K. Lewis-Potter,18,175,56,71,190000,65,54,41,51,22,47,,,,,,,,,,,,,,,,,,,,,54,41,51,22,47
O. Bailey,20,183,56,71,190000,54,30,51,47,55,60,,,,,,,,,,,,,,,,,,,,,30,51,47,55,60
Y. Kaiser,21,182,56,71,190000,65,28,38,40,56,58,,,,,,,,,,,,,,,,,,,,,28,38,40,56,58
L. Scales,20,193,56,71,190000,45,25,43,45,55,61,,,,,,,,,,,,,,,,,,,,,25,43,45,55,61
A. Alsanati,19,164,56,71,190000,64,50,55,59,23,51,,,,,,,,,,,,,,,,,,,,,50,55,59,23,51
T. Allen,19,178,56,71,190000,75,53,49,58,27,49,,,,,,,,,,,,,,,,,,,,,53,49,58,27,49
P. Grauschopf,20,184,56,71,190000,61,24,40,43,54,60,,,,,,,,,,,,,,,,,,,,,24,40,43,54,60
J. Grayson,20,178,56,70,190000,66,39,46,49,52,65,,,,,,,,,,,,,,,,,,,,,39,46,49,52,65
K. Guessoum,20,175,56,70,190000,59,35,45,34,56,54,,,,,,,,,,,,,,,,,,,,,35,45,34,56,54
K. Høgh,18,178,56,70,190000,62,55,38,53,19,52,,,,,,,,,,,,,,,,,,,,,55,38,53,19,52
J. Nieva,20,178,56,70,190000,57,37,49,53,51,63,,,,,,,,,,,,,,,,,,,,,37,49,53,51,63
M. Sheaf,19,183,56,70,190000,67,46,55,57,48,61,,,,,,,,,,,,,,,,,,,,,46,55,57,48,61
K. Björklund,20,190,56,70,190000,63,27,41,49,54,58,,,,,,,,,,,,,,,,,,,,,27,41,49,54,58
G. Crețu,19,176,56,70,190000,70,49,54,61,42,52,,,,,,,,,,,,,,,,,,,,,49,54,61,42,52
L. Gilboy,19,175,56,70,190000,81,48,49,59,24,48,,,,,,,,,,,,,,,,,,,,,48,49,59,24,48
C. Borțoneanu,19,174,56,70,190000,59,47,53,58,37,52,,,,,,,,,,,,,,,,,,,,,47,53,58,37,52
E. Pogatetz,36,191,68,68,180000,30,34,44,35,66,79,,,,,,,,,,,,,,,,,,,,,34,44,35,66,79
Xisco Campos,37,180,68,68,180000,55,37,54,48,67,64,,,,,,,,,,,,,,,,,,,,,37,54,48,67,64
Juanma,36,185,68,68,180000,59,46,58,46,66,74,,,,,,,,,,,,,,,,,,,,,46,58,46,66,74
J. Rojas,36,174,68,68,180000,56,40,62,57,68,65,,,,,,,,,,,,,,,,,,,,,40,62,57,68,65
I. Pallas,36,190,68,68,180000,49,39,54,39,67,74,,,,,,,,,,,,,,,,,,,,,39,54,39,67,74
S. Whittaker,35,185,66,66,180000,57,62,65,65,65,72,,,,,,,,,,,,,,,,,,,,,62,65,65,65,72
C. Schwegler,35,174,66,66,180000,72,42,58,63,63,75,,,,,,,,,,,,,,,,,,,,,42,58,63,63,75
J. Harvey,35,180,66,66,180000,60,54,59,60,65,72,,,,,,,,,,,,,,,,,,,,,54,59,60,65,72
P. Nymann,36,179,65,65,180000,73,55,61,64,60,67,,,,,,,,,,,,,,,,,,,,,55,61,64,60,67
M. Al Shalhoub,38,163,65,65,180000,33,64,73,65,37,34,,,,,,,,,,,,,,,,,,,,,64,73,65,37,34
L. Figueroa,36,179,65,65,180000,54,60,68,66,56,61,,,,,,,,,,,,,,,,,,,,,60,68,66,56,61
Zhou Haibin,33,183,63,63,180000,44,59,61,60,60,65,,,,,,,,,,,,,,,,,,,,,59,61,60,60,65
D. Chatto,33,181,62,62,180000,54,52,57,57,63,73,,,,,,,,,,,,,,,,,,,,,52,57,57,63,73
Jo Jae Cheol,33,178,62,62,180000,68,62,61,65,56,59,,,,,,,,,,,,,,,,,,,,,62,61,65,56,59
D. Rosende,33,172,62,62,180000,41,47,59,59,63,58,,,,,,,,,,,,,,,,,,,,,47,59,59,63,58
S. Hyodo,33,172,62,62,180000,66,55,63,62,48,66,,,,,,,,,,,,,,,,,,,,,55,63,62,48,66
K. Sekiguchi,33,171,62,62,180000,79,50,53,67,25,51,,,,,,,,,,,,,,,,,,,,,50,53,67,25,51
F. Corapi,33,165,62,62,180000,75,51,61,63,56,58,,,,,,,,,,,,,,,,,,,,,51,61,63,56,58
C. Cisternas,33,175,62,62,180000,56,50,63,57,52,59,,,,,,,,,,,,,,,,,,,,,50,63,57,52,59
K. Söderström,33,182,62,62,180000,66,50,56,64,32,62,,,,,,,,,,,,,,,,,,,,,50,56,64,32,62
M. Hazazi,31,167,61,61,180000,83,43,53,59,53,62,,,,,,,,,,,,,,,,,,,,,43,53,59,53,62
W. Piñones,31,176,61,61,180000,55,43,59,55,61,65,,,,,,,,,,,,,,,,,,,,,43,59,55,61,65
L. Joyce,31,180,60,60,180000,70,45,56,58,58,74,,,,,,,,,,,,,,,,,,,,,45,56,58,58,74
M. Youssouf,31,168,60,60,180000,67,42,60,63,23,52,,,,,,,,,,,,,,,,,,,,,42,60,63,23,52
A. Blackman,28,181,60,60,180000,74,46,53,59,57,68,,,,,,,,,,,,,,,,,,,,,46,53,59,57,68
J. Dunleavy,27,183,60,60,180000,50,39,55,52,59,60,,,,,,,,,,,,,,,,,,,,,39,55,52,59,60
D. Byrtek,28,193,60,60,180000,61,20,37,31,57,77,,,,,,,,,,,,,,,,,,,,,20,37,31,57,77
D. Leadbitter,28,183,60,60,180000,87,37,49,55,56,64,,,,,,,,,,,,,,,,,,,,,37,49,55,56,64
C. Subero,28,175,60,60,180000,67,41,54,62,58,57,,,,,,,,,,,,,,,,,,,,,41,54,62,58,57
J. Hunt,28,180,60,60,180000,64,46,52,54,58,67,,,,,,,,,,,,,,,,,,,,,46,52,54,58,67
T. Siedschlag,31,181,60,60,180000,65,51,54,58,58,69,,,,,,,,,,,,,,,,,,,,,51,54,58,58,69
M. Langer,29,189,60,60,180000,57,50,54,54,59,66,,,,,,,,,,,,,,,,,,,,,50,54,54,59,66
V. Olariu,31,175,60,60,180000,52,52,54,61,52,73,,,,,,,,,,,,,,,,,,,,,52,54,61,52,73
Elsinho,28,192,60,60,180000,68,39,51,48,61,53,,,,,,,,,,,,,,,,,,,,,39,51,48,61,53
M. Radin,28,173,60,60,180000,54,48,54,58,55,70,,,,,,,,,,,,,,,,,,,,,48,54,58,55,70
S. Scognamillo,25,183,59,64,180000,68,41,49,55,57,66,,,,,,,,,,,,,,,,,,,,,41,49,55,57,66
C. Villanueva,25,184,59,64,180000,63,46,54,57,56,67,,,,,,,,,,,,,,,,,,,,,46,54,57,56,67
Kim Gyeong Jae,25,183,59,64,180000,64,27,44,55,58,62,,,,,,,,,,,,,,,,,,,,,27,44,55,58,62
Y. Akiyama,24,171,59,64,180000,67,50,58,64,52,55,,,,,,,,,,,,,,,,,,,,,50,58,64,52,55
K. Partida,24,173,59,64,180000,69,41,53,58,56,60,,,,,,,,,,,,,,,,,,,,,41,53,58,56,60
L. Corbu,25,174,59,64,180000,75,28,47,53,55,61,,,,,,,,,,,,,,,,,,,,,28,47,53,55,61
V. Dragsnes,25,187,59,64,180000,75,50,57,55,53,64,,,,,,,,,,,,,,,,,,,,,50,57,55,53,64
A. Monksfield,25,182,59,64,180000,66,45,51,54,55,65,,,,,,,,,,,,,,,,,,,,,45,51,54,55,65
R. Cornwall,24,183,59,63,180000,40,28,47,50,58,68,,,,,,,,,,,,,,,,,,,,,28,47,50,58,68
Álex Portillo,26,180,59,63,180000,67,30,47,52,59,61,,,,,,,,,,,,,,,,,,,,,30,47,52,59,61
Chu Jinzhao,26,175,59,63,180000,82,34,49,58,56,60,,,,,,,,,,,,,,,,,,,,,34,49,58,56,60
Gao Jiarun,24,183,59,63,180000,73,39,49,60,56,70,,,,,,,,,,,,,,,,,,,,,39,49,60,56,70
Wang Peng,26,185,59,63,180000,66,43,43,46,55,67,,,,,,,,,,,,,,,,,,,,,43,43,46,55,67
T. Brewitt,22,185,59,63,180000,63,30,43,44,57,65,,,,,,,,,,,,,,,,,,,,,30,43,44,57,65
J. Tunnicliffe,25,186,59,63,180000,49,26,41,46,59,60,,,,,,,,,,,,,,,,,,,,,26,41,46,59,60
S. Dikmen,25,179,59,63,180000,62,43,58,58,54,58,,,,,,,,,,,,,,,,,,,,,43,58,58,54,58
A. Dawson,26,175,59,60,180000,76,43,55,61,29,51,,,,,,,,,,,,,,,,,,,,,43,55,61,29,51
F. Mveng,27,176,59,60,180000,76,48,60,66,50,65,,,,,,,,,,,,,,,,,,,,,48,60,66,50,65
G. Shaw,27,196,59,60,180000,57,56,47,50,26,72,,,,,,,,,,,,,,,,,,,,,56,47,50,26,72
V. Oliver,27,188,59,60,180000,61,57,44,52,38,73,,,,,,,,,,,,,,,,,,,,,57,44,52,38,73
D. Clarke,26,178,59,60,180000,81,50,52,58,30,62,,,,,,,,,,,,,,,,,,,,,50,52,58,30,62
C. McAleer,25,175,59,60,180000,81,54,49,63,32,50,,,,,,,,,,,,,,,,,,,,,54,49,63,32,50
J. Ingham,25,180,59,60,180000,82,53,51,59,20,52,,,,,,,,,,,,,,,,,,,,,53,51,59,20,52
Wang Qiuming,26,173,59,60,180000,73,53,57,58,44,64,,,,,,,,,,,,,,,,,,,,,53,57,58,44,64
P. O'Vich,27,192,59,60,180000,43,58,44,53,26,63,,,,,,,,,,,,,,,,,,,,,58,44,53,26,63
N. Ouammou,26,181,59,60,180000,63,46,55,64,27,48,,,,,,,,,,,,,,,,,,,,,46,55,64,27,48
M. Rayman,22,174,58,68,180000,84,27,48,52,55,60,,,,,,,,,,,,,,,,,,,,,27,48,52,55,60
T. Sopacua,19,174,58,68,180000,63,34,41,57,58,56,,,,,,,,,,,,,,,,,,,,,34,41,57,58,56
A. Mayer,22,169,58,68,180000,69,27,50,64,53,48,,,,,,,,,,,,,,,,,,,,,27,50,64,53,48
L. Fontanesi,23,181,58,67,180000,63,34,38,39,61,62,,,,,,,,,,,,,,,,,,,,,34,38,39,61,62
N. Hoffmann,22,194,58,67,180000,53,24,36,38,58,58,,,,,,,,,,,,,,,,,,,,,24,36,38,58,58
S. Sinyan,22,188,58,67,180000,64,39,50,52,54,67,,,,,,,,,,,,,,,,,,,,,39,50,52,54,67
A. Al Yousif,22,186,58,67,180000,75,37,49,51,53,61,,,,,,,,,,,,,,,,,,,,,37,49,51,53,61
C. Levingston,21,175,58,67,180000,62,55,54,56,57,61,,,,,,,,,,,,,,,,,,,,,55,54,56,57,61
T. Damsgaard,21,185,58,67,180000,67,33,47,58,52,60,,,,,,,,,,,,,,,,,,,,,33,47,58,52,60
A. Majrashi,23,165,58,67,180000,58,34,49,55,56,63,,,,,,,,,,,,,,,,,,,,,34,49,55,56,63
A. Ba Masoud,23,177,58,67,180000,74,46,52,57,53,57,,,,,,,,,,,,,,,,,,,,,46,52,57,53,57
Yang Shuai,22,180,58,67,180000,57,31,39,38,55,67,,,,,,,,,,,,,,,,,,,,,31,39,38,55,67
C. Manley,23,180,58,67,180000,69,45,53,56,56,60,,,,,,,,,,,,,,,,,,,,,45,53,56,56,60
E. Holt,22,185,58,67,180000,54,26,32,30,57,66,,,,,,,,,,,,,,,,,,,,,26,32,30,57,66
D. Quiñones,20,168,58,67,180000,73,43,56,56,52,55,,,,,,,,,,,,,,,,,,,,,43,56,56,52,55
L. Kwadwo,22,185,58,67,180000,62,28,47,53,54,68,,,,,,,,,,,,,,,,,,,,,28,47,53,54,68
D. Carlson,21,186,58,67,180000,66,24,45,53,55,65,,,,,,,,,,,,,,,,,,,,,24,45,53,55,65
H. Al Ameri,22,178,58,67,180000,76,29,51,53,54,53,,,,,,,,,,,,,,,,,,,,,29,51,53,54,53
E. Sepil,20,180,58,67,180000,62,32,40,54,60,53,,,,,,,,,,,,,,,,,,,,,32,40,54,60,53
C. Lewis,22,173,58,66,180000,71,55,57,63,44,48,,,,,,,,,,,,,,,,,,,,,55,57,63,44,48
M. Smith,23,178,58,65,180000,69,51,56,60,52,62,,,,,,,,,,,,,,,,,,,,,51,56,60,52,62
G. O'Neill,24,180,58,65,180000,57,51,59,58,53,63,,,,,,,,,,,,,,,,,,,,,51,59,58,53,63
T. Campbell,22,185,58,65,180000,72,56,48,62,30,60,,,,,,,,,,,,,,,,,,,,,56,48,62,30,60
M. Ogkmpoe,24,188,58,65,180000,70,56,38,54,21,57,,,,,,,,,,,,,,,,,,,,,56,38,54,21,57
T. Pedersen,22,184,58,65,180000,69,38,55,57,56,56,,,,,,,,,,,,,,,,,,,,,38,55,57,56,56
A. Roscrow,24,184,58,65,180000,81,57,44,55,23,61,,,,,,,,,,,,,,,,,,,,,57,44,55,23,61
E. Cuevas,22,178,58,65,180000,55,51,58,64,39,45,,,,,,,,,,,,,,,,,,,,,51,58,64,39,45
H. Kavaklıdere,21,172,58,65,180000,64,51,55,61,30,44,,,,,,,,,,,,,,,,,,,,,51,55,61,30,44
G. Murillo,23,180,58,65,180000,64,57,41,53,17,61,,,,,,,,,,,,,,,,,,,,,57,41,53,17,61
E. Stokes,23,172,58,64,180000,70,56,46,59,22,53,,,,,,,,,,,,,,,,,,,,,56,46,59,22,53
Gao Huaze,21,178,58,64,180000,71,56,50,58,42,63,,,,,,,,,,,,,,,,,,,,,56,50,58,42,63
S. Mauritz-Hansen,24,182,58,64,180000,65,59,48,56,23,54,,,,,,,,,,,,,,,,,,,,,59,48,56,23,54
G. Wild,23,178,58,64,180000,61,58,45,58,31,62,,,,,,,,,,,,,,,,,,,,,58,45,58,31,62
S. Liseth,21,182,58,64,180000,63,56,45,56,29,59,,,,,,,,,,,,,,,,,,,,,56,45,56,29,59
Maxwell,24,182,58,64,180000,71,54,53,62,25,50,,,,,,,,,,,,,,,,,,,,,54,53,62,25,50
M. Geran,23,178,58,64,180000,71,59,45,60,26,55,,,,,,,,,,,,,,,,,,,,,59,45,60,26,55
J. González,20,182,58,64,180000,64,61,56,59,31,60,,,,,,,,,,,,,,,,,,,,,61,56,59,31,60
H. Pickering,20,184,57,70,180000,65,35,51,51,55,63,,,,,,,,,,,,,,,,,,,,,35,51,51,55,63
M. Trejo,20,181,57,70,180000,60,33,40,56,57,58,,,,,,,,,,,,,,,,,,,,,33,40,56,57,58
S. Bouzar,19,184,57,70,180000,63,34,46,49,56,61,,,,,,,,,,,,,,,,,,,,,34,46,49,56,61
J. Löfgren,22,193,57,70,180000,58,29,40,44,54,69,,,,,,,,,,,,,,,,,,,,,29,40,44,54,69
V. Gembalies,19,185,57,70,180000,57,27,34,46,55,67,,,,,,,,,,,,,,,,,,,,,27,34,46,55,67
A. Ioniță,19,178,57,70,180000,84,24,48,53,49,57,,,,,,,,,,,,,,,,,,,,,24,48,53,49,57
H. Clifton,21,180,57,69,180000,75,50,53,58,53,66,,,,,,,,,,,,,,,,,,,,,50,53,58,53,66
S. Baptiste,21,180,57,69,180000,57,41,54,56,54,53,,,,,,,,,,,,,,,,,,,,,41,54,56,54,53
J. Bandez,19,169,57,69,180000,73,49,54,59,31,53,,,,,,,,,,,,,,,,,,,,,49,54,59,31,53
S. Chergui,20,177,57,69,180000,60,35,55,58,55,54,,,,,,,,,,,,,,,,,,,,,35,55,58,55,54
S. Mensah,19,178,57,69,180000,76,44,50,61,26,49,,,,,,,,,,,,,,,,,,,,,44,50,61,26,49
L. Wanner,19,175,57,69,180000,66,41,54,54,52,50,,,,,,,,,,,,,,,,,,,,,41,54,54,52,50
C. Wakefield,21,184,57,68,180000,83,47,50,57,45,43,,,,,,,,,,,,,,,,,,,,,47,50,57,45,43
R. East,20,168,57,68,180000,69,49,57,62,35,42,,,,,,,,,,,,,,,,,,,,,49,57,62,35,42
T. Schmitt,22,180,57,68,180000,67,58,49,60,25,63,,,,,,,,,,,,,,,,,,,,,58,49,60,25,63
J. Mouaddib,20,171,57,68,180000,63,48,57,64,46,39,,,,,,,,,,,,,,,,,,,,,48,57,64,46,39
S. Ramos Mingo,17,185,56,81,180000,55,29,33,35,58,55,,,,,,,,,,,,,,,,,,,,,29,33,35,58,55
J. Van Hecke,17,175,56,76,180000,62,41,57,58,50,46,,,,,,,,,,,,,,,,,,,,,41,57,58,50,46
A. Hasanally,17,165,56,76,180000,87,51,47,58,34,43,,,,,,,,,,,,,,,,,,,,,51,47,58,34,43
J. Roth,18,183,56,76,180000,60,38,51,55,53,60,,,,,,,,,,,,,,,,,,,,,38,51,55,53,60
D. Sanderson,19,186,56,75,180000,72,40,47,54,53,66,,,,,,,,,,,,,,,,,,,,,40,47,54,53,66
L. Alarcón,19,183,56,75,180000,60,21,30,30,56,64,,,,,,,,,,,,,,,,,,,,,21,30,30,56,64
A. Pitu,17,176,56,75,180000,76,46,51,59,22,41,,,,,,,,,,,,,,,,,,,,,46,51,59,22,41
T. Wilson,19,172,56,74,180000,66,32,45,55,52,49,,,,,,,,,,,,,,,,,,,,,32,45,55,52,49
H. Guenouche,19,168,56,74,180000,83,31,43,63,51,48,,,,,,,,,,,,,,,,,,,,,31,43,63,51,48
G. Bajrami,19,182,56,74,180000,61,48,30,33,59,57,,,,,,,,,,,,,,,,,,,,,48,30,33,59,57
J. Stanisic,19,186,56,74,180000,63,22,37,44,54,58,,,,,,,,,,,,,,,,,,,,,22,37,44,54,58
C. Dumitru,17,173,56,73,180000,69,56,34,56,17,47,,,,,,,,,,,,,,,,,,,,,56,34,56,17,47
C. Kameraj,20,180,56,73,180000,79,36,43,60,51,54,,,,,,,,,,,,,,,,,,,,,36,43,60,51,54
M. Al Rashidi,20,170,56,72,180000,74,36,45,53,52,58,,,,,,,,,,,,,,,,,,,,,36,45,53,52,58
M. Kulke,18,177,56,72,180000,67,51,52,56,42,49,,,,,,,,,,,,,,,,,,,,,51,52,56,42,49
D. Palmieri,18,177,56,72,180000,60,39,54,56,46,54,,,,,,,,,,,,,,,,,,,,,39,54,56,46,54
D. Sesay,20,184,56,71,180000,76,40,47,58,53,59,,,,,,,,,,,,,,,,,,,,,40,47,58,53,59
T. Howe,20,177,56,71,180000,79,38,44,54,50,52,,,,,,,,,,,,,,,,,,,,,38,44,54,50,52
R. Clampin,20,180,56,71,180000,80,40,46,57,50,55,,,,,,,,,,,,,,,,,,,,,40,46,57,50,55
R. Norrington-Davies,20,186,56,71,180000,66,30,46,50,54,56,,,,,,,,,,,,,,,,,,,,,30,46,50,54,56
B. Jerez,20,171,56,71,180000,71,34,49,55,49,64,,,,,,,,,,,,,,,,,,,,,34,49,55,49,64
W. Tanaka,18,169,56,71,180000,64,36,54,56,44,43,,,,,,,,,,,,,,,,,,,,,36,54,56,44,43
H. Darling,19,180,56,70,180000,70,24,34,36,54,66,,,,,,,,,,,,,,,,,,,,,24,34,36,54,66
D. Pierias,19,168,56,70,180000,86,27,47,56,48,54,,,,,,,,,,,,,,,,,,,,,27,47,56,48,54
F. Botișeriu,20,179,56,70,180000,69,33,44,48,53,57,,,,,,,,,,,,,,,,,,,,,33,44,48,53,57
M. Steinwender,19,190,56,70,180000,50,29,37,35,54,58,,,,,,,,,,,,,,,,,,,,,29,37,35,54,58
N. Mickelson,19,185,56,70,180000,70,28,40,54,51,64,,,,,,,,,,,,,,,,,,,,,28,40,54,51,64
D. De Vita,19,189,56,70,180000,60,30,35,39,54,63,,,,,,,,,,,,,,,,,,,,,30,35,39,54,63
S. Nombe,20,180,56,69,180000,69,53,49,57,24,60,,,,,,,,,,,,,,,,,,,,,53,49,57,24,60
C. Herrera,18,169,55,78,180000,58,48,57,57,36,45,,,,,,,,,,,,,,,,,,,,,48,57,57,36,45
S. Walker,18,172,55,76,180000,63,56,40,52,17,43,,,,,,,,,,,,,,,,,,,,,56,40,52,17,43
H. Knibbs,20,180,55,72,180000,54,56,40,53,20,44,,,,,,,,,,,,,,,,,,,,,56,40,53,20,44
I. Ibáñez,20,172,55,72,180000,63,53,40,56,23,46,,,,,,,,,,,,,,,,,,,,,53,40,56,23,46
M. Haile-Selassie,20,177,55,71,180000,79,32,49,60,35,50,,,,,,,,,,,,,,,,,,,,,32,49,60,35,50
P. Teixeira,20,178,55,71,180000,64,48,50,57,33,50,,,,,,,,,,,,,,,,,,,,,48,50,57,33,50
R. Berişbek,20,175,55,71,180000,58,45,58,54,42,46,,,,,,,,,,,,,,,,,,,,,45,58,54,42,46
Ko Jae Hyun,20,180,55,70,180000,70,53,45,59,24,45,,,,,,,,,,,,,,,,,,,,,53,45,59,24,45
M. Castaño,20,175,55,70,180000,69,41,56,58,40,42,,,,,,,,,,,,,,,,,,,,,41,56,58,40,42
J. Khasa,21,187,55,70,180000,75,53,39,62,18,59,,,,,,,,,,,,,,,,,,,,,53,39,62,18,59
S. Acuña,20,180,55,70,180000,71,48,48,59,22,39,,,,,,,,,,,,,,,,,,,,,48,48,59,22,39
K. Mellado,20,179,55,69,180000,71,53,40,55,21,57,,,,,,,,,,,,,,,,,,,,,53,40,55,21,57
L. Dunne,20,175,55,69,180000,71,43,56,58,37,38,,,,,,,,,,,,,,,,,,,,,43,56,58,37,38
J. Koroma,20,178,55,69,180000,67,51,46,58,30,46,,,,,,,,,,,,,,,,,,,,,51,46,58,30,46
J. Ponticelli,20,180,55,69,180000,77,60,33,48,20,50,,,,,,,,,,,,,,,,,,,,,60,33,48,20,50
J. López,20,173,55,69,180000,75,54,43,57,23,46,,,,,,,,,,,,,,,,,,,,,54,43,57,23,46
Y. Mahdy,21,178,55,69,180000,67,53,44,57,19,55,,,,,,,,,,,,,,,,,,,,,53,44,57,19,55
F. Mader,36,180,65,65,170000,52,60,68,63,57,59,,,,,,,,,,,,,,,,,,,,,60,68,63,57,59
D. Perkins,37,168,65,65,170000,57,52,61,64,64,69,,,,,,,,,,,,,,,,,,,,,52,61,64,64,69
N. Bishop,37,186,65,65,170000,62,57,58,60,67,77,,,,,,,,,,,,,,,,,,,,,57,58,60,67,77
D. Potter,34,185,64,64,170000,50,53,60,59,61,70,,,,,,,,,,,,,,,,,,,,,53,60,59,61,70
Carlos Caballero,34,174,64,64,170000,45,61,69,61,60,58,,,,,,,,,,,,,,,,,,,,,61,69,61,60,58
K. Chiba,34,183,64,64,170000,45,36,50,50,61,66,,,,,,,,,,,,,,,,,,,,,36,50,50,61,66
T. Craig,34,185,64,64,170000,41,31,53,50,62,75,,,,,,,,,,,,,,,,,,,,,31,53,50,62,75
H. Taniguchi,34,182,64,64,170000,46,58,62,62,62,66,,,,,,,,,,,,,,,,,,,,,58,62,62,62,66
Lee Yun Pyo,34,184,64,64,170000,40,46,46,58,63,65,,,,,,,,,,,,,,,,,,,,,46,46,58,63,65
L. Fontaine,33,188,63,63,170000,60,29,50,54,61,70,,,,,,,,,,,,,,,,,,,,,29,50,54,61,70
S. Anderson,33,180,63,63,170000,25,20,42,39,66,64,,,,,,,,,,,,,,,,,,,,,20,42,39,66,64
R. Sutton,33,183,63,63,170000,52,33,41,38,61,72,,,,,,,,,,,,,,,,,,,,,33,41,38,61,72
G. Sawyer,33,183,63,63,170000,56,37,58,59,62,67,,,,,,,,,,,,,,,,,,,,,37,58,59,62,67
Chen Lei,33,182,63,63,170000,60,56,57,62,61,65,,,,,,,,,,,,,,,,,,,,,56,57,62,61,65
D. Niwa,33,181,63,63,170000,37,33,44,47,62,58,,,,,,,,,,,,,,,,,,,,,33,44,47,62,58
M. Fujita,33,176,63,63,170000,56,43,59,65,60,66,,,,,,,,,,,,,,,,,,,,,43,59,65,60,66
S. Morishita,33,178,63,63,170000,52,26,41,48,63,69,,,,,,,,,,,,,,,,,,,,,26,41,48,63,69
M. Gebers,33,189,63,63,170000,52,24,39,38,62,64,,,,,,,,,,,,,,,,,,,,,24,39,38,62,64
R. Patriche,33,181,63,63,170000,34,23,45,34,62,78,,,,,,,,,,,,,,,,,,,,,23,45,34,62,78
G. Taylor,29,177,60,60,170000,71,41,53,54,59,71,,,,,,,,,,,,,,,,,,,,,41,53,54,59,71
J. Coulson,30,191,60,60,170000,60,27,39,35,57,74,,,,,,,,,,,,,,,,,,,,,27,39,35,57,74
A. El Hriti,29,181,60,60,170000,67,35,51,56,59,62,,,,,,,,,,,,,,,,,,,,,35,51,56,59,62
S. Kassar,29,170,60,60,170000,76,38,52,58,57,64,,,,,,,,,,,,,,,,,,,,,38,52,58,57,64
Qiu Tianyi,30,192,60,60,170000,77,28,34,52,55,74,,,,,,,,,,,,,,,,,,,,,28,34,52,55,74
R. Cabrera,30,187,60,60,170000,51,33,36,34,59,69,,,,,,,,,,,,,,,,,,,,,33,36,34,59,69
S. Eichmeier,29,176,60,60,170000,67,30,51,61,57,54,,,,,,,,,,,,,,,,,,,,,30,51,61,57,54
M. Sánchez,29,182,60,60,170000,70,36,45,57,62,63,,,,,,,,,,,,,,,,,,,,,36,45,57,62,63
S. Al Sharif,27,174,59,62,170000,54,38,48,54,57,73,,,,,,,,,,,,,,,,,,,,,38,48,54,57,73
Park Byung Hyun,26,184,59,62,170000,68,28,46,41,57,68,,,,,,,,,,,,,,,,,,,,,28,46,41,57,68
A. Al Shamrani,25,175,59,62,170000,59,29,42,43,57,64,,,,,,,,,,,,,,,,,,,,,29,42,43,57,64
D. Sánchez,26,180,59,62,170000,66,26,45,52,60,64,,,,,,,,,,,,,,,,,,,,,26,45,52,60,64
J. Melling,24,174,59,61,170000,61,43,50,57,53,75,,,,,,,,,,,,,,,,,,,,,43,50,57,53,75
M. Rozwandowicz,25,184,59,61,170000,62,38,53,54,57,63,,,,,,,,,,,,,,,,,,,,,38,53,54,57,63
B. Kalinkowski,24,182,59,60,170000,77,41,54,57,52,67,,,,,,,,,,,,,,,,,,,,,41,54,57,52,67
S. Beyaz,26,176,59,59,170000,65,57,58,60,31,38,,,,,,,,,,,,,,,,,,,,,57,58,60,31,38
R. Donelon,23,171,58,66,170000,67,31,55,58,53,60,,,,,,,,,,,,,,,,,,,,,31,55,58,53,60
M. Kiilerich,23,180,58,66,170000,57,26,37,39,58,60,,,,,,,,,,,,,,,,,,,,,26,37,39,58,60
D. Kane,22,188,58,66,170000,64,34,52,56,57,61,,,,,,,,,,,,,,,,,,,,,34,52,56,57,61
M. Tokida,21,187,58,66,170000,75,25,38,33,56,67,,,,,,,,,,,,,,,,,,,,,25,38,33,56,67
Zhang Huachen,21,175,58,66,170000,75,43,53,54,58,58,,,,,,,,,,,,,,,,,,,,,43,53,54,58,58
N. Logue,23,193,58,66,170000,50,28,39,29,56,64,,,,,,,,,,,,,,,,,,,,,28,39,29,56,64
Luo Hao,24,186,58,66,170000,53,32,44,42,58,61,,,,,,,,,,,,,,,,,,,,,32,44,42,58,61
Fabio,23,188,58,66,170000,61,24,35,37,55,77,,,,,,,,,,,,,,,,,,,,,24,35,37,55,77
G. Szymusik,21,182,58,66,170000,70,30,44,54,54,61,,,,,,,,,,,,,,,,,,,,,30,44,54,54,61
Y. Al Harbi,22,170,58,66,170000,63,35,52,58,54,58,,,,,,,,,,,,,,,,,,,,,35,52,58,54,58
M. Rouzies,22,182,58,66,170000,58,27,37,40,60,61,,,,,,,,,,,,,,,,,,,,,27,37,40,60,61
R. Takao,22,181,58,66,170000,63,32,48,54,55,61,,,,,,,,,,,,,,,,,,,,,32,48,54,55,61
H. Adamczyk,21,180,58,64,170000,70,52,56,66,42,51,,,,,,,,,,,,,,,,,,,,,52,56,66,42,51
R. Alm,23,174,58,64,170000,80,55,53,59,35,57,,,,,,,,,,,,,,,,,,,,,55,53,59,35,57
Na Sung Eun,23,174,58,64,170000,63,44,54,61,30,39,,,,,,,,,,,,,,,,,,,,,44,54,61,30,39
D. James,24,174,58,64,170000,87,55,47,61,24,50,,,,,,,,,,,,,,,,,,,,,55,47,61,24,50
M. Blakstad,25,194,58,63,170000,45,51,56,55,53,67,,,,,,,,,,,,,,,,,,,,,51,56,55,53,67
A. Delgado,24,174,58,63,170000,66,52,50,62,42,61,,,,,,,,,,,,,,,,,,,,,52,50,62,42,61
M. Reinthaler,24,193,58,63,170000,51,45,56,56,56,71,,,,,,,,,,,,,,,,,,,,,45,56,56,56,71
R. Swan,23,185,58,63,170000,65,55,46,54,20,64,,,,,,,,,,,,,,,,,,,,,55,46,54,20,64
Yu In Soo,24,177,58,63,170000,72,56,50,60,38,61,,,,,,,,,,,,,,,,,,,,,56,50,60,38,61
B. Wright,24,184,58,63,170000,40,58,35,58,25,65,,,,,,,,,,,,,,,,,,,,,58,35,58,25,65
Kim Woo Hong,24,174,58,63,170000,74,53,43,65,32,50,,,,,,,,,,,,,,,,,,,,,53,43,65,32,50
T. Mizutani,23,162,58,63,170000,77,43,54,64,39,39,,,,,,,,,,,,,,,,,,,,,43,54,64,39,39
B. Zahn,23,190,58,63,170000,54,59,39,51,25,64,,,,,,,,,,,,,,,,,,,,,59,39,51,25,64
N. Boyle,25,183,58,62,170000,85,54,43,58,27,61,,,,,,,,,,,,,,,,,,,,,54,43,58,27,61
B. Tollitt,24,182,58,62,170000,75,50,53,59,35,56,,,,,,,,,,,,,,,,,,,,,50,53,59,35,56
G. Deac,24,184,58,62,170000,67,46,53,58,27,49,,,,,,,,,,,,,,,,,,,,,46,53,58,27,49
C. Carroll,20,182,57,69,170000,54,35,48,54,56,59,,,,,,,,,,,,,,,,,,,,,35,48,54,56,59
J. Grant,20,183,57,69,170000,64,30,45,50,57,64,,,,,,,,,,,,,,,,,,,,,30,45,50,57,64
K. Stabana,20,185,57,69,170000,76,28,43,53,55,62,,,,,,,,,,,,,,,,,,,,,28,43,53,55,62
U. Yazğılı,20,182,57,69,170000,56,28,32,36,57,61,,,,,,,,,,,,,,,,,,,,,28,32,36,57,61
J. Congo,21,177,57,68,170000,69,40,47,49,55,63,,,,,,,,,,,,,,,,,,,,,40,47,49,55,63
F. Waleed,20,174,57,68,170000,68,42,49,54,51,70,,,,,,,,,,,,,,,,,,,,,42,49,54,51,70
S. Boyd,22,180,57,67,170000,51,60,46,57,19,40,,,,,,,,,,,,,,,,,,,,,60,46,57,19,40
K. Petratos,21,181,57,67,170000,77,48,52,58,35,59,,,,,,,,,,,,,,,,,,,,,48,52,58,35,59
C. Maycock,21,182,57,67,170000,67,42,52,57,56,67,,,,,,,,,,,,,,,,,,,,,42,52,57,56,67
H. Phillips,21,175,57,67,170000,72,49,54,59,36,56,,,,,,,,,,,,,,,,,,,,,49,54,59,36,56
A. Ramírez,20,178,57,67,170000,67,55,50,60,24,58,,,,,,,,,,,,,,,,,,,,,55,50,60,24,58
D. Rodney,21,178,57,67,170000,75,55,45,58,23,61,,,,,,,,,,,,,,,,,,,,,55,45,58,23,61
A. Fletcher,20,179,57,67,170000,73,56,44,57,20,55,,,,,,,,,,,,,,,,,,,,,56,44,57,20,55
D. Kemp,20,168,57,67,170000,70,47,50,64,27,34,,,,,,,,,,,,,,,,,,,,,47,50,64,27,34
J. Kiersey,20,175,57,67,170000,67,50,55,58,53,61,,,,,,,,,,,,,,,,,,,,,50,55,58,53,61
A. Ammitzbøll,20,188,57,67,170000,68,53,40,56,28,58,,,,,,,,,,,,,,,,,,,,,53,40,56,28,58
Kim Joon Beom,21,176,57,67,170000,72,41,53,58,46,62,,,,,,,,,,,,,,,,,,,,,41,53,58,46,62
D. Jäpel,21,178,57,67,170000,69,57,45,59,21,52,,,,,,,,,,,,,,,,,,,,,57,45,59,21,52
M. Laci,21,188,57,67,170000,64,41,54,56,53,63,,,,,,,,,,,,,,,,,,,,,41,54,56,53,63
A. Serna,21,183,57,67,170000,69,49,49,51,56,70,,,,,,,,,,,,,,,,,,,,,49,49,51,56,70
R. Al Shamlan,20,175,57,67,170000,67,51,57,60,38,49,,,,,,,,,,,,,,,,,,,,,51,57,60,38,49
G. Dorsey,20,183,57,67,170000,73,49,50,59,43,56,,,,,,,,,,,,,,,,,,,,,49,50,59,43,56
C. Casap,20,179,57,67,170000,68,47,53,62,43,51,,,,,,,,,,,,,,,,,,,,,47,53,62,43,51
E. Jiménez,21,174,57,67,170000,56,57,50,56,31,43,,,,,,,,,,,,,,,,,,,,,57,50,56,31,43
Y. Türk,21,181,57,67,170000,55,61,44,51,19,51,,,,,,,,,,,,,,,,,,,,,61,44,51,19,51
D. Fage,20,178,57,67,170000,76,42,53,62,50,48,,,,,,,,,,,,,,,,,,,,,42,53,62,50,48
D. Revan,18,192,56,75,170000,65,27,38,44,54,59,,,,,,,,,,,,,,,,,,,,,27,38,44,54,59
J. Albrecht,17,182,56,73,170000,55,53,58,61,53,46,,,,,,,,,,,,,,,,,,,,,53,58,61,53,46
B. Fındık,18,179,56,73,170000,57,30,34,34,59,51,,,,,,,,,,,,,,,,,,,,,30,34,34,59,51
Almerge,18,178,56,72,170000,63,37,50,51,54,51,,,,,,,,,,,,,,,,,,,,,37,50,51,54,51
M. Leca,18,181,56,72,170000,68,28,34,36,55,61,,,,,,,,,,,,,,,,,,,,,28,34,36,55,61
L. Gibbens,18,182,56,71,170000,57,31,39,41,54,66,,,,,,,,,,,,,,,,,,,,,31,39,41,54,66
H. Andersson,17,190,56,71,170000,45,26,30,33,57,58,,,,,,,,,,,,,,,,,,,,,26,30,33,57,58
R. Cruz,21,173,56,69,170000,71,51,51,57,37,55,,,,,,,,,,,,,,,,,,,,,51,51,57,37,55
Y. Khormi,21,171,56,69,170000,67,49,46,66,42,45,,,,,,,,,,,,,,,,,,,,,49,46,66,42,45
D. Kasumu,19,180,56,69,170000,66,46,56,59,51,56,,,,,,,,,,,,,,,,,,,,,46,56,59,51,56
J. Rankin-Costello,19,183,56,69,170000,73,48,50,58,41,50,,,,,,,,,,,,,,,,,,,,,48,50,58,41,50
H. Bellman,20,170,56,69,170000,74,42,50,57,32,55,,,,,,,,,,,,,,,,,,,,,42,50,57,32,55
Wu Shaocong,19,192,56,69,170000,65,51,55,57,57,57,,,,,,,,,,,,,,,,,,,,,51,55,57,57,57
E. Carratala Jimenez,19,176,56,69,170000,68,50,48,62,21,45,,,,,,,,,,,,,,,,,,,,,50,48,62,21,45
B. Mumba,17,163,55,80,170000,61,37,53,54,53,57,,,,,,,,,,,,,,,,,,,,,37,53,54,53,57
U. Vasic,17,172,55,78,170000,69,50,51,58,26,45,,,,,,,,,,,,,,,,,,,,,50,51,58,26,45
L. Sibley,17,180,55,77,170000,64,37,55,53,48,56,,,,,,,,,,,,,,,,,,,,,37,55,53,48,56
T. Renaud,18,175,55,77,170000,60,39,49,56,54,53,,,,,,,,,,,,,,,,,,,,,39,49,56,54,53
C. Goslin,19,170,55,75,170000,60,49,56,61,42,48,,,,,,,,,,,,,,,,,,,,,49,56,61,42,48
I. Aliu,19,180,55,75,170000,65,37,50,61,44,42,,,,,,,,,,,,,,,,,,,,,37,50,61,44,42
R. Burrell,18,176,55,75,170000,76,54,37,55,16,48,,,,,,,,,,,,,,,,,,,,,54,37,55,16,48
I. Cameron,18,191,55,73,170000,59,54,54,56,44,61,,,,,,,,,,,,,,,,,,,,,54,54,56,44,61
A. Diaz,19,172,55,73,170000,62,65,50,56,47,49,,,,,,,,,,,,,,,,,,,,,65,50,56,47,49
J. Łoś,18,175,55,73,170000,65,53,38,48,33,53,,,,,,,,,,,,,,,,,,,,,53,38,48,33,53
S. Janneh,19,181,55,73,170000,74,54,43,57,19,44,,,,,,,,,,,,,,,,,,,,,54,43,57,19,44
J. Adebayo-Smith,18,181,55,73,170000,80,51,36,55,21,48,,,,,,,,,,,,,,,,,,,,,51,36,55,21,48
J. Doyle-Hayes,20,175,55,72,170000,72,44,51,55,48,52,,,,,,,,,,,,,,,,,,,,,44,51,55,48,52
G. Lloyd,19,173,55,72,170000,76,52,46,59,23,60,,,,,,,,,,,,,,,,,,,,,52,46,59,23,60
S. Jørgensen,19,183,55,72,170000,68,47,50,57,23,44,,,,,,,,,,,,,,,,,,,,,47,50,57,23,44
I. Schubert-Abubakari,18,171,55,72,170000,78,55,46,63,16,44,,,,,,,,,,,,,,,,,,,,,55,46,63,16,44
A. Diakhate,20,179,55,71,170000,60,46,54,52,55,59,,,,,,,,,,,,,,,,,,,,,46,54,52,55,59
H. Finndell,19,177,55,71,170000,65,46,55,62,46,57,,,,,,,,,,,,,,,,,,,,,46,55,62,46,57
F. Durmuş,20,181,55,71,170000,61,39,57,55,55,51,,,,,,,,,,,,,,,,,,,,,39,57,55,55,51
A. Farid,19,172,55,71,170000,73,48,50,56,26,41,,,,,,,,,,,,,,,,,,,,,48,50,56,26,41
G. Pintidis,19,185,55,71,170000,60,34,53,54,54,55,,,,,,,,,,,,,,,,,,,,,34,53,54,54,55
A. Concha,20,169,55,71,170000,64,48,55,62,35,45,,,,,,,,,,,,,,,,,,,,,48,55,62,35,45
N. Niemann,19,171,55,70,170000,72,47,45,63,24,41,,,,,,,,,,,,,,,,,,,,,47,45,63,24,41
E. Varhaugvik Breivik,19,180,55,70,170000,73,44,52,56,53,67,,,,,,,,,,,,,,,,,,,,,44,52,56,53,67
D. Politic,19,189,55,70,170000,72,48,49,58,30,57,,,,,,,,,,,,,,,,,,,,,48,49,58,30,57
D. Ruiz-Diaz,18,175,55,70,170000,82,54,40,57,18,51,,,,,,,,,,,,,,,,,,,,,54,40,57,18,51
R. Barnett,19,180,55,69,170000,69,45,52,58,41,52,,,,,,,,,,,,,,,,,,,,,45,52,58,41,52
T. Al Otaibi,19,173,55,69,170000,64,46,49,62,35,40,,,,,,,,,,,,,,,,,,,,,46,49,62,35,40
Y. Ogaki,19,175,55,69,170000,68,51,44,59,22,51,,,,,,,,,,,,,,,,,,,,,51,44,59,22,51
N. Morahan,19,176,55,69,170000,67,50,53,56,52,48,,,,,,,,,,,,,,,,,,,,,50,53,56,52,48
J. Cavallo,19,170,55,69,170000,64,39,51,56,52,53,,,,,,,,,,,,,,,,,,,,,39,51,56,52,53
A. Scott,19,180,55,69,170000,76,53,44,54,17,52,,,,,,,,,,,,,,,,,,,,,53,44,54,17,52
K. Ishii,19,174,55,69,170000,62,56,46,58,21,50,,,,,,,,,,,,,,,,,,,,,56,46,58,21,50
V. Boniface,19,173,55,69,170000,76,56,42,59,19,45,,,,,,,,,,,,,,,,,,,,,56,42,59,19,45
D. Beasley,37,172,68,68,160000,74,58,64,66,65,64,,,,,,,,,,,,,,,,,,,,,58,64,66,65,64
R. Clark,36,178,67,67,160000,61,62,61,62,64,72,,,,,,,,,,,,,,,,,,,,,62,61,62,64,72
Y. Konno,36,178,67,67,160000,32,50,64,52,67,69,,,,,,,,,,,,,,,,,,,,,50,64,52,67,69
A. Butler,35,183,65,65,160000,34,35,45,44,64,74,,,,,,,,,,,,,,,,,,,,,35,45,44,64,74
L. Miller,36,188,64,64,160000,49,64,61,59,43,76,,,,,,,,,,,,,,,,,,,,,64,61,59,43,76
S. MacLean,36,180,64,64,160000,52,62,58,64,34,73,,,,,,,,,,,,,,,,,,,,,62,58,64,34,73
B. Fuller,34,178,64,64,160000,64,42,52,53,61,79,,,,,,,,,,,,,,,,,,,,,42,52,53,61,79
J. Arvidsson,34,181,64,64,160000,58,50,67,59,62,69,,,,,,,,,,,,,,,,,,,,,50,67,59,62,69
Fábinho,34,170,64,64,160000,67,52,61,68,62,67,,,,,,,,,,,,,,,,,,,,,52,61,68,62,67
Fabiem Jardim,35,182,63,63,160000,67,63,57,64,36,58,,,,,,,,,,,,,,,,,,,,,63,57,64,36,58
C. O'Grady,33,191,61,61,160000,51,61,45,48,36,81,,,,,,,,,,,,,,,,,,,,,61,45,48,36,81
Cui Peng,32,177,61,61,160000,46,54,61,56,56,65,,,,,,,,,,,,,,,,,,,,,54,61,56,56,65
A. Maccoppi,32,176,61,61,160000,53,37,51,55,58,69,,,,,,,,,,,,,,,,,,,,,37,51,55,58,69
A. Arboleda,32,183,61,61,160000,51,33,48,48,59,79,,,,,,,,,,,,,,,,,,,,,33,48,48,59,79
Bai Yuefeng,32,180,61,61,160000,62,53,56,55,61,70,,,,,,,,,,,,,,,,,,,,,53,56,55,61,70
N. Mousa,32,166,61,61,160000,82,52,51,58,56,68,,,,,,,,,,,,,,,,,,,,,52,51,58,56,68
L. Marić,32,182,61,61,160000,57,32,51,57,59,67,,,,,,,,,,,,,,,,,,,,,32,51,57,59,67
S. Al Masrahi,32,185,61,61,160000,32,24,34,35,59,74,,,,,,,,,,,,,,,,,,,,,24,34,35,59,74
J. Widdowson,30,183,60,60,160000,79,25,43,59,60,70,,,,,,,,,,,,,,,,,,,,,25,43,59,60,70
P. Vincenti,32,193,60,60,160000,54,59,55,60,55,75,,,,,,,,,,,,,,,,,,,,,59,55,60,55,75
A. Al Nashi,31,176,60,60,160000,55,39,51,55,56,73,,,,,,,,,,,,,,,,,,,,,39,51,55,56,73
Liu Huan,30,183,60,60,160000,60,34,47,52,60,59,,,,,,,,,,,,,,,,,,,,,34,47,52,60,59
Ke Zhao,30,175,60,60,160000,54,30,47,56,58,74,,,,,,,,,,,,,,,,,,,,,30,47,56,58,74
S. Folan,27,185,59,61,160000,38,43,50,48,58,64,,,,,,,,,,,,,,,,,,,,,43,50,48,58,64
Zhang Wei,26,176,59,61,160000,74,33,49,54,55,64,,,,,,,,,,,,,,,,,,,,,33,49,54,55,64
A. DeJohn,28,183,59,61,160000,47,27,35,34,57,67,,,,,,,,,,,,,,,,,,,,,27,35,34,57,67
D. Leverock,27,195,59,61,160000,50,26,37,36,56,72,,,,,,,,,,,,,,,,,,,,,26,37,36,56,72
G. Gillespie,27,176,59,59,160000,64,31,59,62,56,77,,,,,,,,,,,,,,,,,,,,,31,59,62,56,77
K. Devaney,28,179,59,59,160000,67,56,55,60,34,54,,,,,,,,,,,,,,,,,,,,,56,55,60,34,54
A. Riemann,27,183,59,59,160000,73,58,56,58,36,64,,,,,,,,,,,,,,,,,,,,,58,56,58,36,64
S. Al Dosari,27,178,59,59,160000,71,44,53,61,44,64,,,,,,,,,,,,,,,,,,,,,44,53,61,44,64
Sun Bo,28,177,59,59,160000,86,49,52,61,36,62,,,,,,,,,,,,,,,,,,,,,49,52,61,36,62
Song Wenjie,28,185,59,59,160000,71,57,51,59,34,66,,,,,,,,,,,,,,,,,,,,,57,51,59,34,66
A. Albers,29,193,59,59,160000,53,58,39,48,28,67,,,,,,,,,,,,,,,,,,,,,58,39,48,28,67
R. Parkes,28,192,59,59,160000,86,54,49,53,18,69,,,,,,,,,,,,,,,,,,,,,54,49,53,18,69
C. Whitely,27,181,59,59,160000,82,56,51,62,31,56,,,,,,,,,,,,,,,,,,,,,56,51,62,31,56
D. Echeverri,29,182,59,59,160000,57,60,39,52,20,57,,,,,,,,,,,,,,,,,,,,,60,39,52,20,57
K. Wallace,24,186,58,65,160000,61,50,54,61,54,62,,,,,,,,,,,,,,,,,,,,,50,54,61,54,62
S. Tsveiba,25,183,58,65,160000,70,30,30,38,60,56,,,,,,,,,,,,,,,,,,,,,30,30,38,60,56
L. Jones,23,191,58,65,160000,57,28,41,37,57,57,,,,,,,,,,,,,,,,,,,,,28,41,37,57,57
H. Al Ruwaili,24,171,58,65,160000,70,27,48,49,55,62,,,,,,,,,,,,,,,,,,,,,27,48,49,55,62
M. Gillesphey,23,180,58,65,160000,45,33,48,44,59,65,,,,,,,,,,,,,,,,,,,,,33,48,44,59,65
R. Broom,22,177,58,65,160000,82,51,53,61,52,55,,,,,,,,,,,,,,,,,,,,,51,53,61,52,55
N. Marfelt,24,187,58,65,160000,72,39,53,57,53,60,,,,,,,,,,,,,,,,,,,,,39,53,57,53,60
M. Siby,22,189,58,65,160000,57,36,51,53,55,64,,,,,,,,,,,,,,,,,,,,,36,51,53,55,64
J. Reyes,21,185,58,65,160000,55,31,35,41,59,58,,,,,,,,,,,,,,,,,,,,,31,35,41,59,58
W. Sell,20,180,58,65,160000,66,31,45,51,58,57,,,,,,,,,,,,,,,,,,,,,31,45,51,58,57
A. Peyrelade,22,178,58,65,160000,63,38,47,55,56,56,,,,,,,,,,,,,,,,,,,,,38,47,55,56,56
S. Tanaka,22,183,58,65,160000,61,29,40,43,57,62,,,,,,,,,,,,,,,,,,,,,29,40,43,57,62
D. Fontani,22,191,58,64,160000,33,25,41,32,55,68,,,,,,,,,,,,,,,,,,,,,25,41,32,55,68
P. Sokołowski,24,181,58,64,160000,65,36,55,55,55,66,,,,,,,,,,,,,,,,,,,,,36,55,55,55,66
D. Riccardi,23,188,58,64,160000,64,27,29,38,57,66,,,,,,,,,,,,,,,,,,,,,27,29,38,57,66
O. Chatziterzoglou,23,187,58,64,160000,48,23,35,32,58,69,,,,,,,,,,,,,,,,,,,,,23,35,32,58,69
H. Ghazwani,25,168,58,62,160000,68,47,55,62,38,49,,,,,,,,,,,,,,,,,,,,,47,55,62,38,49
Feng Gang,26,176,58,61,160000,82,46,57,63,55,49,,,,,,,,,,,,,,,,,,,,,46,57,63,55,49
Wu Yizhen,25,186,58,61,160000,72,45,59,58,29,51,,,,,,,,,,,,,,,,,,,,,45,59,58,29,51
E. González,26,180,58,61,160000,56,56,41,54,24,60,,,,,,,,,,,,,,,,,,,,,56,41,54,24,60
J. Ogedi-Uzokwe,25,185,58,61,160000,87,56,46,59,26,56,,,,,,,,,,,,,,,,,,,,,56,46,59,26,56
J. Archer,25,190,58,61,160000,69,57,37,54,23,68,,,,,,,,,,,,,,,,,,,,,57,37,54,23,68
C. Marín,25,166,58,61,160000,67,43,53,53,59,62,,,,,,,,,,,,,,,,,,,,,43,53,53,59,62
Danny Esteves,24,176,58,61,160000,75,50,53,59,23,52,,,,,,,,,,,,,,,,,,,,,50,53,59,23,52
D. Amos,19,180,57,69,160000,68,38,51,55,55,55,,,,,,,,,,,,,,,,,,,,,38,51,55,55,55
J. Clarke,19,183,57,69,160000,73,36,44,51,53,65,,,,,,,,,,,,,,,,,,,,,36,44,51,53,65
E. Civelek,19,170,57,69,160000,62,31,39,55,56,50,,,,,,,,,,,,,,,,,,,,,31,39,55,56,50
R. Cundy,22,189,57,68,160000,54,24,34,30,57,64,,,,,,,,,,,,,,,,,,,,,24,34,30,57,64
J. Pask,21,187,57,68,160000,59,26,38,39,55,65,,,,,,,,,,,,,,,,,,,,,26,38,39,55,65
Kim Woo Suk,22,187,57,68,160000,45,25,37,39,54,65,,,,,,,,,,,,,,,,,,,,,25,37,39,54,65
S. Todd,21,185,57,68,160000,48,26,41,40,55,60,,,,,,,,,,,,,,,,,,,,,26,41,40,55,60
K. Digol,20,176,57,68,160000,67,35,42,52,56,65,,,,,,,,,,,,,,,,,,,,,35,42,52,56,65
M. Al Zubaidi,21,173,57,68,160000,78,29,47,57,52,60,,,,,,,,,,,,,,,,,,,,,29,47,57,52,60
D. Ingham,20,186,57,68,160000,77,42,52,62,49,61,,,,,,,,,,,,,,,,,,,,,42,52,62,49,61
P. Petlach,20,184,57,68,160000,59,25,26,32,58,60,,,,,,,,,,,,,,,,,,,,,25,26,32,58,60
M. Fischer,20,186,57,68,160000,66,26,37,50,58,62,,,,,,,,,,,,,,,,,,,,,26,37,50,58,62
L. Seydoux,21,174,57,68,160000,74,29,42,57,54,52,,,,,,,,,,,,,,,,,,,,,29,42,57,54,52
A. Reardon,20,181,57,68,160000,55,24,37,45,58,57,,,,,,,,,,,,,,,,,,,,,24,37,45,58,57
L. Lukacevic,20,178,57,68,160000,69,29,43,53,55,60,,,,,,,,,,,,,,,,,,,,,29,43,53,55,60
T. Yasui,20,172,57,67,160000,57,34,52,56,51,61,,,,,,,,,,,,,,,,,,,,,34,52,56,51,61
K. Stanek,19,186,57,67,160000,59,56,44,52,21,53,,,,,,,,,,,,,,,,,,,,,56,44,52,21,53
R. Mroivili,20,180,57,67,160000,59,43,54,59,55,54,,,,,,,,,,,,,,,,,,,,,43,54,59,55,54
A. Tripicchio,23,183,57,66,160000,67,59,50,58,18,55,,,,,,,,,,,,,,,,,,,,,59,50,58,18,55
S. Shamal,23,181,57,66,160000,70,51,41,62,20,47,,,,,,,,,,,,,,,,,,,,,51,41,62,20,47
S. Allardice,21,181,57,66,160000,48,52,56,55,55,56,,,,,,,,,,,,,,,,,,,,,52,56,55,55,56
G. Kelly,22,188,57,66,160000,54,55,47,53,21,51,,,,,,,,,,,,,,,,,,,,,55,47,53,21,51
N. Hunziker,23,180,57,66,160000,54,57,45,56,27,55,,,,,,,,,,,,,,,,,,,,,57,45,56,27,55
C. Coleman,22,187,57,66,160000,58,50,53,56,54,68,,,,,,,,,,,,,,,,,,,,,50,53,56,54,68
M. Kaalund,22,182,57,66,160000,68,51,55,59,38,57,,,,,,,,,,,,,,,,,,,,,51,55,59,38,57
O. Ünlüçifçi,22,178,57,66,160000,70,43,50,64,24,47,,,,,,,,,,,,,,,,,,,,,43,50,64,24,47
R. Borkała,20,176,57,66,160000,65,45,56,61,35,51,,,,,,,,,,,,,,,,,,,,,45,56,61,35,51
D. Pakulski,20,174,57,66,160000,64,44,54,63,40,42,,,,,,,,,,,,,,,,,,,,,44,54,63,40,42
Zubimendi,20,180,57,66,160000,61,49,59,58,40,47,,,,,,,,,,,,,,,,,,,,,49,59,58,40,47
A. Cordea,20,176,57,66,160000,59,48,55,61,33,42,,,,,,,,,,,,,,,,,,,,,48,55,61,33,42
O. Djorkaeff,22,177,57,66,160000,71,49,58,62,39,58,,,,,,,,,,,,,,,,,,,,,49,58,62,39,58
A. Österholm,23,183,57,66,160000,66,47,56,58,45,65,,,,,,,,,,,,,,,,,,,,,47,56,58,45,65
D. Hayashi,22,178,57,66,160000,62,55,44,59,24,48,,,,,,,,,,,,,,,,,,,,,55,44,59,24,48
A. Stamatelopoulos,20,184,57,65,160000,60,56,38,49,23,62,,,,,,,,,,,,,,,,,,,,,56,38,49,23,62
C. O'Keeffe,21,184,56,69,160000,68,52,52,53,52,66,,,,,,,,,,,,,,,,,,,,,52,52,53,52,66
C. Borchgrevink,20,182,56,69,160000,70,42,51,54,52,56,,,,,,,,,,,,,,,,,,,,,42,51,54,52,56
Y. Zouma,21,193,56,69,160000,56,25,27,31,55,65,,,,,,,,,,,,,,,,,,,,,25,27,31,55,65
J. Scholz,20,189,56,69,160000,61,29,44,39,53,62,,,,,,,,,,,,,,,,,,,,,29,44,39,53,62
N. Almas,19,180,56,69,160000,59,26,32,36,53,68,,,,,,,,,,,,,,,,,,,,,26,32,36,53,68
A. Canchano,20,168,56,69,160000,65,38,50,53,50,57,,,,,,,,,,,,,,,,,,,,,38,50,53,50,57
H. Duman,20,180,56,68,160000,72,51,55,59,50,59,,,,,,,,,,,,,,,,,,,,,51,55,59,50,59
S. Pedersen,20,177,56,68,160000,69,55,39,56,21,51,,,,,,,,,,,,,,,,,,,,,55,39,56,21,51
S. Alzate,20,180,56,68,160000,66,50,54,61,35,51,,,,,,,,,,,,,,,,,,,,,50,54,61,35,51
Jo Yong Jae,21,173,56,68,160000,73,44,46,58,27,51,,,,,,,,,,,,,,,,,,,,,44,46,58,27,51
L. Shabani,19,180,56,68,160000,70,46,52,65,36,44,,,,,,,,,,,,,,,,,,,,,46,52,65,36,44
P. Niyongabire,19,180,56,68,160000,86,44,45,63,27,51,,,,,,,,,,,,,,,,,,,,,44,45,63,27,51
P. Okonkwo,21,183,56,68,160000,69,53,43,61,32,58,,,,,,,,,,,,,,,,,,,,,53,43,61,32,58
M. Fuentes,21,170,56,68,160000,57,51,50,62,30,56,,,,,,,,,,,,,,,,,,,,,51,50,62,30,56
L. Kerrigan,19,171,56,68,160000,66,50,55,57,34,41,,,,,,,,,,,,,,,,,,,,,50,55,57,34,41
I. Olaofe,19,178,56,68,160000,76,54,42,57,19,53,,,,,,,,,,,,,,,,,,,,,54,42,57,19,53
A. Toptik,20,178,56,68,160000,57,53,54,58,29,41,,,,,,,,,,,,,,,,,,,,,53,54,58,29,41
B. Michel,21,178,56,68,160000,87,52,35,51,22,57,,,,,,,,,,,,,,,,,,,,,52,35,51,22,57
P. Keny,20,186,56,68,160000,48,54,35,51,27,68,,,,,,,,,,,,,,,,,,,,,54,35,51,27,68
C. Sabanci,19,183,56,68,160000,67,57,32,55,22,40,,,,,,,,,,,,,,,,,,,,,57,32,55,22,40
J. Garza,19,165,56,68,160000,71,52,54,58,34,36,,,,,,,,,,,,,,,,,,,,,52,54,58,34,36
M. Zeroual,20,166,56,67,160000,61,36,52,62,22,33,,,,,,,,,,,,,,,,,,,,,36,52,62,22,33
M. Al Hamad,20,173,56,67,160000,63,55,43,53,22,50,,,,,,,,,,,,,,,,,,,,,55,43,53,22,50
D. Stynes,20,184,56,67,160000,64,43,55,60,35,51,,,,,,,,,,,,,,,,,,,,,43,55,60,35,51
G. Bosiers,20,180,56,67,160000,65,50,53,60,31,41,,,,,,,,,,,,,,,,,,,,,50,53,60,31,41
J. García,17,165,55,79,160000,54,31,42,43,59,42,,,,,,,,,,,,,,,,,,,,,31,42,43,59,42
I. Angking,19,178,55,75,160000,68,51,53,61,51,63,,,,,,,,,,,,,,,,,,,,,51,53,61,51,63
T. Perry,17,180,55,75,160000,72,51,53,57,47,57,,,,,,,,,,,,,,,,,,,,,51,53,57,47,57
S. Alexandropoulos,17,183,55,75,160000,65,49,51,55,51,57,,,,,,,,,,,,,,,,,,,,,49,51,55,51,57
B. Kirdar,17,168,55,74,160000,73,45,53,56,28,38,,,,,,,,,,,,,,,,,,,,,45,53,56,28,38
N. Hefti,19,175,55,74,160000,67,41,44,61,52,50,,,,,,,,,,,,,,,,,,,,,41,44,61,52,50
M. Nawrocki,17,180,55,74,160000,69,45,49,56,27,50,,,,,,,,,,,,,,,,,,,,,45,49,56,27,50
C. Albornoz,18,183,55,74,160000,58,44,57,56,53,51,,,,,,,,,,,,,,,,,,,,,44,57,56,53,51
T. Francois,18,170,55,73,160000,59,42,54,61,45,36,,,,,,,,,,,,,,,,,,,,,42,54,61,45,36
A. Bastiaans,17,184,55,73,160000,53,46,56,59,44,45,,,,,,,,,,,,,,,,,,,,,46,56,59,44,45
M. Zennaro,18,180,55,73,160000,59,40,53,54,43,47,,,,,,,,,,,,,,,,,,,,,40,53,54,43,47
S. Bakan,18,171,55,72,160000,61,52,50,61,33,34,,,,,,,,,,,,,,,,,,,,,52,50,61,33,34
R. Al Otaibi,19,170,55,72,160000,72,25,48,52,51,45,,,,,,,,,,,,,,,,,,,,,25,48,52,51,45
K. Imeri,19,173,55,72,160000,70,51,52,59,54,53,,,,,,,,,,,,,,,,,,,,,51,52,59,54,53
G. Leibold,18,171,55,72,160000,67,38,50,62,29,44,,,,,,,,,,,,,,,,,,,,,38,50,62,29,44
C. Breadner,18,179,55,72,160000,76,56,51,56,24,43,,,,,,,,,,,,,,,,,,,,,56,51,56,24,43
P. Reading,20,170,55,71,160000,63,42,39,51,54,49,,,,,,,,,,,,,,,,,,,,,42,39,51,54,49
B. Johnson,19,175,55,71,160000,67,29,44,55,52,52,,,,,,,,,,,,,,,,,,,,,29,44,55,52,52
A. Iontton,18,183,55,71,160000,66,46,52,55,51,56,,,,,,,,,,,,,,,,,,,,,46,52,55,51,56
K. Piątkowski,19,191,55,71,160000,62,26,31,32,53,66,,,,,,,,,,,,,,,,,,,,,26,31,32,53,66
K. Adedoyin,18,180,55,71,160000,67,52,49,58,30,60,,,,,,,,,,,,,,,,,,,,,52,49,58,30,60
M. De Marino,19,189,55,71,160000,64,26,30,33,55,63,,,,,,,,,,,,,,,,,,,,,26,30,33,55,63
R. Edmonds-Green,20,181,55,70,160000,57,24,32,38,56,57,,,,,,,,,,,,,,,,,,,,,24,32,38,56,57
C. Moya,21,194,55,70,160000,57,25,34,30,54,63,,,,,,,,,,,,,,,,,,,,,25,34,30,54,63
L. Gamíz,19,172,55,70,160000,42,42,51,59,53,52,,,,,,,,,,,,,,,,,,,,,42,51,59,53,52
L. Klitten,19,183,55,70,160000,73,35,48,60,47,54,,,,,,,,,,,,,,,,,,,,,35,48,60,47,54
F. Hammar,18,175,55,70,160000,61,47,52,58,40,53,,,,,,,,,,,,,,,,,,,,,47,52,58,40,53
A. Marie-Sainte,20,185,55,70,160000,55,22,34,35,55,58,,,,,,,,,,,,,,,,,,,,,22,34,35,55,58
E. Çetindere,19,172,55,70,160000,59,39,52,57,53,41,,,,,,,,,,,,,,,,,,,,,39,52,57,53,41
A. Mikkelsen,18,164,55,70,160000,74,42,49,61,28,38,,,,,,,,,,,,,,,,,,,,,42,49,61,28,38
L. Galicia,19,178,55,70,160000,64,31,37,39,56,54,,,,,,,,,,,,,,,,,,,,,31,37,39,56,54
Min Kyung Hyun,21,189,55,70,160000,61,33,37,39,53,62,,,,,,,,,,,,,,,,,,,,,33,37,39,53,62
A. Hidalgo,21,175,55,69,160000,55,24,30,30,57,57,,,,,,,,,,,,,,,,,,,,,24,30,30,57,57
T. Boni,19,185,55,69,160000,58,35,45,52,52,65,,,,,,,,,,,,,,,,,,,,,35,45,52,52,65
N. Otto,20,184,55,69,160000,62,24,36,37,54,61,,,,,,,,,,,,,,,,,,,,,24,36,37,54,61
H. Matsumoto,18,180,55,69,160000,59,45,52,58,50,64,,,,,,,,,,,,,,,,,,,,,45,52,58,50,64
R. O'Farrell,18,185,55,69,160000,61,50,51,52,47,61,,,,,,,,,,,,,,,,,,,,,50,51,52,47,61
S. Higashi,18,180,55,69,160000,65,40,53,62,43,62,,,,,,,,,,,,,,,,,,,,,40,53,62,43,62
L. Nussbaumer,18,175,55,69,160000,66,43,51,55,47,47,,,,,,,,,,,,,,,,,,,,,43,51,55,47,47
J. Quiñones Saya,19,170,54,75,160000,61,48,49,59,32,47,,,,,,,,,,,,,,,,,,,,,48,49,59,32,47
A. Acevedo,36,176,67,67,150000,42,29,41,38,67,71,,,,,,,,,,,,,,,,,,,,,29,41,38,67,71
J. McAnuff,37,177,64,64,150000,58,58,63,67,45,56,,,,,,,,,,,,,,,,,,,,,58,63,67,45,56
Bae Ki Jong,36,180,64,64,150000,75,63,61,62,35,64,,,,,,,,,,,,,,,,,,,,,63,61,62,35,64
H. Tanaka,36,174,64,64,150000,62,52,60,64,62,57,,,,,,,,,,,,,,,,,,,,,52,60,64,62,57
M. Bloomfield,35,173,63,63,150000,66,50,59,61,61,67,,,,,,,,,,,,,,,,,,,,,50,59,61,61,67
Ha Dae Sung,34,182,62,62,150000,39,62,63,63,61,57,,,,,,,,,,,,,,,,,,,,,62,63,63,61,57
G. Coke,33,180,61,61,150000,66,58,59,58,56,64,,,,,,,,,,,,,,,,,,,,,58,59,58,56,64
Javi Pérez,33,180,61,61,150000,56,54,59,59,58,67,,,,,,,,,,,,,,,,,,,,,54,59,59,58,67
Qiao Wei,31,187,60,60,150000,58,49,55,57,59,62,,,,,,,,,,,,,,,,,,,,,49,55,57,59,62
B. Cevahir,27,180,59,60,150000,56,47,57,55,60,54,,,,,,,,,,,,,,,,,,,,,47,57,55,60,54
Lü Haidong,27,180,59,60,150000,65,44,53,55,57,63,,,,,,,,,,,,,,,,,,,,,44,53,55,57,63
R. Peña,27,171,59,60,150000,68,32,38,58,60,47,,,,,,,,,,,,,,,,,,,,,32,38,58,60,47
Lee Sang Hyeob,29,176,59,59,150000,61,56,58,58,46,55,,,,,,,,,,,,,,,,,,,,,56,58,58,46,55
N. Peter,30,185,59,59,150000,65,58,40,55,18,72,,,,,,,,,,,,,,,,,,,,,58,40,55,18,72
�. Blănaru,30,178,59,59,150000,64,58,39,56,19,60,,,,,,,,,,,,,,,,,,,,,58,39,56,19,60
C. Villagra,30,181,59,59,150000,72,59,53,61,30,60,,,,,,,,,,,,,,,,,,,,,59,53,61,30,60
N. Senzemba,23,180,58,64,150000,76,32,44,57,57,64,,,,,,,,,,,,,,,,,,,,,32,44,57,57,64
H. Rodgers,22,188,58,64,150000,59,31,46,52,57,63,,,,,,,,,,,,,,,,,,,,,31,46,52,57,63
S. Takahashi,23,170,58,64,150000,73,34,48,58,53,59,,,,,,,,,,,,,,,,,,,,,34,48,58,53,59
T. Blackmon,22,185,58,64,150000,66,41,47,56,56,65,,,,,,,,,,,,,,,,,,,,,41,47,56,56,65
R. Åstedt,23,180,58,63,150000,63,29,47,54,54,67,,,,,,,,,,,,,,,,,,,,,29,47,54,54,67
P. Marie,24,173,58,63,150000,70,39,50,57,56,52,,,,,,,,,,,,,,,,,,,,,39,50,57,56,52
M. Paluli,24,175,58,63,150000,58,34,39,57,60,54,,,,,,,,,,,,,,,,,,,,,34,39,57,60,54
D. Padilla,25,176,58,62,150000,72,48,56,66,52,53,,,,,,,,,,,,,,,,,,,,,48,56,66,52,53
A. Klimczak,21,183,58,62,150000,72,29,47,54,55,54,,,,,,,,,,,,,,,,,,,,,29,47,54,55,54
Y. Mizobuchi,24,172,58,62,150000,74,37,49,58,52,59,,,,,,,,,,,,,,,,,,,,,37,49,58,52,59
C. Fara,25,184,58,62,150000,58,30,35,35,60,58,,,,,,,,,,,,,,,,,,,,,30,35,35,60,58
G. Andronic,27,172,58,59,150000,67,40,58,59,36,38,,,,,,,,,,,,,,,,,,,,,40,58,59,36,38
M. Awadh,27,168,58,59,150000,74,54,52,62,38,55,,,,,,,,,,,,,,,,,,,,,54,52,62,38,55
O. Thychosen,26,184,58,59,150000,70,56,52,61,25,65,,,,,,,,,,,,,,,,,,,,,56,52,61,25,65
Chang Feiya,26,180,58,59,150000,74,48,55,60,38,48,,,,,,,,,,,,,,,,,,,,,48,55,60,38,48
Li Shenglong,26,181,58,59,150000,71,56,50,57,26,64,,,,,,,,,,,,,,,,,,,,,56,50,57,26,64
Wilson Carvalho,25,183,58,59,150000,80,52,53,60,41,55,,,,,,,,,,,,,,,,,,,,,52,53,60,41,55
D. Bernard,22,180,57,67,150000,70,33,45,53,55,67,,,,,,,,,,,,,,,,,,,,,33,45,53,55,67
N. Hämäläinen,22,176,57,67,150000,72,34,50,57,53,47,,,,,,,,,,,,,,,,,,,,,34,50,57,53,47
S. Jiménez,21,178,57,67,150000,72,26,44,51,57,57,,,,,,,,,,,,,,,,,,,,,26,44,51,57,57
M. Platt,21,188,57,67,150000,61,28,36,37,56,67,,,,,,,,,,,,,,,,,,,,,28,36,37,56,67
K. Ito,20,176,57,67,150000,63,28,47,50,53,52,,,,,,,,,,,,,,,,,,,,,28,47,50,53,52
B. Rivera,19,184,57,67,150000,57,34,51,50,54,65,,,,,,,,,,,,,,,,,,,,,34,51,50,54,65
M. Soumaré,21,186,57,67,150000,67,38,47,51,57,59,,,,,,,,,,,,,,,,,,,,,38,47,51,57,59
K. Miller,22,183,57,67,150000,54,23,28,34,55,67,,,,,,,,,,,,,,,,,,,,,23,28,34,55,67
E. Ferrario,19,182,57,67,150000,54,21,41,53,57,55,,,,,,,,,,,,,,,,,,,,,21,41,53,57,55
J. Sylvestre-Brac,20,185,57,67,150000,58,31,50,46,58,53,,,,,,,,,,,,,,,,,,,,,31,50,46,58,53
A. Purver,23,177,57,66,150000,57,36,50,55,55,58,,,,,,,,,,,,,,,,,,,,,36,50,55,55,58
S. Yonehara,21,184,57,66,150000,47,43,50,43,56,64,,,,,,,,,,,,,,,,,,,,,43,50,43,56,64
I. Șerban,23,178,57,66,150000,59,35,51,52,52,61,,,,,,,,,,,,,,,,,,,,,35,51,52,52,61
P. Flottmann,22,191,57,66,150000,59,25,33,39,54,69,,,,,,,,,,,,,,,,,,,,,25,33,39,54,69
C. Vernam,22,170,57,65,150000,81,53,42,63,24,59,,,,,,,,,,,,,,,,,,,,,53,42,63,24,59
J. Beesley,22,188,57,65,150000,71,54,46,54,43,65,,,,,,,,,,,,,,,,,,,,,54,46,54,43,65
O. Vojić,22,182,57,65,150000,65,59,46,58,26,54,,,,,,,,,,,,,,,,,,,,,59,46,58,26,54
Cong Zhen,22,180,57,65,150000,66,43,56,54,45,63,,,,,,,,,,,,,,,,,,,,,43,56,54,45,63
H. Biggins,23,175,57,65,150000,65,46,53,60,48,42,,,,,,,,,,,,,,,,,,,,,46,53,60,48,42
Lee Hyun Sik,23,175,57,65,150000,66,43,51,62,54,59,,,,,,,,,,,,,,,,,,,,,43,51,62,54,59
A. Konaté,22,185,57,65,150000,73,54,40,55,25,66,,,,,,,,,,,,,,,,,,,,,54,40,55,25,66
Z. Issaka,22,174,57,65,150000,68,55,52,58,37,62,,,,,,,,,,,,,,,,,,,,,55,52,58,37,62
Su Yuanjie,24,180,57,64,150000,71,53,46,59,25,53,,,,,,,,,,,,,,,,,,,,,53,46,59,25,53
C. Mina,22,181,57,64,150000,79,49,49,61,29,62,,,,,,,,,,,,,,,,,,,,,49,49,61,29,62
R. Grecu,21,179,57,64,150000,75,47,53,57,27,49,,,,,,,,,,,,,,,,,,,,,47,53,57,27,49
A. Driscoll-Glennon,19,175,56,69,150000,66,35,42,57,55,57,,,,,,,,,,,,,,,,,,,,,35,42,57,55,57
R. Roosken,19,183,56,69,150000,73,31,35,52,57,54,,,,,,,,,,,,,,,,,,,,,31,35,52,57,54
L. Butroid,20,175,56,68,150000,66,28,41,54,53,57,,,,,,,,,,,,,,,,,,,,,28,41,54,53,57
J. Law,20,178,56,68,150000,76,50,48,54,50,65,,,,,,,,,,,,,,,,,,,,,50,48,54,50,65
D. Jończy,22,189,56,68,150000,57,26,29,31,54,69,,,,,,,,,,,,,,,,,,,,,26,29,31,54,69
K. Al Dubaysh,20,178,56,68,150000,69,30,48,51,57,56,,,,,,,,,,,,,,,,,,,,,30,48,51,57,56
D. McNamara,20,180,56,68,150000,68,29,42,50,55,62,,,,,,,,,,,,,,,,,,,,,29,42,50,55,62
K. Yamada,19,175,56,68,150000,70,37,51,62,52,53,,,,,,,,,,,,,,,,,,,,,37,51,62,52,53
H. Salem,21,174,56,68,150000,72,25,49,55,52,52,,,,,,,,,,,,,,,,,,,,,25,49,55,52,52
I. Karamoko,18,187,56,68,150000,52,47,55,56,52,62,,,,,,,,,,,,,,,,,,,,,47,55,56,52,62
S. Delos,20,175,56,68,150000,81,36,43,55,50,50,,,,,,,,,,,,,,,,,,,,,36,43,55,50,50
C. Boyd-Munce,19,180,56,68,150000,63,52,54,53,45,62,,,,,,,,,,,,,,,,,,,,,52,54,53,45,62
M. Spychała,21,169,56,68,150000,71,29,36,57,53,57,,,,,,,,,,,,,,,,,,,,,29,36,57,53,57
L. Soszyński,21,179,56,68,150000,59,34,49,51,54,63,,,,,,,,,,,,,,,,,,,,,34,49,51,54,63
Lee Sang Su,20,185,56,68,150000,56,28,37,35,55,64,,,,,,,,,,,,,,,,,,,,,28,37,35,55,64
J. Tartarotti,19,179,56,67,150000,61,46,54,62,51,51,,,,,,,,,,,,,,,,,,,,,46,54,62,51,51
A. Hodžić,19,186,56,67,150000,60,55,39,48,19,55,,,,,,,,,,,,,,,,,,,,,55,39,48,19,55
M. Olsen,22,184,56,67,150000,70,49,51,57,31,62,,,,,,,,,,,,,,,,,,,,,49,51,57,31,62
N. Al Dajani,22,171,56,67,150000,73,45,53,55,36,47,,,,,,,,,,,,,,,,,,,,,45,53,55,36,47
A. Heimer,21,183,56,67,150000,55,48,55,55,41,58,,,,,,,,,,,,,,,,,,,,,48,55,55,41,58
M. Place,21,183,56,66,150000,73,54,51,56,41,57,,,,,,,,,,,,,,,,,,,,,54,51,56,41,57
W. Fitzgerald,20,187,56,66,150000,73,46,51,57,34,54,,,,,,,,,,,,,,,,,,,,,46,51,57,34,54
L. Buades,21,181,56,66,150000,67,55,52,58,38,49,,,,,,,,,,,,,,,,,,,,,55,52,58,38,49
E. Twumasi,22,173,56,66,150000,66,54,49,65,27,46,,,,,,,,,,,,,,,,,,,,,54,49,65,27,46
J. Meiser,20,178,56,66,150000,70,51,49,65,20,43,,,,,,,,,,,,,,,,,,,,,51,49,65,20,43
R. Blanco,20,180,56,66,150000,61,53,39,44,53,63,,,,,,,,,,,,,,,,,,,,,53,39,44,53,63
M. Trąbka,22,173,56,66,150000,63,55,52,57,31,49,,,,,,,,,,,,,,,,,,,,,55,52,57,31,49
A. Van Keilegom,20,177,56,66,150000,61,44,60,55,43,46,,,,,,,,,,,,,,,,,,,,,44,60,55,43,46
F. Tauchhammer,17,183,55,75,150000,62,25,45,51,54,56,,,,,,,,,,,,,,,,,,,,,25,45,51,54,56
S. McCallum,18,172,55,75,150000,79,29,41,51,51,52,,,,,,,,,,,,,,,,,,,,,29,41,51,51,52
K. Cagtay,17,181,55,74,150000,60,32,36,54,58,55,,,,,,,,,,,,,,,,,,,,,32,36,54,58,55
M. De Bie,18,188,55,73,150000,59,33,47,50,52,55,,,,,,,,,,,,,,,,,,,,,33,47,50,52,55
M. Skrzypczak,18,186,55,72,150000,56,31,44,38,54,68,,,,,,,,,,,,,,,,,,,,,31,44,38,54,68
R. Campbell-Gordon,18,178,55,72,150000,86,30,40,53,44,69,,,,,,,,,,,,,,,,,,,,,30,40,53,44,69
A. Reynolds II,18,175,55,71,150000,69,29,48,53,51,52,,,,,,,,,,,,,,,,,,,,,29,48,53,51,52
H. Fujii,18,185,55,70,150000,66,35,47,53,51,56,,,,,,,,,,,,,,,,,,,,,35,47,53,51,56
N. Dyhr,18,177,55,70,150000,71,48,48,57,48,57,,,,,,,,,,,,,,,,,,,,,48,48,57,48,57
I. Sevinç,17,178,55,70,150000,66,49,54,54,50,57,,,,,,,,,,,,,,,,,,,,,49,54,54,50,57
J. Letniowski,21,183,55,68,150000,77,44,51,60,17,37,,,,,,,,,,,,,,,,,,,,,44,51,60,17,37
F. Figueroa,21,177,55,68,150000,72,45,50,58,38,47,,,,,,,,,,,,,,,,,,,,,45,50,58,38,47
M. Leiva,19,171,55,68,150000,68,53,39,56,18,46,,,,,,,,,,,,,,,,,,,,,53,39,56,18,46
Yan Dinghao,21,180,55,68,150000,71,44,51,56,42,53,,,,,,,,,,,,,,,,,,,,,44,51,56,42,53
M. Diakité,20,179,55,68,150000,69,44,52,60,47,57,,,,,,,,,,,,,,,,,,,,,44,52,60,47,57
C. Zarama,19,172,55,68,150000,76,44,54,55,38,53,,,,,,,,,,,,,,,,,,,,,44,54,55,38,53
G. Fuentes,17,168,54,77,150000,66,43,50,65,40,54,,,,,,,,,,,,,,,,,,,,,43,50,65,40,54
H. Geelmuyden,17,175,54,77,150000,72,53,40,55,18,43,,,,,,,,,,,,,,,,,,,,,53,40,55,18,43
R. Ndiaye,17,179,54,76,150000,69,42,51,55,48,57,,,,,,,,,,,,,,,,,,,,,42,51,55,48,57
K. Ackermann,18,179,54,75,150000,64,41,51,58,49,64,,,,,,,,,,,,,,,,,,,,,41,51,58,49,64
G. Botos,18,172,54,75,150000,68,40,57,52,38,44,,,,,,,,,,,,,,,,,,,,,40,57,52,38,44
R. Mimnaugh,17,177,54,75,150000,62,40,52,53,44,55,,,,,,,,,,,,,,,,,,,,,40,52,53,44,55
B. Kimpioka,19,182,54,73,150000,75,54,48,55,33,39,,,,,,,,,,,,,,,,,,,,,54,48,55,33,39
J. Hamilton,19,184,54,73,150000,69,52,39,50,19,58,,,,,,,,,,,,,,,,,,,,,52,39,50,19,58
M. Howard,19,178,54,72,150000,66,54,40,48,17,48,,,,,,,,,,,,,,,,,,,,,54,40,48,17,48
J. Rothmann,19,180,54,72,150000,75,48,38,54,21,52,,,,,,,,,,,,,,,,,,,,,48,38,54,21,52
A. Bruus,20,184,54,71,150000,65,52,42,58,21,54,,,,,,,,,,,,,,,,,,,,,52,42,58,21,54
D. Ager,19,170,54,71,150000,77,47,49,56,41,47,,,,,,,,,,,,,,,,,,,,,47,49,56,41,47
M. Hundley,19,178,54,71,150000,66,51,50,55,23,51,,,,,,,,,,,,,,,,,,,,,51,50,55,23,51
Z. Duncan,19,170,54,71,150000,71,44,50,59,29,42,,,,,,,,,,,,,,,,,,,,,44,50,59,29,42
F. Bilbija,19,189,54,71,150000,54,46,50,56,25,40,,,,,,,,,,,,,,,,,,,,,46,50,56,25,40
C. Merrie,20,176,54,70,150000,63,50,51,54,44,52,,,,,,,,,,,,,,,,,,,,,50,51,54,44,52
M. Najjar,19,182,54,70,150000,68,51,39,53,21,53,,,,,,,,,,,,,,,,,,,,,51,39,53,21,53
P. Christiansen,19,175,54,70,150000,67,51,35,55,17,56,,,,,,,,,,,,,,,,,,,,,51,35,55,17,56
R. German,20,183,54,69,150000,64,54,40,47,30,66,,,,,,,,,,,,,,,,,,,,,54,40,47,30,66
S. Tengstedt,19,187,54,69,150000,76,48,46,55,21,56,,,,,,,,,,,,,,,,,,,,,48,46,55,21,56
O. Kjærgaard,20,184,54,68,150000,65,45,51,60,46,56,,,,,,,,,,,,,,,,,,,,,45,51,60,46,56
M. Wright,21,170,54,68,150000,81,51,41,56,31,49,,,,,,,,,,,,,,,,,,,,,51,41,56,31,49
D. Moore,20,175,54,68,150000,76,51,42,58,17,53,,,,,,,,,,,,,,,,,,,,,51,42,58,17,53
J. Waite,20,175,54,68,150000,64,46,48,58,45,44,,,,,,,,,,,,,,,,,,,,,46,48,58,45,44
Ma Junliang,21,181,54,68,150000,81,45,52,56,51,54,,,,,,,,,,,,,,,,,,,,,45,52,56,51,54
M. Almeida,20,185,54,68,150000,71,45,49,58,28,51,,,,,,,,,,,,,,,,,,,,,45,49,58,28,51
T. Haltvik,19,180,54,68,150000,66,55,38,48,20,50,,,,,,,,,,,,,,,,,,,,,55,38,48,20,50
P. Pyrdoł,20,178,54,68,150000,67,43,52,56,22,40,,,,,,,,,,,,,,,,,,,,,43,52,56,22,40
J. Lamy,19,185,54,68,150000,81,48,45,54,23,40,,,,,,,,,,,,,,,,,,,,,48,45,54,23,40
E. Asomani,19,170,54,68,150000,65,54,36,52,20,43,,,,,,,,,,,,,,,,,,,,,54,36,52,20,43
S. Kulovits,36,178,66,66,140000,36,55,54,61,67,68,,,,,,,,,,,,,,,,,,,,,55,54,61,67,68
O. Hoban,36,183,66,66,140000,41,57,60,58,66,69,,,,,,,,,,,,,,,,,,,,,57,60,58,66,69
P. Green,36,170,64,64,140000,55,56,62,61,60,72,,,,,,,,,,,,,,,,,,,,,56,62,61,60,72
J. Jönsson,35,183,64,64,140000,45,47,53,51,61,64,,,,,,,,,,,,,,,,,,,,,47,53,51,61,64
M. Cortés,36,165,64,64,140000,53,60,69,67,53,45,,,,,,,,,,,,,,,,,,,,,60,69,67,53,45
Cho Yong Hyung,35,182,64,64,140000,45,48,59,45,65,57,,,,,,,,,,,,,,,,,,,,,48,59,45,65,57
Yang Sang Min,35,182,64,64,140000,63,55,58,62,63,64,,,,,,,,,,,,,,,,,,,,,55,58,62,63,64
Leonardo Freijão,35,176,64,64,140000,48,45,55,41,68,58,,,,,,,,,,,,,,,,,,,,,45,55,41,68,58
Peixotacinho,35,187,64,64,140000,44,32,44,31,67,68,,,,,,,,,,,,,,,,,,,,,32,44,31,67,68
Mateus Couteira,35,177,64,64,140000,63,35,55,49,66,55,,,,,,,,,,,,,,,,,,,,,35,55,49,66,55
Adrián Rocheira,35,182,64,64,140000,56,31,53,40,70,60,,,,,,,,,,,,,,,,,,,,,31,53,40,70,60
M. Hamoud,34,177,63,63,140000,74,52,57,60,59,69,,,,,,,,,,,,,,,,,,,,,52,57,60,59,69
V. Lia,34,177,63,63,140000,41,53,58,54,59,78,,,,,,,,,,,,,,,,,,,,,53,58,54,59,78
L. Legge,34,193,63,63,140000,43,26,39,39,60,79,,,,,,,,,,,,,,,,,,,,,26,39,39,60,79
L. Cardoza,34,188,63,63,140000,58,31,48,50,61,68,,,,,,,,,,,,,,,,,,,,,31,48,50,61,68
M. Mihalache,34,182,63,63,140000,47,28,40,37,59,75,,,,,,,,,,,,,,,,,,,,,28,40,37,59,75
C. Porter,35,186,62,62,140000,49,62,51,56,38,72,,,,,,,,,,,,,,,,,,,,,62,51,56,38,72
B. Rotenberg,33,188,62,62,140000,68,37,52,50,65,63,,,,,,,,,,,,,,,,,,,,,37,52,50,65,63
C. Mackail-Smith,35,178,62,62,140000,69,61,55,61,35,66,,,,,,,,,,,,,,,,,,,,,61,55,61,35,66
G. MacKenzie,33,191,62,62,140000,33,29,39,36,60,73,,,,,,,,,,,,,,,,,,,,,29,39,36,60,73
C. Donaldson,35,185,62,62,140000,59,58,47,59,28,75,,,,,,,,,,,,,,,,,,,,,58,47,59,28,75
S. Wiseman,33,183,62,62,140000,71,36,53,57,59,72,,,,,,,,,,,,,,,,,,,,,36,53,57,59,72
E. Nouri,33,181,62,62,140000,74,43,53,58,57,69,,,,,,,,,,,,,,,,,,,,,43,53,58,57,69
H. Al Raheb,35,168,62,62,140000,62,58,43,59,27,56,,,,,,,,,,,,,,,,,,,,,58,43,59,27,56
N. Ishikawa,33,180,62,62,140000,42,23,48,53,63,65,,,,,,,,,,,,,,,,,,,,,23,48,53,63,65
Y. Kobayashi,33,176,62,62,140000,46,27,49,54,63,67,,,,,,,,,,,,,,,,,,,,,27,49,54,63,67
K. Fujimoto,33,177,62,62,140000,55,28,42,38,59,66,,,,,,,,,,,,,,,,,,,,,28,42,38,59,66
Ding Jie,32,182,60,60,140000,58,53,54,46,59,63,,,,,,,,,,,,,,,,,,,,,53,54,46,59,63
S. Duggan,30,171,59,59,140000,47,54,59,58,51,69,,,,,,,,,,,,,,,,,,,,,54,59,58,51,69
M. Al Burayh,28,183,59,59,140000,53,27,36,36,58,67,,,,,,,,,,,,,,,,,,,,,27,36,36,58,67
Shi Liang,30,178,59,59,140000,60,51,53,61,62,63,,,,,,,,,,,,,,,,,,,,,51,53,61,62,63
Zhang Lu,31,181,59,59,140000,77,48,52,56,52,72,,,,,,,,,,,,,,,,,,,,,48,52,56,52,72
C. Coll,27,178,59,59,140000,78,26,45,56,54,68,,,,,,,,,,,,,,,,,,,,,26,45,56,54,68
A. Al Humayan,30,179,59,59,140000,62,39,57,59,56,58,,,,,,,,,,,,,,,,,,,,,39,57,59,56,58
A. Al Riou,25,189,58,62,140000,69,28,46,52,58,66,,,,,,,,,,,,,,,,,,,,,28,46,52,58,66
A. Al Sultan,25,176,58,61,140000,57,41,56,59,53,55,,,,,,,,,,,,,,,,,,,,,41,56,59,53,55
H. Al Dawsari,25,173,58,61,140000,70,38,52,53,55,60,,,,,,,,,,,,,,,,,,,,,38,52,53,55,60
Zhang Chenlong,26,175,58,61,140000,65,35,55,55,53,60,,,,,,,,,,,,,,,,,,,,,35,55,55,53,60
R. Sharahili,26,185,58,61,140000,39,36,52,53,56,70,,,,,,,,,,,,,,,,,,,,,36,52,53,56,70
E. Boyle,22,180,58,61,140000,73,33,47,58,57,69,,,,,,,,,,,,,,,,,,,,,33,47,58,57,69
O. Sverrisson,26,185,58,61,140000,65,48,45,56,56,64,,,,,,,,,,,,,,,,,,,,,48,45,56,56,64
A. Al Safri,26,177,58,60,140000,62,34,55,59,54,61,,,,,,,,,,,,,,,,,,,,,34,55,59,54,61
K. Miljević,26,180,58,58,140000,64,57,53,58,32,55,,,,,,,,,,,,,,,,,,,,,57,53,58,32,55
F. Melivilo,26,185,58,58,140000,54,61,50,60,27,69,,,,,,,,,,,,,,,,,,,,,61,50,60,27,69
Huang Bowen,23,175,57,66,140000,65,51,56,56,52,58,,,,,,,,,,,,,,,,,,,,,51,56,56,52,58
J. Mascoll,22,189,57,66,140000,80,43,47,55,52,62,,,,,,,,,,,,,,,,,,,,,43,47,55,52,62
M. Hołownia,21,184,57,66,140000,64,26,45,57,56,56,,,,,,,,,,,,,,,,,,,,,26,45,57,56,56
A. Crookes,21,182,57,65,140000,76,34,44,50,54,66,,,,,,,,,,,,,,,,,,,,,34,44,50,54,66
Lee Dong Kyung,22,175,57,65,140000,68,47,52,59,55,55,,,,,,,,,,,,,,,,,,,,,47,52,59,55,55
A. Sokol,22,185,57,65,140000,62,26,41,35,54,68,,,,,,,,,,,,,,,,,,,,,26,41,35,54,68
Li Jinqing,22,180,57,65,140000,65,37,48,48,56,67,,,,,,,,,,,,,,,,,,,,,37,48,48,56,67
J. Kellermann,24,185,57,64,140000,66,50,56,58,51,62,,,,,,,,,,,,,,,,,,,,,50,56,58,51,62
J. Sowerby,24,175,57,64,140000,47,47,51,59,46,49,,,,,,,,,,,,,,,,,,,,,47,51,59,46,49
R. Uehara,22,174,57,64,140000,84,43,54,63,44,58,,,,,,,,,,,,,,,,,,,,,43,54,63,44,58
Yao Junsheng,23,172,57,64,140000,63,51,58,58,55,58,,,,,,,,,,,,,,,,,,,,,51,58,58,55,58
H. Garcia,21,177,57,64,140000,69,47,54,67,40,46,,,,,,,,,,,,,,,,,,,,,47,54,67,40,46
J. Miguel,22,176,57,64,140000,62,42,56,55,49,56,,,,,,,,,,,,,,,,,,,,,42,56,55,49,56
Xiang Hantian,23,175,57,63,140000,83,41,46,59,47,64,,,,,,,,,,,,,,,,,,,,,41,46,59,47,64
Sun Jungang,23,176,57,63,140000,66,47,50,63,33,52,,,,,,,,,,,,,,,,,,,,,47,50,63,33,52
Z. Herivaux,23,185,57,63,140000,44,55,52,62,49,58,,,,,,,,,,,,,,,,,,,,,55,52,62,49,58
J. Hope,21,184,57,63,140000,59,42,55,60,42,56,,,,,,,,,,,,,,,,,,,,,42,55,60,42,56
A. Kabashi,22,180,57,63,140000,68,56,55,59,36,51,,,,,,,,,,,,,,,,,,,,,56,55,59,36,51
M. Wolski,22,176,57,63,140000,68,39,52,56,48,65,,,,,,,,,,,,,,,,,,,,,39,52,56,48,65
A. Carlone,23,169,57,63,140000,73,51,55,62,33,53,,,,,,,,,,,,,,,,,,,,,51,55,62,33,53
H. Svensson,24,174,57,62,140000,66,51,56,60,38,54,,,,,,,,,,,,,,,,,,,,,51,56,60,38,54
J. Doona,21,178,57,62,140000,70,52,53,57,39,55,,,,,,,,,,,,,,,,,,,,,52,53,57,39,55
R. Callachan,25,178,57,62,140000,63,44,52,52,58,73,,,,,,,,,,,,,,,,,,,,,44,52,52,58,73
D. Enomoto,23,163,57,62,140000,76,46,47,66,21,41,,,,,,,,,,,,,,,,,,,,,46,47,66,21,41
U. Đuranović,25,183,57,62,140000,64,49,55,59,32,62,,,,,,,,,,,,,,,,,,,,,49,55,59,32,62
L. Davies,19,180,56,68,140000,79,28,47,53,49,58,,,,,,,,,,,,,,,,,,,,,28,47,53,49,58
A. Lyons,18,173,56,68,140000,64,44,52,54,55,48,,,,,,,,,,,,,,,,,,,,,44,52,54,55,48
S. van Dijck,18,195,56,68,140000,43,34,33,35,55,61,,,,,,,,,,,,,,,,,,,,,34,33,35,55,61
W. Pleśnierowicz,18,184,56,68,140000,65,28,31,38,57,61,,,,,,,,,,,,,,,,,,,,,28,31,38,57,61
C. Pizarro,18,168,56,68,140000,65,42,48,57,53,65,,,,,,,,,,,,,,,,,,,,,42,48,57,53,65
R. Feely,22,191,56,67,140000,48,38,51,53,55,62,,,,,,,,,,,,,,,,,,,,,38,51,53,55,62
J. McMillan,21,183,56,67,140000,65,29,42,43,58,64,,,,,,,,,,,,,,,,,,,,,29,42,43,58,64
L. Gibson,22,185,56,67,140000,69,35,43,54,53,58,,,,,,,,,,,,,,,,,,,,,35,43,54,53,58
L. Obexer,22,177,56,67,140000,67,35,41,56,54,60,,,,,,,,,,,,,,,,,,,,,35,41,56,54,60
K. Tshiembe,22,185,56,67,140000,63,24,40,42,53,64,,,,,,,,,,,,,,,,,,,,,24,40,42,53,64
G. Phillips,22,190,56,67,140000,54,28,34,38,55,67,,,,,,,,,,,,,,,,,,,,,28,34,38,55,67
J. Caicedo,21,180,56,67,140000,64,42,52,50,57,64,,,,,,,,,,,,,,,,,,,,,42,52,50,57,64
P. Ouaneh,21,185,56,67,140000,60,23,35,38,56,61,,,,,,,,,,,,,,,,,,,,,23,35,38,56,61
T. Rieg,19,183,56,67,140000,60,23,25,37,58,59,,,,,,,,,,,,,,,,,,,,,23,25,37,58,59
A. Fiordaliso,20,184,56,67,140000,71,29,37,55,55,57,,,,,,,,,,,,,,,,,,,,,29,37,55,55,57
R. Öktem,22,184,56,66,140000,56,43,57,62,54,58,,,,,,,,,,,,,,,,,,,,,43,57,62,54,58
D. López,19,179,56,66,140000,37,58,46,54,22,40,,,,,,,,,,,,,,,,,,,,,58,46,54,22,40
G. Vetti,20,180,56,66,140000,62,46,55,57,46,56,,,,,,,,,,,,,,,,,,,,,46,55,57,46,56
M. Ando,19,175,56,66,140000,65,56,50,59,22,63,,,,,,,,,,,,,,,,,,,,,56,50,59,22,63
J. Nisbet,20,158,56,66,140000,70,41,54,57,49,54,,,,,,,,,,,,,,,,,,,,,41,54,57,49,54
A. Aguirre,22,181,56,66,140000,53,40,57,54,48,50,,,,,,,,,,,,,,,,,,,,,40,57,54,48,50
B. Moreno,19,175,56,66,140000,64,46,53,62,32,39,,,,,,,,,,,,,,,,,,,,,46,53,62,32,39
M. Shelton,22,183,56,65,140000,67,48,53,57,50,67,,,,,,,,,,,,,,,,,,,,,48,53,57,50,67
D. Devine,21,180,56,65,140000,68,39,54,58,50,64,,,,,,,,,,,,,,,,,,,,,39,54,58,50,64
M. Al Saeed,22,175,56,65,140000,69,41,54,57,50,47,,,,,,,,,,,,,,,,,,,,,41,54,57,50,47
C. Zuvela,22,179,56,65,140000,62,43,53,59,53,67,,,,,,,,,,,,,,,,,,,,,43,53,59,53,67
M. Ndione,19,192,56,65,140000,51,53,40,55,22,67,,,,,,,,,,,,,,,,,,,,,53,40,55,22,67
F. Al Rashidi,22,176,56,65,140000,66,47,48,61,39,54,,,,,,,,,,,,,,,,,,,,,47,48,61,39,54
Wang Ziming,22,187,56,65,140000,68,53,44,53,30,63,,,,,,,,,,,,,,,,,,,,,53,44,53,30,63
Kim Ji Hyun,22,183,56,65,140000,68,53,49,55,28,57,,,,,,,,,,,,,,,,,,,,,53,49,55,28,57
O. Al Jadaani,20,166,56,65,140000,70,52,48,57,26,46,,,,,,,,,,,,,,,,,,,,,52,48,57,26,46
N. Suksum,21,176,56,65,140000,68,55,44,57,19,57,,,,,,,,,,,,,,,,,,,,,55,44,57,19,57
Chen Kerui,23,183,56,65,140000,65,49,52,57,35,51,,,,,,,,,,,,,,,,,,,,,49,52,57,35,51
J. Labastidas,21,173,56,65,140000,59,42,53,58,45,45,,,,,,,,,,,,,,,,,,,,,42,53,58,45,45
M. Troonbeeckx,21,180,56,65,140000,71,51,50,60,28,43,,,,,,,,,,,,,,,,,,,,,51,50,60,28,43
N. Tavares,20,185,55,68,140000,45,28,31,33,55,58,,,,,,,,,,,,,,,,,,,,,28,31,33,55,58
I. Coulibaly,18,183,55,68,140000,75,45,50,59,36,46,,,,,,,,,,,,,,,,,,,,,45,50,59,36,46
D. Miljanović,18,178,55,68,140000,67,50,55,53,26,46,,,,,,,,,,,,,,,,,,,,,50,55,53,26,46
N. Jahn,18,190,55,68,140000,67,55,41,55,15,53,,,,,,,,,,,,,,,,,,,,,55,41,55,15,53
D. Hafsteinsson,19,178,55,68,140000,67,40,53,58,48,57,,,,,,,,,,,,,,,,,,,,,40,53,58,48,57
T. Milašius,18,178,55,68,140000,69,38,50,57,39,53,,,,,,,,,,,,,,,,,,,,,38,50,57,39,53
D. Sasaki,19,180,55,67,140000,63,46,50,58,42,60,,,,,,,,,,,,,,,,,,,,,46,50,58,42,60
J. Key,19,178,55,67,140000,79,49,44,58,23,54,,,,,,,,,,,,,,,,,,,,,49,44,58,23,54
Y. Yamaya,19,176,55,67,140000,69,53,44,60,20,50,,,,,,,,,,,,,,,,,,,,,53,44,60,20,50
A. Owusu,19,182,55,67,140000,68,48,41,60,23,53,,,,,,,,,,,,,,,,,,,,,48,41,60,23,53
J. Weik,19,176,55,67,140000,67,38,51,59,40,43,,,,,,,,,,,,,,,,,,,,,38,51,59,40,43
C. Goddard,22,178,55,66,140000,65,53,53,59,31,41,,,,,,,,,,,,,,,,,,,,,53,53,59,31,41
M. Frese,21,179,55,66,140000,66,51,44,59,31,53,,,,,,,,,,,,,,,,,,,,,51,44,59,31,53
M. Weiß,21,178,55,66,140000,63,37,55,59,41,59,,,,,,,,,,,,,,,,,,,,,37,55,59,41,59
Xu Tianyuan,22,182,55,66,140000,70,55,42,60,23,54,,,,,,,,,,,,,,,,,,,,,55,42,60,23,54
C. Lindley,21,175,55,66,140000,58,42,54,53,36,56,,,,,,,,,,,,,,,,,,,,,42,54,53,36,56
C. Armiento,20,175,55,66,140000,75,46,49,61,31,45,,,,,,,,,,,,,,,,,,,,,46,49,61,31,45
A. Ippolito,20,177,55,66,140000,71,57,44,60,18,43,,,,,,,,,,,,,,,,,,,,,57,44,60,18,43
J. Ras,20,178,55,66,140000,61,48,55,58,53,51,,,,,,,,,,,,,,,,,,,,,48,55,58,53,51
O. Omar,21,181,55,66,140000,60,48,54,57,31,59,,,,,,,,,,,,,,,,,,,,,48,54,57,31,59
J. Baccay,18,178,54,77,140000,75,43,50,56,48,51,,,,,,,,,,,,,,,,,,,,,43,50,56,48,51
L. Brook,18,178,54,74,140000,72,42,50,59,29,47,,,,,,,,,,,,,,,,,,,,,42,50,59,29,47
M. Casey,19,203,54,74,140000,55,25,35,36,53,61,,,,,,,,,,,,,,,,,,,,,25,35,36,53,61
A. Binous,18,192,54,74,140000,56,49,39,51,23,59,,,,,,,,,,,,,,,,,,,,,49,39,51,23,59
L. Sanchez,18,175,54,74,140000,66,40,56,51,33,63,,,,,,,,,,,,,,,,,,,,,40,56,51,33,63
A. Ocampo-Chavez,17,178,54,74,140000,63,52,41,55,26,47,,,,,,,,,,,,,,,,,,,,,52,41,55,26,47
D. Cattin,18,180,54,74,140000,60,53,40,51,21,50,,,,,,,,,,,,,,,,,,,,,53,40,51,21,50
I. Acero,19,179,54,73,140000,58,45,54,55,52,50,,,,,,,,,,,,,,,,,,,,,45,54,55,52,50
J. Eccles,19,181,54,73,140000,70,41,49,53,53,56,,,,,,,,,,,,,,,,,,,,,41,49,53,53,56
C. Duke,18,170,54,73,140000,69,46,50,53,47,48,,,,,,,,,,,,,,,,,,,,,46,50,53,47,48
S. Wearne,18,174,54,73,140000,62,40,55,54,36,48,,,,,,,,,,,,,,,,,,,,,40,55,54,36,48
K. Ferguson,19,187,54,72,140000,63,26,29,34,55,58,,,,,,,,,,,,,,,,,,,,,26,29,34,55,58
M. Frendrup,18,178,54,72,140000,65,38,51,53,44,44,,,,,,,,,,,,,,,,,,,,,38,51,53,44,44
J. Buckley,19,173,54,72,140000,69,43,52,58,50,52,,,,,,,,,,,,,,,,,,,,,43,52,58,50,52
L. Schöfl,18,177,54,72,140000,59,39,52,54,50,59,,,,,,,,,,,,,,,,,,,,,39,52,54,50,59
A. Daghim,18,180,54,72,140000,68,43,48,59,22,48,,,,,,,,,,,,,,,,,,,,,43,48,59,22,48
S. Hausner,19,188,54,71,140000,52,26,37,36,52,63,,,,,,,,,,,,,,,,,,,,,26,37,36,52,63
L. Klassen,19,173,54,71,140000,70,33,45,55,47,50,,,,,,,,,,,,,,,,,,,,,33,45,55,47,50
M. Schantl,18,176,54,71,140000,55,44,51,55,48,52,,,,,,,,,,,,,,,,,,,,,44,51,55,48,52
L. Pellegrini,19,186,54,71,140000,64,31,42,53,54,64,,,,,,,,,,,,,,,,,,,,,31,42,53,54,64
A. Hendriksen,19,194,54,71,140000,59,27,32,36,51,61,,,,,,,,,,,,,,,,,,,,,27,32,36,51,61
M. Praszelik,18,184,54,71,140000,63,42,51,61,31,52,,,,,,,,,,,,,,,,,,,,,42,51,61,31,52
J. Sparkes,18,175,54,70,140000,74,44,47,56,38,51,,,,,,,,,,,,,,,,,,,,,44,47,56,38,51
C. Metcalfe,19,178,54,70,140000,64,46,45,59,50,64,,,,,,,,,,,,,,,,,,,,,46,45,59,50,64
H. Kite,19,178,54,70,140000,70,46,52,56,35,56,,,,,,,,,,,,,,,,,,,,,46,52,56,35,56
B. Córdoba,19,191,54,70,140000,60,26,28,39,55,57,,,,,,,,,,,,,,,,,,,,,26,28,39,55,57
S. Paulet,19,172,54,70,140000,63,39,53,53,40,53,,,,,,,,,,,,,,,,,,,,,39,53,53,40,53
J. Pedersen,18,180,54,70,140000,69,41,55,53,40,55,,,,,,,,,,,,,,,,,,,,,41,55,53,40,55
A. Lesiotis,19,170,54,69,140000,64,35,50,48,53,43,,,,,,,,,,,,,,,,,,,,,35,50,48,53,43
T. Hamer,19,188,54,69,140000,59,34,35,50,56,62,,,,,,,,,,,,,,,,,,,,,34,35,50,56,62
T. Stevenson,20,180,54,69,140000,63,37,45,52,50,57,,,,,,,,,,,,,,,,,,,,,37,45,52,50,57
T. Rausch,19,175,54,69,140000,70,28,38,57,49,53,,,,,,,,,,,,,,,,,,,,,28,38,57,49,53
K. Struski,18,173,54,69,140000,63,40,52,58,25,43,,,,,,,,,,,,,,,,,,,,,40,52,58,25,43
K. Stallone,18,175,54,69,140000,66,46,55,61,38,42,,,,,,,,,,,,,,,,,,,,,46,55,61,38,42
F. Yonsian,18,181,54,69,140000,70,52,38,53,22,66,,,,,,,,,,,,,,,,,,,,,52,38,53,22,66
M. Judd,20,178,54,68,140000,67,24,41,54,49,51,,,,,,,,,,,,,,,,,,,,,24,41,54,49,51
M. Muheim,21,182,54,68,140000,65,55,48,58,50,58,,,,,,,,,,,,,,,,,,,,,55,48,58,50,58
Y. Rafael,20,175,54,68,140000,76,44,50,57,45,53,,,,,,,,,,,,,,,,,,,,,44,50,57,45,53
J. Clarke,20,175,54,68,140000,62,37,53,53,51,49,,,,,,,,,,,,,,,,,,,,,37,53,53,51,49
T. Campulka,20,186,54,68,140000,56,33,45,51,54,60,,,,,,,,,,,,,,,,,,,,,33,45,51,54,60
M. Schmeling,19,180,54,68,140000,62,31,37,51,54,60,,,,,,,,,,,,,,,,,,,,,31,37,51,54,60
I. Núñez,20,175,54,68,140000,59,28,41,35,55,58,,,,,,,,,,,,,,,,,,,,,28,41,35,55,58
M. Williams,19,184,54,68,140000,63,28,34,37,53,57,,,,,,,,,,,,,,,,,,,,,28,34,37,53,57
A. Brennan,18,170,54,68,140000,73,47,49,57,46,58,,,,,,,,,,,,,,,,,,,,,47,49,57,46,58
M. Gyamfi,19,185,54,68,140000,71,26,32,36,55,57,,,,,,,,,,,,,,,,,,,,,26,32,36,55,57
Y. Marchand,19,181,54,68,140000,57,40,53,54,54,51,,,,,,,,,,,,,,,,,,,,,40,53,54,54,51
A. O'Neill,18,175,54,68,140000,76,51,43,55,26,51,,,,,,,,,,,,,,,,,,,,,51,43,55,26,51
L. Doyle,18,178,54,68,140000,70,50,51,57,48,63,,,,,,,,,,,,,,,,,,,,,50,51,57,48,63
M. Nilsson,19,183,54,68,140000,66,36,45,54,55,55,,,,,,,,,,,,,,,,,,,,,36,45,54,55,55
A. Durante,37,184,66,66,130000,32,36,48,49,65,76,,,,,,,,,,,,,,,,,,,,,36,48,49,65,76
Rafinha,37,184,66,66,130000,59,60,63,63,65,67,,,,,,,,,,,,,,,,,,,,,60,63,63,65,67
D. Lewington,35,183,64,64,130000,45,34,63,58,64,76,,,,,,,,,,,,,,,,,,,,,34,63,58,64,76
Park Won Jae,35,175,64,64,130000,77,39,58,56,61,66,,,,,,,,,,,,,,,,,,,,,39,58,56,61,66
A. Soubervie,35,183,64,64,130000,69,27,52,56,61,67,,,,,,,,,,,,,,,,,,,,,27,52,56,61,67
T. Kortegaard,34,178,63,63,130000,56,55,63,58,63,60,,,,,,,,,,,,,,,,,,,,,55,63,58,63,60
P. Quasten,34,179,63,63,130000,60,31,60,63,64,68,,,,,,,,,,,,,,,,,,,,,31,60,63,64,68
N. Maya,34,173,63,63,130000,60,57,63,66,61,61,,,,,,,,,,,,,,,,,,,,,57,63,66,61,61
Y. Opazo,34,174,63,63,130000,64,55,60,62,61,64,,,,,,,,,,,,,,,,,,,,,55,60,62,61,64
P. Malinowski,35,170,62,62,130000,74,54,60,61,35,57,,,,,,,,,,,,,,,,,,,,,54,60,61,35,57
C. Gauseth,35,189,62,62,130000,41,57,56,60,46,79,,,,,,,,,,,,,,,,,,,,,57,56,60,46,79
Kim Seung Yong,34,181,61,61,130000,54,62,65,61,44,51,,,,,,,,,,,,,,,,,,,,,62,65,61,44,51
K. Barnawi,32,168,60,60,130000,75,32,50,57,56,54,,,,,,,,,,,,,,,,,,,,,32,50,57,56,54
C. Mfuyi,29,184,59,59,130000,58,43,53,51,58,58,,,,,,,,,,,,,,,,,,,,,43,53,51,58,58
J. Turley,29,188,59,59,130000,56,33,42,40,57,72,,,,,,,,,,,,,,,,,,,,,33,42,40,57,72
D. Webster,29,187,59,59,130000,33,43,51,48,58,62,,,,,,,,,,,,,,,,,,,,,43,51,48,58,62
O. Ashoor,29,170,59,59,130000,69,27,45,51,57,66,,,,,,,,,,,,,,,,,,,,,27,45,51,57,66
Jin Pengxiang,29,187,59,59,130000,63,35,49,52,59,68,,,,,,,,,,,,,,,,,,,,,35,49,52,59,68
Yang Boyu,30,185,59,59,130000,52,29,31,40,60,70,,,,,,,,,,,,,,,,,,,,,29,31,40,60,70
Zhang Yuan,29,185,59,59,130000,76,38,52,50,53,67,,,,,,,,,,,,,,,,,,,,,38,52,50,53,67
E. Sivertsen,28,179,59,59,130000,67,33,45,53,58,62,,,,,,,,,,,,,,,,,,,,,33,45,53,58,62
Song Long,29,181,59,59,130000,64,32,51,58,57,68,,,,,,,,,,,,,,,,,,,,,32,51,58,57,68
D. Fitzpatrick,29,179,59,59,130000,63,35,49,54,58,65,,,,,,,,,,,,,,,,,,,,,35,49,54,58,65
K. Böhnlein,29,183,59,59,130000,58,58,46,50,60,74,,,,,,,,,,,,,,,,,,,,,58,46,50,60,74
K. Chvedukas,28,174,58,59,130000,63,44,57,54,55,52,,,,,,,,,,,,,,,,,,,,,44,57,54,55,52
D. Ogawa,27,172,58,58,130000,69,46,49,63,53,72,,,,,,,,,,,,,,,,,,,,,46,49,63,53,72
P. Silfwer,27,173,58,58,130000,66,40,59,62,46,52,,,,,,,,,,,,,,,,,,,,,40,59,62,46,52
H. Crookside,28,185,58,58,130000,55,41,55,54,52,58,,,,,,,,,,,,,,,,,,,,,41,55,54,52,58
Y. Radionov,29,186,58,58,130000,65,54,43,59,25,59,,,,,,,,,,,,,,,,,,,,,54,43,59,25,59
M. Al Sahli,27,175,58,58,130000,74,48,53,60,37,51,,,,,,,,,,,,,,,,,,,,,48,53,60,37,51
R. Cooney,19,176,57,65,130000,59,50,56,56,55,55,,,,,,,,,,,,,,,,,,,,,50,56,56,55,55
W. Collar,22,181,57,64,130000,62,50,53,55,53,66,,,,,,,,,,,,,,,,,,,,,50,53,55,53,66
H. Raghfawi,23,174,57,64,130000,84,24,47,42,54,56,,,,,,,,,,,,,,,,,,,,,24,47,42,54,56
D. Wright,21,177,57,64,130000,71,47,53,59,52,60,,,,,,,,,,,,,,,,,,,,,47,53,59,52,60
P. Kirk,21,178,57,64,130000,61,41,49,56,55,56,,,,,,,,,,,,,,,,,,,,,41,49,56,55,56
M. Olczyk,22,176,57,64,130000,62,28,44,52,55,57,,,,,,,,,,,,,,,,,,,,,28,44,52,55,57
H. Dotson,22,180,57,64,130000,66,46,51,57,54,58,,,,,,,,,,,,,,,,,,,,,46,51,57,54,58
M. Rohr,24,195,57,64,130000,55,22,37,39,56,64,,,,,,,,,,,,,,,,,,,,,22,37,39,56,64
U. Zengin,22,180,57,64,130000,57,28,33,34,61,54,,,,,,,,,,,,,,,,,,,,,28,33,34,61,54
L. John,25,190,57,63,130000,65,24,32,32,56,65,,,,,,,,,,,,,,,,,,,,,24,32,32,56,65
Y. Subaşı,23,180,57,63,130000,71,35,42,56,56,63,,,,,,,,,,,,,,,,,,,,,35,42,56,56,63
S. Silva,22,181,57,63,130000,58,23,27,29,58,62,,,,,,,,,,,,,,,,,,,,,23,27,29,58,62
K. Iwatake,23,173,57,63,130000,66,30,48,56,53,62,,,,,,,,,,,,,,,,,,,,,30,48,56,53,62
J. Just,22,190,57,63,130000,54,38,43,39,60,72,,,,,,,,,,,,,,,,,,,,,38,43,39,60,72
T. Huk,24,183,57,63,130000,63,26,31,33,58,62,,,,,,,,,,,,,,,,,,,,,26,31,33,58,62
P. Lewis,24,186,57,61,130000,69,47,53,57,49,69,,,,,,,,,,,,,,,,,,,,,47,53,57,49,69
R. Lloyd,25,178,57,60,130000,69,45,53,61,33,50,,,,,,,,,,,,,,,,,,,,,45,53,61,33,50
A. Azeez,25,183,57,60,130000,87,51,43,55,26,63,,,,,,,,,,,,,,,,,,,,,51,43,55,26,63
M. Fredriksen,25,170,57,60,130000,59,45,47,71,27,39,,,,,,,,,,,,,,,,,,,,,45,47,71,27,39
E. Bird,26,180,57,60,130000,64,52,53,60,53,57,,,,,,,,,,,,,,,,,,,,,52,53,60,53,57
A. Ordagić,26,181,57,60,130000,67,52,54,57,49,61,,,,,,,,,,,,,,,,,,,,,52,54,57,49,61
E. Sørhøy,24,183,57,60,130000,66,55,56,56,34,63,,,,,,,,,,,,,,,,,,,,,55,56,56,34,63
J. Munsters,17,187,56,68,130000,61,42,50,54,54,59,,,,,,,,,,,,,,,,,,,,,42,50,54,54,59
D. Pawłowski,20,187,56,66,130000,68,50,51,56,52,50,,,,,,,,,,,,,,,,,,,,,50,51,56,52,50
G. Zuñiga,19,179,56,66,130000,62,36,49,54,56,57,,,,,,,,,,,,,,,,,,,,,36,49,54,56,57
D. Camara Bos,20,174,56,66,130000,64,34,40,58,57,50,,,,,,,,,,,,,,,,,,,,,34,40,58,57,50
R. Matsuda,20,175,56,66,130000,61,28,47,55,52,50,,,,,,,,,,,,,,,,,,,,,28,47,55,52,50
J. Chacón,21,190,56,66,130000,56,31,31,36,58,56,,,,,,,,,,,,,,,,,,,,,31,31,36,58,56
Shin Jae Won,20,183,56,66,130000,76,46,51,52,51,56,,,,,,,,,,,,,,,,,,,,,46,51,52,51,56
B. Onkony,21,189,56,66,130000,70,32,42,47,51,71,,,,,,,,,,,,,,,,,,,,,32,42,47,51,71
J. Kraus,19,190,56,66,130000,57,27,46,33,54,68,,,,,,,,,,,,,,,,,,,,,27,46,33,54,68
Irazábal,22,187,56,66,130000,61,36,45,58,56,56,,,,,,,,,,,,,,,,,,,,,36,45,58,56,56
S. Ako,20,176,56,66,130000,64,27,51,58,51,52,,,,,,,,,,,,,,,,,,,,,27,51,58,51,52
Li Hailong,22,181,56,65,130000,66,27,47,53,55,59,,,,,,,,,,,,,,,,,,,,,27,47,53,55,59
Wei Zhen,22,188,56,65,130000,56,30,40,38,56,60,,,,,,,,,,,,,,,,,,,,,30,40,38,56,60
C. Brown,21,185,56,65,130000,62,42,46,53,52,61,,,,,,,,,,,,,,,,,,,,,42,46,53,52,61
A. Al Hassan,23,182,56,65,130000,62,42,53,55,49,62,,,,,,,,,,,,,,,,,,,,,42,53,55,49,62
P. Pierzchała,20,190,56,65,130000,49,54,35,46,52,67,,,,,,,,,,,,,,,,,,,,,54,35,46,52,67
H. Al Sibyani,20,175,56,65,130000,76,23,43,55,52,58,,,,,,,,,,,,,,,,,,,,,23,43,55,52,58
J. Medić,20,193,56,65,130000,54,25,30,31,55,65,,,,,,,,,,,,,,,,,,,,,25,30,31,55,65
D. Klann,20,178,56,65,130000,61,35,49,49,53,65,,,,,,,,,,,,,,,,,,,,,35,49,49,53,65
C. Cooper,22,175,56,64,130000,67,47,54,59,45,65,,,,,,,,,,,,,,,,,,,,,47,54,59,45,65
M. Shabow,21,178,56,64,130000,68,45,55,59,35,46,,,,,,,,,,,,,,,,,,,,,45,55,59,35,46
E. Sylisufaj,19,177,56,64,130000,68,54,44,58,21,59,,,,,,,,,,,,,,,,,,,,,54,44,58,21,59
B. Chevreuil,22,176,56,64,130000,64,45,52,59,33,52,,,,,,,,,,,,,,,,,,,,,45,52,59,33,52
T. Hamilton,20,177,56,64,130000,69,49,52,58,32,42,,,,,,,,,,,,,,,,,,,,,49,52,58,32,42
R. Graydon,20,188,56,64,130000,66,52,54,55,31,52,,,,,,,,,,,,,,,,,,,,,52,54,55,31,52
P. Costea,20,173,56,64,130000,69,48,51,58,24,51,,,,,,,,,,,,,,,,,,,,,48,51,58,24,51
S. Schwarz,21,179,56,64,130000,69,42,51,58,29,55,,,,,,,,,,,,,,,,,,,,,42,51,58,29,55
G. Lionetti,21,176,56,64,130000,64,44,57,62,39,46,,,,,,,,,,,,,,,,,,,,,44,57,62,39,46
F. Heister,22,176,56,64,130000,66,51,54,60,44,50,,,,,,,,,,,,,,,,,,,,,51,54,60,44,50
V. Jaramillo,20,176,56,64,130000,56,43,61,57,46,51,,,,,,,,,,,,,,,,,,,,,43,61,57,46,51
L. Grabovac,21,178,56,63,130000,70,50,46,64,26,51,,,,,,,,,,,,,,,,,,,,,50,46,64,26,51
F. Niang,24,172,56,63,130000,68,43,55,58,51,60,,,,,,,,,,,,,,,,,,,,,43,55,58,51,60
Xiang Baixu,23,188,56,63,130000,68,54,37,50,26,51,,,,,,,,,,,,,,,,,,,,,54,37,50,26,51
Y. Higuchi,22,168,56,63,130000,61,45,51,58,48,48,,,,,,,,,,,,,,,,,,,,,45,51,58,48,48
B. Stevenson,20,184,56,62,130000,74,52,56,56,35,71,,,,,,,,,,,,,,,,,,,,,52,56,56,35,71
E. Suliman,21,185,55,67,130000,53,32,41,44,53,60,,,,,,,,,,,,,,,,,,,,,32,41,44,53,60
J. Stott,21,187,55,67,130000,67,22,43,39,56,64,,,,,,,,,,,,,,,,,,,,,22,43,39,56,64
G. Buliga,21,178,55,67,130000,60,24,35,37,54,60,,,,,,,,,,,,,,,,,,,,,24,35,37,54,60
E. Osam,21,178,55,66,130000,74,36,46,52,49,50,,,,,,,,,,,,,,,,,,,,,36,46,52,49,50
A. Famewo,20,187,55,66,130000,75,21,32,37,52,66,,,,,,,,,,,,,,,,,,,,,21,32,37,52,66
B. Şahiner,21,175,55,66,130000,56,31,37,58,57,53,,,,,,,,,,,,,,,,,,,,,31,37,58,57,53
D. Liessens,20,186,55,66,130000,48,25,39,44,54,58,,,,,,,,,,,,,,,,,,,,,25,39,44,54,58
L. Zottele,20,185,55,66,130000,62,27,39,40,54,61,,,,,,,,,,,,,,,,,,,,,27,39,40,54,61
J. Vogel,19,190,55,66,130000,47,36,54,49,54,56,,,,,,,,,,,,,,,,,,,,,36,54,49,54,56
M. Francois,22,180,55,65,130000,66,49,53,52,44,62,,,,,,,,,,,,,,,,,,,,,49,53,52,44,62
M. Gillam,20,182,55,65,130000,72,52,46,55,24,52,,,,,,,,,,,,,,,,,,,,,52,46,55,24,52
S. Twine,19,174,55,65,130000,72,52,41,62,18,40,,,,,,,,,,,,,,,,,,,,,52,41,62,18,40
L. Colville,20,186,55,65,130000,58,55,51,58,28,46,,,,,,,,,,,,,,,,,,,,,55,51,58,28,46
S. Strózik,20,192,55,65,130000,72,53,44,57,27,55,,,,,,,,,,,,,,,,,,,,,53,44,57,27,55
J. Hiratsuka,20,180,55,65,130000,68,57,42,53,18,52,,,,,,,,,,,,,,,,,,,,,57,42,53,18,52
M. Nakajima,20,170,55,65,130000,64,50,45,63,23,52,,,,,,,,,,,,,,,,,,,,,50,45,63,23,52
A. Bustamante,22,170,55,65,130000,69,54,52,59,40,51,,,,,,,,,,,,,,,,,,,,,54,52,59,40,51
C. Mesías,21,179,55,65,130000,68,42,52,56,32,54,,,,,,,,,,,,,,,,,,,,,42,52,56,32,54
B. Nieto,21,176,55,65,130000,77,44,51,56,51,42,,,,,,,,,,,,,,,,,,,,,44,51,56,51,42
J. Ekeland,21,178,55,65,130000,68,54,40,56,20,54,,,,,,,,,,,,,,,,,,,,,54,40,56,20,54
P. Sturm,20,176,55,65,130000,64,49,50,59,42,52,,,,,,,,,,,,,,,,,,,,,49,50,59,42,52
H. Vergara,20,182,55,64,130000,64,53,37,49,18,60,,,,,,,,,,,,,,,,,,,,,53,37,49,18,60
R. Collins,18,192,54,74,130000,62,27,37,36,51,66,,,,,,,,,,,,,,,,,,,,,27,37,36,51,66
J. Caicedo,17,185,54,74,130000,61,32,45,50,51,63,,,,,,,,,,,,,,,,,,,,,32,45,50,51,63
N. Zdichynec,17,184,54,74,130000,67,48,48,57,26,47,,,,,,,,,,,,,,,,,,,,,48,48,57,26,47
K. Yao,18,187,54,73,130000,58,23,38,30,52,60,,,,,,,,,,,,,,,,,,,,,23,38,30,52,60
D. Morys,18,174,54,72,130000,62,39,52,49,51,51,,,,,,,,,,,,,,,,,,,,,39,52,49,51,51
E. Ross,17,174,54,72,130000,64,45,52,57,46,44,,,,,,,,,,,,,,,,,,,,,45,52,57,46,44
J. Kamiński,17,179,54,71,130000,78,47,44,57,28,40,,,,,,,,,,,,,,,,,,,,,47,44,57,28,40
A. Doğan,17,180,54,70,130000,52,28,35,38,57,52,,,,,,,,,,,,,,,,,,,,,28,35,38,57,52
J. King,18,178,54,70,130000,70,29,45,52,53,53,,,,,,,,,,,,,,,,,,,,,29,45,52,53,53
T. Nakamura,18,177,54,70,130000,63,30,46,52,46,56,,,,,,,,,,,,,,,,,,,,,30,46,52,46,56
M. Williams,18,186,54,70,130000,64,27,35,35,52,64,,,,,,,,,,,,,,,,,,,,,27,35,35,52,64
J. Lackéll,17,175,54,69,130000,65,40,52,60,39,51,,,,,,,,,,,,,,,,,,,,,40,52,60,39,51
C. Davis,21,165,54,67,130000,64,49,43,55,25,55,,,,,,,,,,,,,,,,,,,,,49,43,55,25,55
Park Sung Min,20,181,54,67,130000,67,49,40,51,21,54,,,,,,,,,,,,,,,,,,,,,49,40,51,21,54
J. Isaksen,19,183,54,67,130000,61,46,52,53,42,56,,,,,,,,,,,,,,,,,,,,,46,52,53,42,56
J. Ramsey,18,180,53,76,130000,60,38,55,53,40,46,,,,,,,,,,,,,,,,,,,,,38,55,53,40,46
J. Northcott,17,162,53,75,130000,71,49,44,58,25,27,,,,,,,,,,,,,,,,,,,,,49,44,58,25,27
E. McCue,18,192,53,74,130000,52,25,37,33,51,64,,,,,,,,,,,,,,,,,,,,,25,37,33,51,64
L. Buchanan,18,175,53,74,130000,65,34,35,43,52,56,,,,,,,,,,,,,,,,,,,,,34,35,43,52,56
J. Knight,18,173,53,74,130000,60,37,52,55,42,52,,,,,,,,,,,,,,,,,,,,,37,52,55,42,52
F. Solimando,17,172,53,74,130000,68,42,46,63,27,39,,,,,,,,,,,,,,,,,,,,,42,46,63,27,39
A. McCann,19,178,53,73,130000,59,39,51,50,47,55,,,,,,,,,,,,,,,,,,,,,39,51,50,47,55
F. Brattbakk,19,180,53,73,130000,69,53,38,49,20,49,,,,,,,,,,,,,,,,,,,,,53,38,49,20,49
F. Preston,20,175,53,71,130000,71,49,48,56,32,40,,,,,,,,,,,,,,,,,,,,,49,48,56,32,40
M. Al Shudukhi,20,170,53,71,130000,69,43,46,61,24,38,,,,,,,,,,,,,,,,,,,,,43,46,61,24,38
D. Ściślak,19,177,53,71,130000,66,45,48,58,29,52,,,,,,,,,,,,,,,,,,,,,45,48,58,29,52
C. Sangster,19,185,53,70,130000,63,44,51,51,44,61,,,,,,,,,,,,,,,,,,,,,44,51,51,44,61
K. McClean,20,184,53,70,130000,66,44,54,61,39,47,,,,,,,,,,,,,,,,,,,,,44,54,61,39,47
G. Nurse,20,178,53,70,130000,71,49,44,56,25,53,,,,,,,,,,,,,,,,,,,,,49,44,56,25,53
M. Wolfe,19,185,53,70,130000,64,40,50,50,45,61,,,,,,,,,,,,,,,,,,,,,40,50,50,45,61
M. Larsen,19,175,53,70,130000,69,47,45,57,29,38,,,,,,,,,,,,,,,,,,,,,47,45,57,29,38
P. Bjur,19,180,53,70,130000,69,41,46,59,40,55,,,,,,,,,,,,,,,,,,,,,41,46,59,40,55
D. Ontuzans,19,173,53,70,130000,74,44,48,61,30,48,,,,,,,,,,,,,,,,,,,,,44,48,61,30,48
C. Kirby,20,172,53,69,130000,64,40,48,58,43,58,,,,,,,,,,,,,,,,,,,,,40,48,58,43,58
M. Bildøy,19,171,53,69,130000,68,51,49,56,32,46,,,,,,,,,,,,,,,,,,,,,51,49,56,32,46
J. Cox,20,176,53,69,130000,66,47,49,56,24,40,,,,,,,,,,,,,,,,,,,,,47,49,56,24,40
P. Zaucha,19,175,53,69,130000,71,50,50,51,24,43,,,,,,,,,,,,,,,,,,,,,50,50,51,24,43
Guo Tianyu,20,192,53,68,130000,55,47,41,52,34,57,,,,,,,,,,,,,,,,,,,,,47,41,52,34,57
F. Mawana,19,169,53,68,130000,77,50,44,57,23,45,,,,,,,,,,,,,,,,,,,,,50,44,57,23,45
D. Kother,19,180,53,68,130000,66,53,34,51,21,45,,,,,,,,,,,,,,,,,,,,,53,34,51,21,45
J. Burban,19,182,53,68,130000,60,53,37,50,18,55,,,,,,,,,,,,,,,,,,,,,53,37,50,18,55
F. Barragán,20,177,53,67,130000,65,45,50,52,33,47,,,,,,,,,,,,,,,,,,,,,45,50,52,33,47
J. Gibson,21,178,53,67,130000,66,51,46,58,24,38,,,,,,,,,,,,,,,,,,,,,51,46,58,24,38
D. Qela,20,177,53,67,130000,65,41,51,57,49,49,,,,,,,,,,,,,,,,,,,,,41,51,57,49,49
Y. Kasaï,21,192,53,67,130000,59,48,39,47,25,69,,,,,,,,,,,,,,,,,,,,,48,39,47,25,69
N. Iketaka,19,173,53,67,130000,53,34,54,56,31,38,,,,,,,,,,,,,,,,,,,,,34,54,56,31,38
E. Zapata,19,177,53,67,130000,71,51,40,50,17,55,,,,,,,,,,,,,,,,,,,,,51,40,50,17,55
C. Salcido,39,176,68,68,120000,33,56,66,61,66,74,,,,,,,,,,,,,,,,,,,,,56,66,61,66,74
M. Wasilewski,39,186,68,68,120000,30,54,55,40,65,75,,,,,,,,,,,,,,,,,,,,,54,55,40,65,75
J. Thomsen,37,180,66,66,120000,58,44,63,59,65,70,,,,,,,,,,,,,,,,,,,,,44,63,59,65,70
C. Del Grosso,36,171,66,66,120000,73,47,64,65,65,56,,,,,,,,,,,,,,,,,,,,,47,64,65,65,56
S. Ağçay,37,176,65,65,120000,47,63,57,60,66,66,,,,,,,,,,,,,,,,,,,,,63,57,60,66,66
D. Chica,38,175,65,65,120000,50,54,65,68,61,58,,,,,,,,,,,,,,,,,,,,,54,65,68,61,58
M. Restrepo,38,174,65,65,120000,46,46,62,63,64,64,,,,,,,,,,,,,,,,,,,,,46,62,63,64,64
S. Old,33,190,61,61,120000,51,21,43,49,60,66,,,,,,,,,,,,,,,,,,,,,21,43,49,60,66
S. Dawson,33,168,60,60,120000,41,45,57,57,60,65,,,,,,,,,,,,,,,,,,,,,45,57,57,60,65
I. Miller,32,191,59,59,120000,55,57,46,53,33,68,,,,,,,,,,,,,,,,,,,,,57,46,53,33,68
E. Zeneli,32,168,59,59,120000,65,57,59,62,30,39,,,,,,,,,,,,,,,,,,,,,57,59,62,30,39
J. Martin,30,183,59,59,120000,64,37,52,50,56,68,,,,,,,,,,,,,,,,,,,,,37,52,50,56,68
T. Miyazaki,32,170,59,59,120000,58,39,65,57,53,63,,,,,,,,,,,,,,,,,,,,,39,65,57,53,63
Ha Sung Min,32,184,59,59,120000,66,49,57,58,57,72,,,,,,,,,,,,,,,,,,,,,49,57,58,57,72
Bae Seung Jin,31,182,59,59,120000,66,29,47,57,61,62,,,,,,,,,,,,,,,,,,,,,29,47,57,61,62
F. Al Marwani,31,181,59,59,120000,65,31,36,46,58,64,,,,,,,,,,,,,,,,,,,,,31,36,46,58,64
Li Chao,31,178,59,59,120000,64,31,44,40,58,60,,,,,,,,,,,,,,,,,,,,,31,44,40,58,60
I. Stoica,31,186,59,59,120000,55,23,32,34,58,73,,,,,,,,,,,,,,,,,,,,,23,32,34,58,73
Han Xuan,28,193,58,59,120000,50,23,34,37,57,74,,,,,,,,,,,,,,,,,,,,,23,34,37,57,74
N. Geertsen,28,185,58,59,120000,38,33,38,38,56,69,,,,,,,,,,,,,,,,,,,,,33,38,38,56,69
Lü Peng,29,182,58,58,120000,62,36,57,65,55,64,,,,,,,,,,,,,,,,,,,,,36,57,65,55,64
D. Bartl,29,181,58,58,120000,68,52,57,56,45,68,,,,,,,,,,,,,,,,,,,,,52,57,56,45,68
S. Hazzam,29,170,58,58,120000,72,53,53,58,30,51,,,,,,,,,,,,,,,,,,,,,53,53,58,30,51
M. Kryeziu,22,196,57,62,120000,35,20,28,35,53,75,,,,,,,,,,,,,,,,,,,,,20,28,35,53,75
L. Polvani,24,188,57,62,120000,33,16,29,30,57,61,,,,,,,,,,,,,,,,,,,,,16,29,30,57,61
R. Loughty,24,176,57,62,120000,65,39,49,51,55,58,,,,,,,,,,,,,,,,,,,,,39,49,51,55,58
K. Al Khathlan,23,178,57,62,120000,74,26,45,54,54,53,,,,,,,,,,,,,,,,,,,,,26,45,54,54,53
M. Fjörtoft,25,193,57,62,120000,58,30,31,34,55,69,,,,,,,,,,,,,,,,,,,,,30,31,34,55,69
D. O'Reilly,24,179,57,61,120000,55,34,52,53,54,68,,,,,,,,,,,,,,,,,,,,,34,52,53,54,68
Wang Yaopeng,24,187,57,61,120000,59,26,28,38,56,72,,,,,,,,,,,,,,,,,,,,,26,28,38,56,72
B. Baajaj,24,176,57,61,120000,63,21,34,42,57,64,,,,,,,,,,,,,,,,,,,,,21,34,42,57,64
F. Bainović,23,177,57,61,120000,70,41,54,52,53,61,,,,,,,,,,,,,,,,,,,,,41,54,52,53,61
J. Kavanagh,24,176,57,60,120000,55,44,53,55,57,60,,,,,,,,,,,,,,,,,,,,,44,53,55,57,60
Wu Wei,22,186,57,60,120000,67,44,52,57,54,66,,,,,,,,,,,,,,,,,,,,,44,52,57,54,66
J. Hylton,26,178,57,58,120000,76,54,44,59,21,53,,,,,,,,,,,,,,,,,,,,,54,44,59,21,53
M. Nakayama,27,180,57,58,120000,58,58,42,50,27,56,,,,,,,,,,,,,,,,,,,,,58,42,50,27,56
M. Warburton,27,176,57,58,120000,70,52,51,56,35,52,,,,,,,,,,,,,,,,,,,,,52,51,56,35,52
C. Waters,23,168,56,64,120000,73,28,38,54,53,58,,,,,,,,,,,,,,,,,,,,,28,38,54,53,58
J. Tucker,19,192,56,64,120000,69,26,41,34,54,63,,,,,,,,,,,,,,,,,,,,,26,41,34,54,63
J. Gallagher,23,175,56,64,120000,74,52,49,57,51,53,,,,,,,,,,,,,,,,,,,,,52,49,57,51,53
L. Farine,22,193,56,64,120000,59,25,28,30,55,66,,,,,,,,,,,,,,,,,,,,,25,28,30,55,66
A. Al Hidhani,21,172,56,64,120000,73,33,45,55,52,56,,,,,,,,,,,,,,,,,,,,,33,45,55,52,56
C. Pájaro,21,177,56,64,120000,72,25,37,49,51,68,,,,,,,,,,,,,,,,,,,,,25,37,49,51,68
J. Corinus,22,187,56,64,120000,59,35,50,53,52,59,,,,,,,,,,,,,,,,,,,,,35,50,53,52,59
D. Michalski,21,191,56,64,120000,62,26,29,33,56,67,,,,,,,,,,,,,,,,,,,,,26,29,33,56,67
H. Vandermersch,20,180,56,64,120000,68,26,42,49,54,55,,,,,,,,,,,,,,,,,,,,,26,42,49,54,55
M. Winter,18,175,56,64,120000,52,42,53,59,57,51,,,,,,,,,,,,,,,,,,,,,42,53,59,57,51
Cui Ming'an,24,180,56,63,120000,62,36,54,47,50,66,,,,,,,,,,,,,,,,,,,,,36,54,47,50,66
A. Kilgour,21,178,56,63,120000,51,29,38,43,53,67,,,,,,,,,,,,,,,,,,,,,29,38,43,53,67
S. Pereira,20,185,56,63,120000,56,24,30,33,55,64,,,,,,,,,,,,,,,,,,,,,24,30,33,55,64
O. Sigurjónsson,24,174,56,62,120000,66,45,55,56,54,66,,,,,,,,,,,,,,,,,,,,,45,55,56,54,66
Yang Wanshun,23,178,56,62,120000,70,52,51,57,51,63,,,,,,,,,,,,,,,,,,,,,52,51,57,51,63
J. Olufsen,23,184,56,62,120000,72,53,49,59,28,50,,,,,,,,,,,,,,,,,,,,,53,49,59,28,50
Nie Aoshuang,24,180,56,62,120000,66,38,54,57,48,56,,,,,,,,,,,,,,,,,,,,,38,54,57,48,56
M. Abdullah,24,164,56,62,120000,66,44,56,65,40,39,,,,,,,,,,,,,,,,,,,,,44,56,65,40,39
A. Addai,25,178,56,61,120000,76,54,44,55,26,52,,,,,,,,,,,,,,,,,,,,,54,44,55,26,52
R. Oates,24,183,56,61,120000,68,56,46,59,36,58,,,,,,,,,,,,,,,,,,,,,56,46,59,36,58
H. Al Jasim,24,172,56,61,120000,55,54,44,53,29,54,,,,,,,,,,,,,,,,,,,,,54,44,53,29,54
R. Tsonev,24,170,56,61,120000,62,41,54,56,48,52,,,,,,,,,,,,,,,,,,,,,41,54,56,48,52
A. Bergmark Wiberg,22,182,56,61,120000,54,57,33,57,17,50,,,,,,,,,,,,,,,,,,,,,57,33,57,17,50
E. Morillo,24,175,56,61,120000,74,53,40,54,19,57,,,,,,,,,,,,,,,,,,,,,53,40,54,19,57
M. Timlin,24,175,56,60,120000,70,55,56,59,49,52,,,,,,,,,,,,,,,,,,,,,55,56,59,49,52
D. Moyo,24,183,56,59,120000,79,55,34,54,20,74,,,,,,,,,,,,,,,,,,,,,55,34,54,20,74
S. Junqua,22,183,55,66,120000,62,26,43,57,53,59,,,,,,,,,,,,,,,,,,,,,26,43,57,53,59
M. Nzita,19,178,55,66,120000,64,28,40,50,55,51,,,,,,,,,,,,,,,,,,,,,28,40,50,55,51
A. Hayden,22,186,55,65,120000,67,30,29,41,54,65,,,,,,,,,,,,,,,,,,,,,30,29,41,54,65
F. Cantillo,21,177,55,65,120000,69,47,54,60,53,48,,,,,,,,,,,,,,,,,,,,,47,54,60,53,48
M. Dignam,20,181,55,65,120000,62,27,46,54,51,58,,,,,,,,,,,,,,,,,,,,,27,46,54,51,58
M. Leasă,20,180,55,65,120000,62,26,43,49,54,59,,,,,,,,,,,,,,,,,,,,,26,43,49,54,59
T. Heggem,20,185,55,65,120000,63,27,28,35,55,59,,,,,,,,,,,,,,,,,,,,,27,28,35,55,59
P. Therkildsen,21,190,55,65,120000,66,36,45,47,50,65,,,,,,,,,,,,,,,,,,,,,36,45,47,50,65
S. Abdul Samed,19,180,55,65,120000,62,44,48,53,52,58,,,,,,,,,,,,,,,,,,,,,44,48,53,52,58
K. Funaki,21,177,55,64,120000,67,30,50,53,47,64,,,,,,,,,,,,,,,,,,,,,30,50,53,47,64
H. Ishikawa,20,172,55,64,120000,62,52,53,61,35,56,,,,,,,,,,,,,,,,,,,,,52,53,61,35,56
T. Uchida,21,177,55,64,120000,63,48,47,56,47,59,,,,,,,,,,,,,,,,,,,,,48,47,56,47,59
J. Walker,18,182,55,64,120000,61,52,40,52,19,59,,,,,,,,,,,,,,,,,,,,,52,40,52,19,59
J. Martinez,20,173,55,64,120000,66,53,53,56,23,55,,,,,,,,,,,,,,,,,,,,,53,53,56,23,55
S. Sprečaković,20,172,55,64,120000,69,46,48,63,25,38,,,,,,,,,,,,,,,,,,,,,46,48,63,25,38
E. Florescu,22,188,55,64,120000,61,36,57,57,35,42,,,,,,,,,,,,,,,,,,,,,36,57,57,35,42
K. Perez,21,170,55,64,120000,68,45,50,58,32,45,,,,,,,,,,,,,,,,,,,,,45,50,58,32,45
K. Al Blooshi,20,169,55,64,120000,63,42,53,58,31,45,,,,,,,,,,,,,,,,,,,,,42,53,58,31,45
N. Ferguson,23,189,55,63,120000,63,41,49,55,46,62,,,,,,,,,,,,,,,,,,,,,41,49,55,46,62
M. Al Thani,22,174,55,63,120000,71,47,49,56,23,44,,,,,,,,,,,,,,,,,,,,,47,49,56,23,44
M. Kouyaté,21,180,55,63,120000,65,37,53,58,41,59,,,,,,,,,,,,,,,,,,,,,37,53,58,41,59
L. Dykes,23,188,55,63,120000,55,54,36,50,27,60,,,,,,,,,,,,,,,,,,,,,54,36,50,27,60
C. Carter,22,185,55,63,120000,68,46,52,54,34,50,,,,,,,,,,,,,,,,,,,,,46,52,54,34,50
G. Chirullo,20,182,55,63,120000,55,56,40,48,19,56,,,,,,,,,,,,,,,,,,,,,56,40,48,19,56
N. Dorofeev,21,180,55,63,120000,59,41,57,56,56,53,,,,,,,,,,,,,,,,,,,,,41,57,56,56,53
F. Gonzales,20,180,55,63,120000,71,48,51,57,34,52,,,,,,,,,,,,,,,,,,,,,48,51,57,34,52
J. Nyland Ørsahl,17,183,54,72,120000,70,28,44,52,50,55,,,,,,,,,,,,,,,,,,,,,28,44,52,50,55
E. Voufack,17,182,54,70,120000,74,45,49,58,47,57,,,,,,,,,,,,,,,,,,,,,45,49,58,47,57
Qian Yumiao,21,181,54,67,120000,57,23,34,33,53,60,,,,,,,,,,,,,,,,,,,,,23,34,33,53,60
C. Goteni,20,180,54,67,120000,60,24,29,32,56,59,,,,,,,,,,,,,,,,,,,,,24,29,32,56,59
S. Naruse,18,166,54,67,120000,65,36,47,62,50,50,,,,,,,,,,,,,,,,,,,,,36,47,62,50,50
J. López,20,175,54,67,120000,66,28,41,51,54,60,,,,,,,,,,,,,,,,,,,,,28,41,51,54,60
P. Vivanco,19,185,54,67,120000,58,38,52,51,55,41,,,,,,,,,,,,,,,,,,,,,38,52,51,55,41
B. Thompson,18,188,54,67,120000,70,52,37,53,21,61,,,,,,,,,,,,,,,,,,,,,52,37,53,21,61
K. Klefisch,19,186,54,67,120000,61,42,46,52,52,55,,,,,,,,,,,,,,,,,,,,,42,46,52,52,55
T. Lauritsen,21,192,54,66,120000,58,51,43,49,43,62,,,,,,,,,,,,,,,,,,,,,51,43,49,43,62
P. Doyle,21,177,54,66,120000,55,34,55,60,40,56,,,,,,,,,,,,,,,,,,,,,34,55,60,40,56
O. Edlund,19,180,54,66,120000,64,52,45,50,23,50,,,,,,,,,,,,,,,,,,,,,52,45,50,23,50
F. Al Tryes,22,170,54,66,120000,74,42,47,59,31,37,,,,,,,,,,,,,,,,,,,,,42,47,59,31,37
Y. Barka,21,183,54,66,120000,57,57,46,51,20,51,,,,,,,,,,,,,,,,,,,,,57,46,51,20,51
S. Faiqi,19,175,54,66,120000,63,40,51,55,44,54,,,,,,,,,,,,,,,,,,,,,40,51,55,44,54
T. Wood,20,185,54,66,120000,58,49,48,47,26,64,,,,,,,,,,,,,,,,,,,,,49,48,47,26,64
P. Cárdenas,19,177,54,66,120000,61,46,54,55,47,58,,,,,,,,,,,,,,,,,,,,,46,54,55,47,58
A. Balicki,19,182,54,66,120000,66,53,37,50,20,56,,,,,,,,,,,,,,,,,,,,,53,37,50,20,56
N. Köpf,19,180,54,66,120000,65,42,52,55,45,63,,,,,,,,,,,,,,,,,,,,,42,52,55,45,63
T. Seferi,22,184,54,65,120000,61,52,40,53,26,61,,,,,,,,,,,,,,,,,,,,,52,40,53,26,61
A. Vassallo,21,180,54,65,120000,61,55,40,53,20,43,,,,,,,,,,,,,,,,,,,,,55,40,53,20,43
A. Rose,20,175,54,65,120000,87,52,38,51,33,46,,,,,,,,,,,,,,,,,,,,,52,38,51,33,46
J. Breitfeld,22,189,54,65,120000,63,48,53,49,38,61,,,,,,,,,,,,,,,,,,,,,48,53,49,38,61
H. Al Shaie,21,167,54,65,120000,69,52,48,55,16,41,,,,,,,,,,,,,,,,,,,,,52,48,55,16,41
H. Mnoga,17,185,53,77,120000,73,32,42,52,47,63,,,,,,,,,,,,,,,,,,,,,32,42,52,47,63
M. Rakoczy,17,171,53,73,120000,66,41,52,52,42,48,,,,,,,,,,,,,,,,,,,,,41,52,52,42,48
J. Vazquez,18,180,53,73,120000,56,52,39,52,18,49,,,,,,,,,,,,,,,,,,,,,52,39,52,18,49
M. Fofana,18,185,53,73,120000,75,51,37,52,16,50,,,,,,,,,,,,,,,,,,,,,51,37,52,16,50
R. Darcy,18,175,53,73,120000,62,47,44,54,20,48,,,,,,,,,,,,,,,,,,,,,47,44,54,20,48
L. Arriaga,18,168,53,72,120000,70,55,44,58,18,35,,,,,,,,,,,,,,,,,,,,,55,44,58,18,35
H. Tangen,18,174,53,71,120000,60,44,53,59,37,48,,,,,,,,,,,,,,,,,,,,,44,53,59,37,48
E. Arslan,17,183,53,71,120000,53,53,41,49,19,47,,,,,,,,,,,,,,,,,,,,,53,41,49,19,47
T. Tushi,18,177,53,71,120000,56,55,41,47,19,50,,,,,,,,,,,,,,,,,,,,,55,41,47,19,50
K. Yao,20,185,53,70,120000,53,24,31,30,54,59,,,,,,,,,,,,,,,,,,,,,24,31,30,54,59
D. Happe,20,183,53,70,120000,57,22,36,41,51,57,,,,,,,,,,,,,,,,,,,,,22,36,41,51,57
D. Walker-Rice,18,178,53,70,120000,74,46,46,56,27,48,,,,,,,,,,,,,,,,,,,,,46,46,56,27,48
E. Holm,19,191,53,70,120000,60,27,44,48,49,64,,,,,,,,,,,,,,,,,,,,,27,44,48,49,64
O. Antman,17,175,53,70,120000,66,36,51,60,33,46,,,,,,,,,,,,,,,,,,,,,36,51,60,33,46
F. Mambimbi,18,170,53,70,120000,72,55,45,57,25,36,,,,,,,,,,,,,,,,,,,,,55,45,57,25,36
P. Vogt,19,175,53,70,120000,67,28,39,52,51,57,,,,,,,,,,,,,,,,,,,,,28,39,52,51,57
N. Alexandersson,17,179,53,70,120000,67,43,46,58,33,40,,,,,,,,,,,,,,,,,,,,,43,46,58,33,40
O. Gorin,19,184,53,70,120000,65,38,45,52,49,62,,,,,,,,,,,,,,,,,,,,,38,45,52,49,62
S. Haubrock,19,186,53,69,120000,53,26,34,33,53,60,,,,,,,,,,,,,,,,,,,,,26,34,33,53,60
T. Prica,17,183,53,69,120000,58,55,36,48,18,48,,,,,,,,,,,,,,,,,,,,,55,36,48,18,48
F. Tavares,18,180,53,69,120000,80,49,44,56,22,49,,,,,,,,,,,,,,,,,,,,,49,44,56,22,49
L. Green-Birch,18,178,53,69,120000,70,39,51,52,35,56,,,,,,,,,,,,,,,,,,,,,39,51,52,35,56
G. Alexander,18,178,53,69,120000,60,53,36,51,18,51,,,,,,,,,,,,,,,,,,,,,53,36,51,18,51
A. Ousmane,19,183,53,69,120000,55,24,27,30,54,55,,,,,,,,,,,,,,,,,,,,,24,27,30,54,55
A. Bærtelsen,19,189,53,68,120000,63,25,35,38,51,54,,,,,,,,,,,,,,,,,,,,,25,35,38,51,54
T. Pugh,18,174,53,68,120000,69,43,50,55,49,59,,,,,,,,,,,,,,,,,,,,,43,50,55,49,59
F. Honda,18,170,53,68,120000,62,41,48,57,34,45,,,,,,,,,,,,,,,,,,,,,41,48,57,34,45
M. Petratos,18,178,53,68,120000,73,53,45,60,16,50,,,,,,,,,,,,,,,,,,,,,53,45,60,16,50
C. Coxe,20,180,53,67,120000,65,25,42,55,51,55,,,,,,,,,,,,,,,,,,,,,25,42,55,51,55
S. Noreña,20,182,53,67,120000,56,25,26,34,54,58,,,,,,,,,,,,,,,,,,,,,25,26,34,54,58
K. Harada,18,169,53,67,120000,61,40,49,61,32,37,,,,,,,,,,,,,,,,,,,,,40,49,61,32,37
G. Cîmpanu,18,172,53,67,120000,56,54,38,51,20,42,,,,,,,,,,,,,,,,,,,,,54,38,51,20,42
T. Oluwa,18,179,53,67,120000,74,49,42,49,20,63,,,,,,,,,,,,,,,,,,,,,49,42,49,20,63
A. Ratajczyk,17,176,53,67,120000,66,45,48,56,25,43,,,,,,,,,,,,,,,,,,,,,45,48,56,25,43
M. O'Connor,20,188,53,66,120000,61,52,36,53,23,52,,,,,,,,,,,,,,,,,,,,,52,36,53,23,52
B. Seymour,20,175,53,66,120000,72,51,35,55,20,54,,,,,,,,,,,,,,,,,,,,,51,35,55,20,54
R. Vitiello,36,176,65,65,110000,58,44,50,50,65,57,,,,,,,,,,,,,,,,,,,,,44,50,50,65,57
Y. Abe,37,178,65,65,110000,38,66,70,63,66,57,,,,,,,,,,,,,,,,,,,,,66,70,63,66,57
Sui Donglu,36,194,65,65,110000,35,52,53,59,65,64,,,,,,,,,,,,,,,,,,,,,52,53,59,65,64
W. Torres,35,178,63,63,110000,48,25,34,56,64,66,,,,,,,,,,,,,,,,,,,,,25,34,56,64,66
Luis Paezinho,35,182,63,63,110000,66,35,47,37,66,53,,,,,,,,,,,,,,,,,,,,,35,47,37,66,53
M. Richards,36,180,62,62,110000,41,62,52,56,23,71,,,,,,,,,,,,,,,,,,,,,62,52,56,23,71
Liu Jian,34,187,62,62,110000,51,56,58,58,60,67,,,,,,,,,,,,,,,,,,,,,56,58,58,60,67
J. Hoyte,34,178,62,62,110000,65,30,54,54,59,66,,,,,,,,,,,,,,,,,,,,,30,54,54,59,66
N. Pond,34,190,62,62,110000,30,32,43,39,61,73,,,,,,,,,,,,,,,,,,,,,32,43,39,61,73
G. Warren,34,184,62,62,110000,44,37,41,44,60,73,,,,,,,,,,,,,,,,,,,,,37,41,44,60,73
J. O'Brien,33,180,61,61,110000,43,43,59,60,64,65,,,,,,,,,,,,,,,,,,,,,43,59,60,64,65
M. Harrold,34,185,60,60,110000,55,59,48,56,27,73,,,,,,,,,,,,,,,,,,,,,59,48,56,27,73
J. Carroll,27,183,58,58,110000,74,41,53,54,51,66,,,,,,,,,,,,,,,,,,,,,41,53,54,51,66
A. Buxton,27,185,58,58,110000,50,37,54,50,58,69,,,,,,,,,,,,,,,,,,,,,37,54,50,58,69
Lee Kwang Jin,27,179,58,58,110000,83,54,57,60,50,52,,,,,,,,,,,,,,,,,,,,,54,57,60,50,52
K. Juraszek,28,187,58,58,110000,59,26,38,41,56,65,,,,,,,,,,,,,,,,,,,,,26,38,41,56,65
J. Holúbek,28,181,58,58,110000,70,25,44,59,54,62,,,,,,,,,,,,,,,,,,,,,25,44,59,54,62
J. Al Dossary,25,178,57,60,110000,64,27,41,53,57,68,,,,,,,,,,,,,,,,,,,,,27,41,53,57,68
J. Hare,24,183,57,59,110000,62,48,52,53,55,61,,,,,,,,,,,,,,,,,,,,,48,52,53,55,61
Lu Yao,26,176,57,59,110000,62,34,47,58,57,70,,,,,,,,,,,,,,,,,,,,,34,47,58,57,70
L. Mijaljevic,28,180,57,57,110000,60,58,42,57,25,58,,,,,,,,,,,,,,,,,,,,,58,42,57,25,58
R. Bennett,28,193,57,57,110000,56,57,33,50,25,76,,,,,,,,,,,,,,,,,,,,,57,33,50,25,76
J. Weißenfels,27,186,57,57,110000,64,56,42,53,27,53,,,,,,,,,,,,,,,,,,,,,56,42,53,27,53
T. Dejewski,24,191,56,63,110000,53,20,35,35,54,67,,,,,,,,,,,,,,,,,,,,,20,35,35,54,67
S. Lavelle,22,188,56,63,110000,55,26,30,32,57,64,,,,,,,,,,,,,,,,,,,,,26,30,32,57,64
Long Wei,24,182,56,63,110000,56,31,48,53,53,65,,,,,,,,,,,,,,,,,,,,,31,48,53,53,65
C. Deasy,22,181,56,63,110000,70,29,47,56,51,62,,,,,,,,,,,,,,,,,,,,,29,47,56,51,62
H. Araki,22,185,56,63,110000,59,24,35,39,52,65,,,,,,,,,,,,,,,,,,,,,24,35,39,52,65
F. Karkalis,24,181,56,62,110000,57,28,38,50,56,55,,,,,,,,,,,,,,,,,,,,,28,38,50,56,55
Dong YanFeng,23,182,56,62,110000,76,27,35,58,54,58,,,,,,,,,,,,,,,,,,,,,27,35,58,54,58
G. Dahl,23,181,56,62,110000,66,36,53,57,54,54,,,,,,,,,,,,,,,,,,,,,36,53,57,54,54
M. Naji,25,170,56,62,110000,67,45,52,55,54,62,,,,,,,,,,,,,,,,,,,,,45,52,55,54,62
Liu Heng,23,180,56,62,110000,63,25,34,38,54,67,,,,,,,,,,,,,,,,,,,,,25,34,38,54,67
A. Ando,24,173,56,62,110000,54,38,48,53,56,60,,,,,,,,,,,,,,,,,,,,,38,48,53,56,60
L. Ortiz,23,177,56,62,110000,67,38,50,55,50,58,,,,,,,,,,,,,,,,,,,,,38,50,55,50,58
H. Assiri,23,173,56,62,110000,75,37,49,56,52,50,,,,,,,,,,,,,,,,,,,,,37,49,56,52,50
Kim Seung Woo,23,185,56,61,110000,58,24,29,38,55,62,,,,,,,,,,,,,,,,,,,,,24,29,38,55,62
A. Al Khamis,24,177,56,61,110000,62,34,51,53,54,56,,,,,,,,,,,,,,,,,,,,,34,51,53,54,56
M. Dampc,23,188,56,60,110000,57,26,37,33,55,65,,,,,,,,,,,,,,,,,,,,,26,37,33,55,65
R. Watson,25,185,56,59,110000,59,53,57,60,44,60,,,,,,,,,,,,,,,,,,,,,53,57,60,44,60
Sun Guowen,25,182,56,59,110000,80,43,46,55,31,56,,,,,,,,,,,,,,,,,,,,,43,46,55,31,56
Ji Xiaoxuan,26,181,56,59,110000,68,48,51,58,28,42,,,,,,,,,,,,,,,,,,,,,48,51,58,28,42
A. Souda,26,178,56,59,110000,59,44,53,56,30,44,,,,,,,,,,,,,,,,,,,,,44,53,56,30,44
J. Mary,26,185,56,58,110000,61,55,38,52,20,61,,,,,,,,,,,,,,,,,,,,,55,38,52,20,61
T. McNamee,25,172,56,57,110000,70,50,53,59,22,47,,,,,,,,,,,,,,,,,,,,,50,53,59,22,47
Osman Junior,26,181,56,57,110000,70,53,45,62,26,42,,,,,,,,,,,,,,,,,,,,,53,45,62,26,42
J. Romanski,19,180,55,65,110000,71,29,42,51,49,54,,,,,,,,,,,,,,,,,,,,,29,42,51,49,54
F. Flick,19,190,55,65,110000,52,24,30,39,54,59,,,,,,,,,,,,,,,,,,,,,24,30,39,54,59
S. Ling,22,175,55,64,110000,66,24,43,52,52,57,,,,,,,,,,,,,,,,,,,,,24,43,52,52,57
E. Gumbs,21,178,55,64,110000,66,33,36,44,53,62,,,,,,,,,,,,,,,,,,,,,33,36,44,53,62
G. Montes,23,176,55,64,110000,68,41,47,52,54,57,,,,,,,,,,,,,,,,,,,,,41,47,52,54,57
F. Ufuk,21,175,55,64,110000,63,33,47,52,54,52,,,,,,,,,,,,,,,,,,,,,33,47,52,54,52
J. Ordóñez,22,180,55,64,110000,62,25,27,33,57,59,,,,,,,,,,,,,,,,,,,,,25,27,33,57,59
F. Darisi,22,180,55,64,110000,65,30,39,52,54,64,,,,,,,,,,,,,,,,,,,,,30,39,52,54,64
C. Díaz,21,182,55,64,110000,68,42,47,47,51,66,,,,,,,,,,,,,,,,,,,,,42,47,47,51,66
C. Navarrete,20,176,55,64,110000,59,24,52,48,53,62,,,,,,,,,,,,,,,,,,,,,24,52,48,53,62
F. Blake-Tracy,23,183,55,64,110000,59,24,39,53,53,55,,,,,,,,,,,,,,,,,,,,,24,39,53,53,55
M. Ekpiteta,23,193,55,64,110000,59,27,31,32,53,64,,,,,,,,,,,,,,,,,,,,,27,31,32,53,64
G. Ricci,22,180,55,63,110000,63,29,37,49,55,59,,,,,,,,,,,,,,,,,,,,,29,37,49,55,59
C. Ventola,22,170,55,63,110000,63,32,49,54,47,52,,,,,,,,,,,,,,,,,,,,,32,49,54,47,52
M. Leverbe,22,188,55,63,110000,51,30,30,39,55,60,,,,,,,,,,,,,,,,,,,,,30,30,39,55,60
T. Hama,21,182,55,63,110000,53,23,29,37,56,64,,,,,,,,,,,,,,,,,,,,,23,29,37,56,64
J. Silgado,20,171,55,63,110000,68,40,51,58,48,47,,,,,,,,,,,,,,,,,,,,,40,51,58,48,47
J. Okano,21,185,55,63,110000,68,31,36,36,51,62,,,,,,,,,,,,,,,,,,,,,31,36,36,51,62
Wang Tong,22,184,55,63,110000,60,36,46,48,53,59,,,,,,,,,,,,,,,,,,,,,36,46,48,53,59
Lee Ho In,23,185,55,63,110000,65,20,35,30,52,64,,,,,,,,,,,,,,,,,,,,,20,35,30,52,64
S. Byrne,24,184,55,62,110000,63,55,37,54,21,56,,,,,,,,,,,,,,,,,,,,,55,37,54,21,56
F. Torres,24,179,55,62,110000,65,46,49,57,45,61,,,,,,,,,,,,,,,,,,,,,46,49,57,45,61
Y. Rojas,23,174,55,62,110000,60,52,42,57,24,55,,,,,,,,,,,,,,,,,,,,,52,42,57,24,55
O. Skrzecz,22,177,55,62,110000,61,44,60,55,36,41,,,,,,,,,,,,,,,,,,,,,44,60,55,36,41
Zhong Yihao,23,178,55,62,110000,74,53,46,57,38,66,,,,,,,,,,,,,,,,,,,,,53,46,57,38,66
M. Coyle,22,178,55,62,110000,68,38,53,57,45,60,,,,,,,,,,,,,,,,,,,,,38,53,57,45,60
S. Watanabe,22,168,55,62,110000,63,38,52,58,40,50,,,,,,,,,,,,,,,,,,,,,38,52,58,40,50
R. Criscuolo,22,177,55,61,110000,58,45,56,58,32,54,,,,,,,,,,,,,,,,,,,,,45,56,58,32,54
W. Longbottom,20,175,55,61,110000,61,51,44,59,43,54,,,,,,,,,,,,,,,,,,,,,51,44,59,43,54
Gao Tianyi,21,185,55,61,110000,63,41,56,55,57,63,,,,,,,,,,,,,,,,,,,,,41,56,55,57,63
Li Haowen,25,183,55,60,110000,52,56,39,51,23,51,,,,,,,,,,,,,,,,,,,,,56,39,51,23,51
P. Sánchez,21,180,55,60,110000,64,49,49,56,29,40,,,,,,,,,,,,,,,,,,,,,49,49,56,29,40
M. Nishimoto,23,177,55,60,110000,76,59,52,53,34,54,,,,,,,,,,,,,,,,,,,,,59,52,53,34,54
Cho Jae Wan,23,174,55,60,110000,75,54,44,54,16,58,,,,,,,,,,,,,,,,,,,,,54,44,54,16,58
T. Leak,18,188,54,67,110000,65,26,34,41,51,65,,,,,,,,,,,,,,,,,,,,,26,34,41,51,65
R. Strechie,18,174,54,66,110000,60,39,53,54,47,60,,,,,,,,,,,,,,,,,,,,,39,53,54,47,60
D. Pik,18,177,54,66,110000,75,50,43,58,28,49,,,,,,,,,,,,,,,,,,,,,50,43,58,28,49
J. Hernández,21,175,54,66,110000,50,34,41,55,58,48,,,,,,,,,,,,,,,,,,,,,34,41,55,58,48
M. Pfeifer,19,189,54,66,110000,66,26,36,41,53,58,,,,,,,,,,,,,,,,,,,,,26,36,41,53,58
A. Garattoni,21,180,54,66,110000,63,27,39,47,52,58,,,,,,,,,,,,,,,,,,,,,27,39,47,52,58
I. Umbdenstock,20,178,54,66,110000,56,37,49,55,50,58,,,,,,,,,,,,,,,,,,,,,37,49,55,50,58
M. Hansen,18,174,54,66,110000,68,45,54,55,40,50,,,,,,,,,,,,,,,,,,,,,45,54,55,40,50
K. Adams,18,179,54,66,110000,68,51,35,50,27,64,,,,,,,,,,,,,,,,,,,,,51,35,50,27,64
A. Muhamedbegovic,20,186,54,65,110000,54,25,29,29,54,55,,,,,,,,,,,,,,,,,,,,,25,29,29,54,55
R. Shibamoto,19,172,54,65,110000,66,46,53,54,36,36,,,,,,,,,,,,,,,,,,,,,46,53,54,36,36
N. Perry,19,175,54,65,110000,63,44,52,58,24,41,,,,,,,,,,,,,,,,,,,,,44,52,58,24,41
N. Celic,20,184,54,65,110000,55,33,48,53,53,58,,,,,,,,,,,,,,,,,,,,,33,48,53,53,58
R. Campbell,19,187,54,65,110000,78,48,32,52,22,69,,,,,,,,,,,,,,,,,,,,,48,32,52,22,69
Lee Joon Suk,19,179,54,65,110000,70,44,45,57,57,53,,,,,,,,,,,,,,,,,,,,,44,45,57,57,53
F. Ferk,20,184,54,65,110000,61,30,36,34,54,57,,,,,,,,,,,,,,,,,,,,,30,36,34,54,57
H. McKirdy,22,170,54,64,110000,71,51,48,59,31,39,,,,,,,,,,,,,,,,,,,,,51,48,59,31,39
M. Kwietniewski,20,174,54,64,110000,78,51,45,60,25,49,,,,,,,,,,,,,,,,,,,,,51,45,60,25,49
Duan Liuyu,20,176,54,64,110000,75,51,48,55,24,51,,,,,,,,,,,,,,,,,,,,,51,48,55,24,51
T. Lillevold Johnsen,19,178,54,64,110000,70,50,44,59,28,44,,,,,,,,,,,,,,,,,,,,,50,44,59,28,44
A. Campos,19,178,54,64,110000,69,50,37,54,20,55,,,,,,,,,,,,,,,,,,,,,50,37,54,20,55
R. Lora,21,181,54,64,110000,60,37,50,54,52,59,,,,,,,,,,,,,,,,,,,,,37,50,54,52,59
A. Corban,21,180,54,64,110000,67,42,50,56,27,53,,,,,,,,,,,,,,,,,,,,,42,50,56,27,53
T. Salazar,19,170,54,64,110000,63,47,54,54,39,39,,,,,,,,,,,,,,,,,,,,,47,54,54,39,39
S. Fukahori,21,178,54,63,110000,70,55,47,54,22,53,,,,,,,,,,,,,,,,,,,,,55,47,54,22,53
B. Syla,21,169,54,63,110000,63,45,50,58,36,42,,,,,,,,,,,,,,,,,,,,,45,50,58,36,42
N. Jeck,17,193,53,73,110000,60,24,31,39,52,63,,,,,,,,,,,,,,,,,,,,,24,31,39,52,63
D. Mistrafovic,18,186,53,73,110000,56,35,45,51,50,64,,,,,,,,,,,,,,,,,,,,,35,45,51,50,64
M. Burch,18,182,53,73,110000,61,23,28,35,51,63,,,,,,,,,,,,,,,,,,,,,23,28,35,51,63
N. Nurmi,18,181,53,72,110000,59,24,41,48,50,55,,,,,,,,,,,,,,,,,,,,,24,41,48,50,55
H. McEvoy,17,180,53,72,110000,57,38,42,48,51,55,,,,,,,,,,,,,,,,,,,,,38,42,48,51,55
L. Fernandez,17,178,53,72,110000,60,23,30,41,49,64,,,,,,,,,,,,,,,,,,,,,23,30,41,49,64
J. Dunn,18,185,53,71,110000,50,26,31,31,53,59,,,,,,,,,,,,,,,,,,,,,26,31,31,53,59
D. Obbekjær,16,193,53,71,110000,53,26,38,42,50,57,,,,,,,,,,,,,,,,,,,,,26,38,42,50,57
J. Helliwell,17,169,53,71,110000,73,28,38,47,51,54,,,,,,,,,,,,,,,,,,,,,28,38,47,51,54
J. Mortensen,18,179,53,70,110000,68,28,43,51,49,50,,,,,,,,,,,,,,,,,,,,,28,43,51,49,50
K. Oshiro,18,180,53,70,110000,55,20,32,36,50,55,,,,,,,,,,,,,,,,,,,,,20,32,36,50,55
P. Wiese,18,175,53,70,110000,67,20,41,54,47,48,,,,,,,,,,,,,,,,,,,,,20,41,54,47,48
N. Jaby,18,175,53,70,110000,70,46,53,51,50,47,,,,,,,,,,,,,,,,,,,,,46,53,51,50,47
M. Bogacz,18,188,53,70,110000,67,27,35,47,53,59,,,,,,,,,,,,,,,,,,,,,27,35,47,53,59
W. Mikalsen,18,175,53,68,110000,65,36,47,44,53,48,,,,,,,,,,,,,,,,,,,,,36,47,44,53,48
H. Teruyama,18,182,53,68,110000,59,35,51,48,52,53,,,,,,,,,,,,,,,,,,,,,35,51,48,52,53
R. Strachan,18,180,53,67,110000,55,24,27,35,53,61,,,,,,,,,,,,,,,,,,,,,24,27,35,53,61
S. Lathouwers,18,183,53,67,110000,64,29,33,52,51,52,,,,,,,,,,,,,,,,,,,,,29,33,52,51,52
J. Randall,19,175,53,66,110000,74,46,44,56,27,47,,,,,,,,,,,,,,,,,,,,,46,44,56,27,47
J. Berks,19,172,53,66,110000,71,49,50,58,36,53,,,,,,,,,,,,,,,,,,,,,49,50,58,36,53
L. Krakowczyk,21,178,53,65,110000,64,54,43,62,23,43,,,,,,,,,,,,,,,,,,,,,54,43,62,23,43
J. Grodowski,21,185,53,65,110000,58,57,36,53,22,43,,,,,,,,,,,,,,,,,,,,,57,36,53,22,43
A. Voda,20,176,53,65,110000,73,44,47,53,23,42,,,,,,,,,,,,,,,,,,,,,44,47,53,23,42
Fabio Lopes,17,175,52,75,110000,77,49,42,56,17,39,,,,,,,,,,,,,,,,,,,,,49,42,56,17,39
Nicolas Firmino,18,180,52,74,110000,62,40,51,54,35,49,,,,,,,,,,,,,,,,,,,,,40,51,54,35,49
T. Bramble,18,187,52,74,110000,76,38,49,53,48,64,,,,,,,,,,,,,,,,,,,,,38,49,53,48,64
M. Larsen,17,183,52,73,110000,64,42,54,54,37,37,,,,,,,,,,,,,,,,,,,,,42,54,54,37,37
K. Lofthouse,18,180,52,73,110000,76,48,41,57,22,40,,,,,,,,,,,,,,,,,,,,,48,41,57,22,40
E. Petignat,19,177,52,72,110000,57,37,50,52,51,60,,,,,,,,,,,,,,,,,,,,,37,50,52,51,60
J. Harboe,19,178,52,70,110000,64,45,51,56,42,44,,,,,,,,,,,,,,,,,,,,,45,51,56,42,44
J. Cuero,19,177,52,69,110000,62,40,47,55,49,58,,,,,,,,,,,,,,,,,,,,,40,47,55,49,58
Y. Contreras,19,178,52,69,110000,62,52,42,54,29,53,,,,,,,,,,,,,,,,,,,,,52,42,54,29,53
O. Pettersson,19,178,52,69,110000,78,49,34,51,18,43,,,,,,,,,,,,,,,,,,,,,49,34,51,18,43
Zhou Junchen,19,172,52,68,110000,83,46,41,56,18,46,,,,,,,,,,,,,,,,,,,,,46,41,56,18,46
H. Woods,19,187,52,67,110000,68,50,50,49,44,65,,,,,,,,,,,,,,,,,,,,,50,50,49,44,65
C. Rowe,19,180,52,67,110000,63,38,51,54,43,52,,,,,,,,,,,,,,,,,,,,,38,51,54,43,52
Mun Kyung Min,19,188,52,67,110000,51,50,35,44,26,63,,,,,,,,,,,,,,,,,,,,,50,35,44,26,63
T. Knowles,20,183,52,66,110000,78,48,42,51,29,56,,,,,,,,,,,,,,,,,,,,,48,42,51,29,56
J. Rollinson,20,178,52,66,110000,65,47,43,57,21,39,,,,,,,,,,,,,,,,,,,,,47,43,57,21,39
E. Tallig,19,178,52,66,110000,65,38,50,53,26,42,,,,,,,,,,,,,,,,,,,,,38,50,53,26,42
L. Smith,19,177,52,66,110000,62,43,52,54,33,44,,,,,,,,,,,,,,,,,,,,,43,52,54,33,44
K. Arkivuo,36,176,65,65,100000,68,50,60,64,61,71,,,,,,,,,,,,,,,,,,,,,50,60,64,61,71
O. Storflor,39,181,63,63,100000,57,59,68,63,34,55,,,,,,,,,,,,,,,,,,,,,59,68,63,34,55
A. Falatah,35,176,63,63,100000,70,49,62,62,59,72,,,,,,,,,,,,,,,,,,,,,49,62,62,59,72
D. Cowie,36,178,62,62,100000,57,58,63,60,50,67,,,,,,,,,,,,,,,,,,,,,58,63,60,50,67
M. Rose,36,180,62,62,100000,56,55,63,58,59,70,,,,,,,,,,,,,,,,,,,,,55,63,58,59,70
Wu Qing,37,170,62,62,100000,38,60,65,63,54,59,,,,,,,,,,,,,,,,,,,,,60,65,63,54,59
R. Harley,34,175,60,60,100000,50,60,59,64,50,61,,,,,,,,,,,,,,,,,,,,,60,59,64,50,61
Wan Houliang,33,188,60,60,100000,49,26,43,45,58,70,,,,,,,,,,,,,,,,,,,,,26,43,45,58,70
K. Browne,32,191,59,59,100000,31,24,40,38,58,62,,,,,,,,,,,,,,,,,,,,,24,40,38,58,62
A. Ablet,32,178,59,59,100000,65,56,58,61,53,63,,,,,,,,,,,,,,,,,,,,,56,58,61,53,63
M. Özen,30,178,58,58,100000,70,32,50,60,52,61,,,,,,,,,,,,,,,,,,,,,32,50,60,52,61
A. Al Yousef,29,176,58,58,100000,74,44,51,56,54,57,,,,,,,,,,,,,,,,,,,,,44,51,56,54,57
Du Wenyang,29,182,58,58,100000,61,51,55,59,55,63,,,,,,,,,,,,,,,,,,,,,51,55,59,55,63
M. Nottingham,30,193,58,58,100000,53,23,42,53,60,62,,,,,,,,,,,,,,,,,,,,,23,42,53,60,62
Wang Kai,30,182,58,58,100000,58,43,52,55,56,63,,,,,,,,,,,,,,,,,,,,,43,52,55,56,63
Kim Young Bin,27,181,57,58,100000,65,24,38,36,57,70,,,,,,,,,,,,,,,,,,,,,24,38,36,57,70
K. Lynch,27,185,57,58,100000,60,40,56,57,55,57,,,,,,,,,,,,,,,,,,,,,40,56,57,55,57
D. McCauley,28,179,57,57,100000,63,48,53,56,39,55,,,,,,,,,,,,,,,,,,,,,48,53,56,39,55
M. Barker,25,180,57,57,100000,63,46,50,54,54,58,,,,,,,,,,,,,,,,,,,,,46,50,54,54,58
J. Borg,28,181,57,57,100000,59,48,55,58,55,59,,,,,,,,,,,,,,,,,,,,,48,55,58,55,59
Park Kwang Il,28,175,57,57,100000,62,43,56,59,42,62,,,,,,,,,,,,,,,,,,,,,43,56,59,42,62
Peng Rui,25,175,56,60,100000,70,47,52,57,52,62,,,,,,,,,,,,,,,,,,,,,47,52,57,52,62
M. Ito,26,183,56,60,100000,54,22,39,47,55,65,,,,,,,,,,,,,,,,,,,,,22,39,47,55,65
L. Conlan,24,180,56,59,100000,62,30,44,55,52,63,,,,,,,,,,,,,,,,,,,,,30,44,55,52,63
A. Hernández,24,173,56,59,100000,69,33,41,57,55,54,,,,,,,,,,,,,,,,,,,,,33,41,57,55,54
Kim Jong Pil,27,183,56,59,100000,74,35,48,47,57,51,,,,,,,,,,,,,,,,,,,,,35,48,47,57,51
Myeong Joon Jae,24,178,56,59,100000,59,45,56,60,53,49,,,,,,,,,,,,,,,,,,,,,45,56,60,53,49
M. McCrudden,27,179,56,56,100000,58,58,49,54,31,41,,,,,,,,,,,,,,,,,,,,,58,49,54,31,41
M. Al Dawsari,19,174,55,63,100000,68,32,41,53,50,54,,,,,,,,,,,,,,,,,,,,,32,41,53,50,54
S. Avanzini,24,185,55,62,100000,69,35,44,52,52,60,,,,,,,,,,,,,,,,,,,,,35,44,52,52,60
O. Al Zayni,23,177,55,62,100000,66,41,53,54,53,54,,,,,,,,,,,,,,,,,,,,,41,53,54,53,54
S. Raben,22,183,55,62,100000,52,24,32,36,54,59,,,,,,,,,,,,,,,,,,,,,24,32,36,54,59
L. Stojsavljević,21,191,55,62,100000,58,21,40,39,53,61,,,,,,,,,,,,,,,,,,,,,21,40,39,53,61
E. Iandolo,21,186,55,61,100000,74,48,51,60,49,51,,,,,,,,,,,,,,,,,,,,,48,51,60,49,51
F. Musonda,21,183,55,61,100000,61,23,31,29,54,63,,,,,,,,,,,,,,,,,,,,,23,31,29,54,63
R. Fleurier,22,176,55,61,100000,67,28,43,50,53,51,,,,,,,,,,,,,,,,,,,,,28,43,50,53,51
M. Ekpiteta,23,181,55,61,100000,69,28,41,47,52,64,,,,,,,,,,,,,,,,,,,,,28,41,47,52,64
J. Mena Vacca,22,182,55,61,100000,62,24,31,36,55,62,,,,,,,,,,,,,,,,,,,,,24,31,36,55,62
Jin Qiang,26,180,55,60,100000,63,27,54,47,51,66,,,,,,,,,,,,,,,,,,,,,27,54,47,51,66
E. Kalsaas,18,173,54,66,100000,69,31,44,50,48,59,,,,,,,,,,,,,,,,,,,,,31,44,50,48,59
A. Díaz,19,167,54,65,100000,65,61,52,61,51,39,,,,,,,,,,,,,,,,,,,,,61,52,61,51,39
Kang Yun Seong,22,172,54,64,100000,61,49,54,56,47,62,,,,,,,,,,,,,,,,,,,,,49,54,56,47,62
J. Collins,22,182,54,64,100000,49,22,38,39,53,58,,,,,,,,,,,,,,,,,,,,,22,38,39,53,58
A. Abrahamsson,19,187,54,64,100000,52,24,35,50,49,66,,,,,,,,,,,,,,,,,,,,,24,35,50,49,66
C. Montgomery,22,185,54,64,100000,50,24,28,32,52,65,,,,,,,,,,,,,,,,,,,,,24,28,32,52,65
R. McLean,20,185,54,64,100000,62,25,32,34,52,64,,,,,,,,,,,,,,,,,,,,,25,32,34,52,64
R. Hauk,20,194,54,64,100000,53,27,29,31,53,65,,,,,,,,,,,,,,,,,,,,,27,29,31,53,65
B. Lauton,19,178,54,64,100000,65,26,48,69,45,46,,,,,,,,,,,,,,,,,,,,,26,48,69,45,46
D. Gorman,23,180,54,63,100000,63,42,55,52,51,66,,,,,,,,,,,,,,,,,,,,,42,55,52,51,66
N. Sylvestre,21,173,54,63,100000,58,33,48,52,51,57,,,,,,,,,,,,,,,,,,,,,33,48,52,51,57
K. Krygård,19,184,54,63,100000,56,50,39,54,22,59,,,,,,,,,,,,,,,,,,,,,50,39,54,22,59
A. Baun,23,193,54,63,100000,79,44,49,51,30,57,,,,,,,,,,,,,,,,,,,,,44,49,51,30,57
P. Cleary,20,177,54,63,100000,67,33,41,55,52,54,,,,,,,,,,,,,,,,,,,,,33,41,55,52,54
H. Paton,21,175,54,62,100000,57,38,54,61,52,49,,,,,,,,,,,,,,,,,,,,,38,54,61,52,49
S. Warde,21,185,54,62,100000,67,49,55,53,50,58,,,,,,,,,,,,,,,,,,,,,49,55,53,50,58
N. Muñoz,21,167,54,62,100000,68,49,46,53,21,59,,,,,,,,,,,,,,,,,,,,,49,46,53,21,59
E. Tia,22,179,54,62,100000,65,49,52,53,27,49,,,,,,,,,,,,,,,,,,,,,49,52,53,27,49
M. Virtanen,20,177,54,62,100000,61,40,52,54,48,54,,,,,,,,,,,,,,,,,,,,,40,52,54,48,54
D. Zappella,21,180,53,66,100000,61,26,34,51,55,58,,,,,,,,,,,,,,,,,,,,,26,34,51,55,58
J. Dodd,18,178,53,66,100000,69,42,50,55,42,51,,,,,,,,,,,,,,,,,,,,,42,50,55,42,51
J. Nelson,20,177,53,66,100000,59,27,42,52,51,54,,,,,,,,,,,,,,,,,,,,,27,42,52,51,54
J. Wellers,19,179,53,66,100000,57,36,49,52,50,55,,,,,,,,,,,,,,,,,,,,,36,49,52,50,55
A. Linguet,19,176,53,66,100000,63,29,33,49,55,52,,,,,,,,,,,,,,,,,,,,,29,33,49,55,52
L. Little,18,175,53,66,100000,72,33,41,51,50,58,,,,,,,,,,,,,,,,,,,,,33,41,51,50,58
A. Gigovic,17,187,53,66,100000,62,44,49,56,28,53,,,,,,,,,,,,,,,,,,,,,44,49,56,28,53
S. Lusiusz,19,185,53,65,100000,65,40,52,49,47,63,,,,,,,,,,,,,,,,,,,,,40,52,49,47,63
S. Fielding,20,180,53,65,100000,67,25,29,35,53,61,,,,,,,,,,,,,,,,,,,,,25,29,35,53,61
N. Gutierrez,19,174,53,65,100000,48,50,46,56,21,51,,,,,,,,,,,,,,,,,,,,,50,46,56,21,51
C. Cappis,19,185,53,65,100000,64,38,48,54,47,58,,,,,,,,,,,,,,,,,,,,,38,48,54,47,58
S. Werni,19,172,53,65,100000,61,55,37,53,17,37,,,,,,,,,,,,,,,,,,,,,55,37,53,17,37
A. Kräuchi,21,174,53,64,100000,67,41,50,57,48,46,,,,,,,,,,,,,,,,,,,,,41,50,57,48,46
C. Măgerușan,19,188,53,64,100000,55,51,39,54,21,48,,,,,,,,,,,,,,,,,,,,,51,39,54,21,48
Tian Xin,21,178,53,64,100000,66,40,48,53,42,54,,,,,,,,,,,,,,,,,,,,,40,48,53,42,54
M. Dilmurat,21,172,53,64,100000,73,49,49,51,26,44,,,,,,,,,,,,,,,,,,,,,49,49,51,26,44
F. Sjöberg,19,184,53,64,100000,67,34,48,55,46,57,,,,,,,,,,,,,,,,,,,,,34,48,55,46,57
Feng Boxuan,22,177,53,63,100000,78,51,41,58,29,40,,,,,,,,,,,,,,,,,,,,,51,41,58,29,40
Lei Wenjie,22,184,53,63,100000,71,51,46,55,21,54,,,,,,,,,,,,,,,,,,,,,51,46,55,21,54
J. McClelland,22,175,53,63,100000,64,45,51,55,30,45,,,,,,,,,,,,,,,,,,,,,45,51,55,30,45
S. Jarovic,21,195,53,63,100000,46,49,36,50,22,67,,,,,,,,,,,,,,,,,,,,,49,36,50,22,67
N. Gourmat,21,183,53,63,100000,63,38,58,50,35,59,,,,,,,,,,,,,,,,,,,,,38,58,50,35,59
J. Hill,17,182,52,75,100000,54,22,28,29,52,59,,,,,,,,,,,,,,,,,,,,,22,28,29,52,59
S. Anderson,16,175,52,75,100000,61,32,43,53,48,51,,,,,,,,,,,,,,,,,,,,,32,43,53,48,51
N. Jenssen,17,183,52,74,100000,59,25,32,35,51,55,,,,,,,,,,,,,,,,,,,,,25,32,35,51,55
F. Dymerski,17,186,52,74,100000,58,27,29,30,52,61,,,,,,,,,,,,,,,,,,,,,27,29,30,52,61
D. Jefferies,17,181,52,74,100000,59,27,44,51,49,59,,,,,,,,,,,,,,,,,,,,,27,44,51,49,59
P. Koller,17,186,52,73,100000,59,27,31,33,51,58,,,,,,,,,,,,,,,,,,,,,27,31,33,51,58
C. Henderson,18,173,52,72,100000,70,42,48,55,23,34,,,,,,,,,,,,,,,,,,,,,42,48,55,23,34
Jiang Shenglong,18,193,52,72,100000,79,24,35,32,48,65,,,,,,,,,,,,,,,,,,,,,24,35,32,48,65
R. Wikström,18,186,52,72,100000,62,28,40,45,52,54,,,,,,,,,,,,,,,,,,,,,28,40,45,52,54
I. El Mizouni,18,183,52,72,100000,63,38,48,52,43,58,,,,,,,,,,,,,,,,,,,,,38,48,52,43,58
Park Jung In,18,178,52,72,100000,66,38,53,50,36,56,,,,,,,,,,,,,,,,,,,,,38,53,50,36,56
M. Knudsen,18,183,52,72,100000,64,45,49,54,35,48,,,,,,,,,,,,,,,,,,,,,45,49,54,35,48
Seo Jin Su,18,183,52,72,100000,60,52,42,54,18,45,,,,,,,,,,,,,,,,,,,,,52,42,54,18,45
J. Rudoni,18,185,52,72,100000,66,45,51,50,39,56,,,,,,,,,,,,,,,,,,,,,45,51,50,39,56
D. Dudziński,17,181,52,72,100000,62,45,49,58,35,48,,,,,,,,,,,,,,,,,,,,,45,49,58,35,48
D. Males,18,185,52,72,100000,67,52,38,50,19,51,,,,,,,,,,,,,,,,,,,,,52,38,50,19,51
S. Graham,17,185,52,72,100000,61,39,50,51,43,55,,,,,,,,,,,,,,,,,,,,,39,50,51,43,55
L. D'Arrigo,17,178,52,71,100000,62,40,48,55,32,50,,,,,,,,,,,,,,,,,,,,,40,48,55,32,50
D. Drysdale,19,184,52,71,100000,68,26,40,34,50,61,,,,,,,,,,,,,,,,,,,,,26,40,34,50,61
A. Antunes,18,181,52,71,100000,60,46,46,59,32,44,,,,,,,,,,,,,,,,,,,,,46,46,59,32,44
K. Yakob,18,184,52,70,100000,69,41,47,52,43,61,,,,,,,,,,,,,,,,,,,,,41,47,52,43,61
M. Anbo,18,185,52,70,100000,69,27,39,43,49,57,,,,,,,,,,,,,,,,,,,,,27,39,43,49,57
M. Stępień,17,184,52,70,100000,67,48,49,50,24,51,,,,,,,,,,,,,,,,,,,,,48,49,50,24,51
T. Stabell,17,167,52,70,100000,70,39,50,56,42,42,,,,,,,,,,,,,,,,,,,,,39,50,56,42,42
S. Skogen,18,180,52,70,100000,66,24,27,31,53,55,,,,,,,,,,,,,,,,,,,,,24,27,31,53,55
M. Wędrychowski,17,172,52,70,100000,66,48,47,53,27,41,,,,,,,,,,,,,,,,,,,,,48,47,53,27,41
J. Olstad,17,178,52,69,100000,68,49,40,56,19,40,,,,,,,,,,,,,,,,,,,,,49,40,56,19,40
L. Smyth,17,178,52,69,100000,72,53,38,51,20,52,,,,,,,,,,,,,,,,,,,,,53,38,51,20,52
A. Youssef,18,182,52,69,100000,65,48,49,57,33,54,,,,,,,,,,,,,,,,,,,,,48,49,57,33,54
D. Burns,16,176,52,69,100000,68,45,47,52,33,41,,,,,,,,,,,,,,,,,,,,,45,47,52,33,41
O. Björtuft,20,185,52,68,100000,54,25,28,35,50,64,,,,,,,,,,,,,,,,,,,,,25,28,35,50,64
S. McNamee,18,175,52,68,100000,60,44,50,51,35,41,,,,,,,,,,,,,,,,,,,,,44,50,51,35,41
G. Iannucci,18,167,52,68,100000,69,48,49,54,24,35,,,,,,,,,,,,,,,,,,,,,48,49,54,24,35
H. Hauso,18,174,52,68,100000,56,29,30,35,54,55,,,,,,,,,,,,,,,,,,,,,29,30,35,54,55
N. Anspach,18,179,52,68,100000,67,38,51,51,30,53,,,,,,,,,,,,,,,,,,,,,38,51,51,30,53
A. Sagbakken,18,181,52,68,100000,65,33,48,48,50,54,,,,,,,,,,,,,,,,,,,,,33,48,48,50,54
J. Simmons,17,178,52,68,100000,64,43,50,56,39,40,,,,,,,,,,,,,,,,,,,,,43,50,56,39,40
T. Wålemark,18,190,52,68,100000,58,23,30,34,52,55,,,,,,,,,,,,,,,,,,,,,23,30,34,52,55
C. Karatas,18,180,52,68,100000,61,49,39,59,26,52,,,,,,,,,,,,,,,,,,,,,49,39,59,26,52
R. Duncan,18,174,52,68,100000,65,46,54,54,38,41,,,,,,,,,,,,,,,,,,,,,46,54,54,38,41
A. Mujanic,18,180,52,68,100000,67,43,50,59,40,41,,,,,,,,,,,,,,,,,,,,,43,50,59,40,41
R. Hauge,17,175,52,67,100000,65,47,50,56,49,48,,,,,,,,,,,,,,,,,,,,,47,50,56,49,48
S. Bækgård,19,179,52,67,100000,66,42,49,56,49,51,,,,,,,,,,,,,,,,,,,,,42,49,56,49,51
S. Kayembe,18,177,52,67,100000,76,46,45,52,22,49,,,,,,,,,,,,,,,,,,,,,46,45,52,22,49
D. Mikołajewski,19,188,52,67,100000,63,35,48,48,48,59,,,,,,,,,,,,,,,,,,,,,35,48,48,48,59
Iskandar Bughrahan,18,178,52,67,100000,70,50,38,55,20,45,,,,,,,,,,,,,,,,,,,,,50,38,55,20,45
J. Swaby-Neavin,18,181,52,67,100000,76,25,37,48,49,57,,,,,,,,,,,,,,,,,,,,,25,37,48,49,57
M. Gottwald,18,190,52,67,100000,59,34,49,52,48,59,,,,,,,,,,,,,,,,,,,,,34,49,52,48,59
A. Doyle,18,184,52,67,100000,70,41,49,53,46,62,,,,,,,,,,,,,,,,,,,,,41,49,53,46,62
J. Anderson,19,186,52,67,100000,61,23,28,35,51,58,,,,,,,,,,,,,,,,,,,,,23,28,35,51,58
K. Moncrieffe,18,178,52,67,100000,73,48,37,52,20,56,,,,,,,,,,,,,,,,,,,,,48,37,52,20,56
E. Dahlqvist,20,167,52,66,100000,62,28,42,55,48,59,,,,,,,,,,,,,,,,,,,,,28,42,55,48,59
A. Livingstone,21,180,52,66,100000,72,41,55,56,47,55,,,,,,,,,,,,,,,,,,,,,41,55,56,47,55
D. Thøgersen,19,183,52,66,100000,74,28,37,47,47,43,,,,,,,,,,,,,,,,,,,,,28,37,47,47,43
S. Loric,18,175,52,66,100000,60,26,34,52,54,48,,,,,,,,,,,,,,,,,,,,,26,34,52,54,48
M. Touray,19,180,52,65,100000,51,50,39,52,21,54,,,,,,,,,,,,,,,,,,,,,50,39,52,21,54
A. Georgiou,19,180,52,65,100000,65,52,33,55,20,51,,,,,,,,,,,,,,,,,,,,,52,33,55,20,51
Kim Jong Jin,20,175,52,65,100000,74,51,50,54,40,44,,,,,,,,,,,,,,,,,,,,,51,50,54,40,44
L. Langhans,20,168,52,65,100000,70,49,44,61,26,34,,,,,,,,,,,,,,,,,,,,,49,44,61,26,34
J. Yabur,20,178,52,65,100000,60,33,49,53,49,61,,,,,,,,,,,,,,,,,,,,,33,49,53,49,61
P. Clarke,37,183,64,64,90000,30,38,45,35,63,74,,,,,,,,,,,,,,,,,,,,,38,45,35,63,74
David Prieto,36,185,64,64,90000,54,44,47,48,65,65,,,,,,,,,,,,,,,,,,,,,44,47,48,65,65
Kwak Tae Hwi,37,188,64,64,90000,34,44,47,38,60,69,,,,,,,,,,,,,,,,,,,,,44,47,38,60,69
A. Wilbraham,39,191,62,62,90000,37,58,56,48,28,69,,,,,,,,,,,,,,,,,,,,,58,56,48,28,69
M. McChrystal,35,185,62,62,90000,36,34,45,42,59,73,,,,,,,,,,,,,,,,,,,,,34,45,42,59,73
C. Stefańczyk,35,184,62,62,90000,68,41,61,60,61,60,,,,,,,,,,,,,,,,,,,,,41,61,60,61,60
N. Correa,35,183,62,62,90000,51,28,31,34,62,72,,,,,,,,,,,,,,,,,,,,,28,31,34,62,72
J. McNulty,34,183,61,61,90000,44,38,51,53,60,64,,,,,,,,,,,,,,,,,,,,,38,51,53,60,64
M. O'Sullivan,36,179,61,61,90000,71,59,46,53,35,68,,,,,,,,,,,,,,,,,,,,,59,46,53,35,68
Zhu Ting,33,178,60,60,90000,44,49,58,62,61,59,,,,,,,,,,,,,,,,,,,,,49,58,62,61,59
Wang Song,35,178,60,60,90000,39,63,64,63,41,58,,,,,,,,,,,,,,,,,,,,,63,64,63,41,58
J. Mendez,33,171,59,59,90000,58,48,59,61,36,43,,,,,,,,,,,,,,,,,,,,,48,59,61,36,43
Wang Weilong,31,186,58,58,90000,54,23,30,35,57,68,,,,,,,,,,,,,,,,,,,,,23,30,35,57,68
S. Tillmanson,31,175,58,58,90000,52,27,47,57,58,48,,,,,,,,,,,,,,,,,,,,,27,47,57,58,48
Jiang Wenjun,29,180,57,57,90000,67,27,53,54,54,67,,,,,,,,,,,,,,,,,,,,,27,53,54,54,67
J. Olsen Øveraas,29,185,57,57,90000,63,31,35,53,57,68,,,,,,,,,,,,,,,,,,,,,31,35,53,57,68
B. Manzano,28,175,57,57,90000,58,33,51,54,55,61,,,,,,,,,,,,,,,,,,,,,33,51,54,55,61
M. Raimondo-Metzger,27,188,56,57,90000,54,25,35,39,55,65,,,,,,,,,,,,,,,,,,,,,25,35,39,55,65
Z. Mills,27,182,56,57,90000,70,31,45,51,54,60,,,,,,,,,,,,,,,,,,,,,31,45,51,54,60
C. Andreoni,27,178,56,57,90000,73,30,43,52,56,60,,,,,,,,,,,,,,,,,,,,,30,43,52,56,60
Yang Yihu,27,180,56,56,90000,71,55,46,59,28,49,,,,,,,,,,,,,,,,,,,,,55,46,59,28,49
Yang Shiyuan,25,173,55,60,90000,63,31,36,52,55,54,,,,,,,,,,,,,,,,,,,,,31,36,52,55,54
D. Björkman,26,184,55,60,90000,63,24,36,35,56,61,,,,,,,,,,,,,,,,,,,,,24,36,35,56,61
J. Longridge,24,183,55,60,90000,61,29,41,51,54,55,,,,,,,,,,,,,,,,,,,,,29,41,51,54,55
A. Bogusz,26,181,55,58,90000,72,28,39,52,52,59,,,,,,,,,,,,,,,,,,,,,28,39,52,52,59
Zhao Yingjie,26,183,55,56,90000,65,52,51,53,52,60,,,,,,,,,,,,,,,,,,,,,52,51,53,52,60
B. Mendoza,26,180,55,56,90000,72,52,48,60,26,50,,,,,,,,,,,,,,,,,,,,,52,48,60,26,50
D. Tobin,22,172,54,63,90000,70,25,50,57,49,52,,,,,,,,,,,,,,,,,,,,,25,50,57,49,52
Li Chenglong,22,178,54,63,90000,78,27,35,50,52,49,,,,,,,,,,,,,,,,,,,,,27,35,50,52,49
G. Forrest,19,185,54,63,90000,58,23,36,34,52,61,,,,,,,,,,,,,,,,,,,,,23,36,34,52,61
A. Ajeti,22,186,54,62,90000,46,27,26,30,53,59,,,,,,,,,,,,,,,,,,,,,27,26,30,53,59
Y. Ono,22,179,54,62,90000,70,27,35,48,52,55,,,,,,,,,,,,,,,,,,,,,27,35,48,52,55
C. McKenna,21,193,54,62,90000,61,24,28,34,55,55,,,,,,,,,,,,,,,,,,,,,24,28,34,55,55
R. Millen,24,188,54,61,90000,63,27,33,50,59,57,,,,,,,,,,,,,,,,,,,,,27,33,50,59,57
M. Al Sharimi,24,175,54,61,90000,60,25,40,46,52,62,,,,,,,,,,,,,,,,,,,,,25,40,46,52,62
Liu Boyang,22,182,54,61,90000,64,26,39,49,55,54,,,,,,,,,,,,,,,,,,,,,26,39,49,55,54
M. Russell,23,178,54,61,90000,62,31,45,56,50,53,,,,,,,,,,,,,,,,,,,,,31,45,56,50,53
J. Iredale,23,184,54,61,90000,65,27,39,53,51,59,,,,,,,,,,,,,,,,,,,,,27,39,53,51,59
B. Cespedes,24,181,54,61,90000,62,48,53,52,53,56,,,,,,,,,,,,,,,,,,,,,48,53,52,53,56
T. Issa,21,170,54,59,90000,77,53,44,59,22,36,,,,,,,,,,,,,,,,,,,,,53,44,59,22,36
A. Reid,23,178,54,59,90000,79,52,38,51,19,55,,,,,,,,,,,,,,,,,,,,,52,38,51,19,55
Mao Haoyu,22,180,54,59,90000,71,55,40,50,25,41,,,,,,,,,,,,,,,,,,,,,55,40,50,25,41
U. Castagnoli,25,170,54,59,90000,64,50,52,55,38,45,,,,,,,,,,,,,,,,,,,,,50,52,55,38,45
P. Krawczyk,24,188,54,59,90000,57,58,34,51,19,56,,,,,,,,,,,,,,,,,,,,,58,34,51,19,56
H. Cardwell,22,188,54,58,90000,71,51,38,50,34,57,,,,,,,,,,,,,,,,,,,,,51,38,50,34,57
Zhang Wentao,26,187,54,57,90000,62,54,34,45,28,64,,,,,,,,,,,,,,,,,,,,,54,34,45,28,64
R. Nartey,20,184,53,64,90000,63,28,37,46,51,59,,,,,,,,,,,,,,,,,,,,,28,37,46,51,59
T. Curran,18,183,53,64,90000,54,23,30,31,53,64,,,,,,,,,,,,,,,,,,,,,23,30,31,53,64
H. Ekdal,20,187,53,64,90000,56,27,35,32,53,57,,,,,,,,,,,,,,,,,,,,,27,35,32,53,57
K. Al Ghuwainim,20,176,53,64,90000,60,39,49,51,46,62,,,,,,,,,,,,,,,,,,,,,39,49,51,46,62
J. Gertsen,22,188,53,63,90000,54,30,33,34,52,56,,,,,,,,,,,,,,,,,,,,,30,33,34,52,56
W. Duffy,20,173,53,63,90000,61,35,51,55,53,45,,,,,,,,,,,,,,,,,,,,,35,51,55,53,45
L. Johansson,21,184,53,63,90000,65,24,33,34,51,55,,,,,,,,,,,,,,,,,,,,,24,33,34,51,55
A. Kaltner,19,175,53,63,90000,65,49,45,59,24,48,,,,,,,,,,,,,,,,,,,,,49,45,59,24,48
Yu Hao,21,185,53,63,90000,69,23,32,33,51,60,,,,,,,,,,,,,,,,,,,,,23,32,33,51,60
G. Sarria,19,178,53,63,90000,62,44,50,56,49,49,,,,,,,,,,,,,,,,,,,,,44,50,56,49,49
J. Mellish,21,188,53,63,90000,57,23,34,39,51,64,,,,,,,,,,,,,,,,,,,,,23,34,39,51,64
Liu Jing,22,175,53,63,90000,62,27,40,45,53,58,,,,,,,,,,,,,,,,,,,,,27,40,45,53,58
S. Abdullah,20,189,53,63,90000,68,28,38,46,53,60,,,,,,,,,,,,,,,,,,,,,28,38,46,53,60
Y. Suzuki,20,183,53,62,90000,64,37,55,54,49,58,,,,,,,,,,,,,,,,,,,,,37,55,54,49,58
M. Al Nakhli,23,172,53,62,90000,71,40,49,58,23,35,,,,,,,,,,,,,,,,,,,,,40,49,58,23,35
A. Al Meqran,22,176,53,62,90000,53,53,44,56,21,52,,,,,,,,,,,,,,,,,,,,,53,44,56,21,52
M. Al Muwallad,22,187,53,62,90000,49,53,35,50,17,68,,,,,,,,,,,,,,,,,,,,,53,35,50,17,68
B. Babic,21,180,53,61,90000,45,54,37,52,25,52,,,,,,,,,,,,,,,,,,,,,54,37,52,25,52
P. Mucha,21,178,53,61,90000,66,47,53,58,40,51,,,,,,,,,,,,,,,,,,,,,47,53,58,40,51
Wen Jiabao,20,180,53,61,90000,78,44,47,52,35,60,,,,,,,,,,,,,,,,,,,,,44,47,52,35,60
T. Widdrington,20,178,53,61,90000,65,42,54,51,43,49,,,,,,,,,,,,,,,,,,,,,42,54,51,43,49
J. González,22,170,53,61,90000,65,44,49,55,23,37,,,,,,,,,,,,,,,,,,,,,44,49,55,23,37
Chen Fujun,21,180,53,61,90000,64,43,50,55,39,50,,,,,,,,,,,,,,,,,,,,,43,50,55,39,50
L. Jiménez Jaimes,21,169,53,61,90000,62,35,49,55,44,49,,,,,,,,,,,,,,,,,,,,,35,49,55,44,49
Alexandre Pimenta,20,184,53,61,90000,62,54,49,57,25,39,,,,,,,,,,,,,,,,,,,,,54,49,57,25,39
O. Novelo,21,174,53,61,90000,64,41,51,53,47,49,,,,,,,,,,,,,,,,,,,,,41,51,53,47,49
Y. Samuel,21,183,53,61,90000,69,49,48,55,39,67,,,,,,,,,,,,,,,,,,,,,49,48,55,39,67
J. Haahr,17,182,52,72,90000,51,22,32,32,52,50,,,,,,,,,,,,,,,,,,,,,22,32,32,52,50
N. Lang,17,184,52,72,90000,61,22,30,39,51,57,,,,,,,,,,,,,,,,,,,,,22,30,39,51,57
R. Teague,17,175,52,70,90000,60,32,47,52,47,56,,,,,,,,,,,,,,,,,,,,,32,47,52,47,56
N. Bergmark,17,191,52,68,90000,58,25,35,40,49,60,,,,,,,,,,,,,,,,,,,,,25,35,40,49,60
D. Horneland,17,189,52,67,90000,58,25,30,36,51,63,,,,,,,,,,,,,,,,,,,,,25,30,36,51,63
L. Walsh,19,182,52,65,90000,66,47,41,55,25,39,,,,,,,,,,,,,,,,,,,,,47,41,55,25,39
S. Graves,20,191,52,65,90000,56,27,33,38,51,60,,,,,,,,,,,,,,,,,,,,,27,33,38,51,60
N. Marthinussen,19,180,52,65,90000,57,32,40,46,49,60,,,,,,,,,,,,,,,,,,,,,32,40,46,49,60
J. Fielding,19,188,52,65,90000,60,25,32,36,50,57,,,,,,,,,,,,,,,,,,,,,25,32,36,50,57
H. Hussein,19,187,52,65,90000,72,38,47,49,48,61,,,,,,,,,,,,,,,,,,,,,38,47,49,48,61
K. Frisorger,19,186,52,65,90000,61,23,26,34,49,65,,,,,,,,,,,,,,,,,,,,,23,26,34,49,65
R. Hughes,20,178,52,64,90000,50,40,50,56,48,54,,,,,,,,,,,,,,,,,,,,,40,50,56,48,54
J. Gesien,21,167,52,64,90000,71,38,47,61,25,42,,,,,,,,,,,,,,,,,,,,,38,47,61,25,42
M. Ormazábal,20,173,52,64,90000,68,56,46,51,49,52,,,,,,,,,,,,,,,,,,,,,56,46,51,49,52
M. Westergaard,21,187,52,64,90000,62,38,48,55,47,57,,,,,,,,,,,,,,,,,,,,,38,48,55,47,57
A. Bark,19,177,52,64,90000,71,49,38,57,17,39,,,,,,,,,,,,,,,,,,,,,49,38,57,17,39
A. Popescu,21,181,52,64,90000,62,52,39,54,17,53,,,,,,,,,,,,,,,,,,,,,52,39,54,17,53
D. Walters,20,178,52,63,90000,69,38,47,55,28,40,,,,,,,,,,,,,,,,,,,,,38,47,55,28,40
Choi Jae Soo,36,175,64,64,80000,61,57,69,65,61,58,,,,,,,,,,,,,,,,,,,,,57,69,65,61,58
D. Flinta,35,184,61,61,80000,36,40,52,52,58,68,,,,,,,,,,,,,,,,,,,,,40,52,52,58,68
M. Moström,36,178,61,61,80000,71,51,56,60,50,40,,,,,,,,,,,,,,,,,,,,,51,56,60,50,40
R. Dâlbea,37,184,61,61,80000,33,52,56,53,54,78,,,,,,,,,,,,,,,,,,,,,52,56,53,54,78
B. Sielewski,34,187,60,60,80000,31,38,47,51,55,66,,,,,,,,,,,,,,,,,,,,,38,47,51,55,66
E. Cebotaru,34,181,60,60,80000,56,47,57,57,58,65,,,,,,,,,,,,,,,,,,,,,47,57,57,58,65
A. Boroughbridge,34,194,60,60,80000,31,30,40,39,58,67,,,,,,,,,,,,,,,,,,,,,30,40,39,58,67
Yao Hanlin,34,175,59,59,80000,54,56,62,57,44,50,,,,,,,,,,,,,,,,,,,,,56,62,57,44,50
Li Benjian,33,179,58,58,80000,55,58,56,58,53,65,,,,,,,,,,,,,,,,,,,,,58,56,58,53,65
D. Fordyce,32,183,57,57,80000,50,59,56,57,49,70,,,,,,,,,,,,,,,,,,,,,59,56,57,49,70
Zhu Xiaogang,31,181,57,57,80000,48,25,42,47,56,72,,,,,,,,,,,,,,,,,,,,,25,42,47,56,72
Wang Dalong,30,187,57,57,80000,54,26,33,37,56,65,,,,,,,,,,,,,,,,,,,,,26,33,37,56,65
Tong Xiaoxing,32,175,57,57,80000,72,53,53,56,50,59,,,,,,,,,,,,,,,,,,,,,53,53,56,50,59
L. Morales,28,184,56,56,80000,60,33,38,54,59,58,,,,,,,,,,,,,,,,,,,,,33,38,54,59,58
Ma Sang Hoon,27,183,55,57,80000,49,27,29,32,56,63,,,,,,,,,,,,,,,,,,,,,27,29,32,56,63
M. Southam,23,173,54,60,80000,67,43,51,54,53,41,,,,,,,,,,,,,,,,,,,,,43,51,54,53,41
K. Riascos,24,183,54,60,80000,56,22,34,38,54,56,,,,,,,,,,,,,,,,,,,,,22,34,38,54,56
C. Achim,23,188,54,59,80000,61,24,30,37,55,58,,,,,,,,,,,,,,,,,,,,,24,30,37,55,58
Yang Fan,23,182,54,57,80000,58,26,49,56,51,57,,,,,,,,,,,,,,,,,,,,,26,49,56,51,57
D. Centeno,26,168,54,57,80000,64,45,51,55,41,58,,,,,,,,,,,,,,,,,,,,,45,51,55,41,58
Chen Weiming,22,178,53,62,80000,71,25,41,58,48,57,,,,,,,,,,,,,,,,,,,,,25,41,58,48,57
D. Vega,23,174,53,60,80000,56,55,34,46,21,56,,,,,,,,,,,,,,,,,,,,,55,34,46,21,56
M. Bloomfield,22,191,53,59,80000,69,50,38,53,17,52,,,,,,,,,,,,,,,,,,,,,50,38,53,17,52
Lee Dong Hee,22,181,53,59,80000,62,33,52,58,44,56,,,,,,,,,,,,,,,,,,,,,33,52,58,44,56
J. Cowley,23,175,53,59,80000,54,56,35,49,18,45,,,,,,,,,,,,,,,,,,,,,56,35,49,18,45
Feng Boyuan,24,188,53,59,80000,53,51,35,49,23,57,,,,,,,,,,,,,,,,,,,,,51,35,49,23,57
S. D'Angelo,23,184,53,59,80000,60,46,58,53,39,44,,,,,,,,,,,,,,,,,,,,,46,58,53,39,44
J. Linnet,24,180,53,59,80000,65,42,51,51,51,59,,,,,,,,,,,,,,,,,,,,,42,51,51,51,59
B. Galach,18,174,52,64,80000,66,51,44,55,15,42,,,,,,,,,,,,,,,,,,,,,51,44,55,15,42
J. Pérez,22,175,52,64,80000,56,26,33,38,50,58,,,,,,,,,,,,,,,,,,,,,26,33,38,50,58
J. Greaves,18,185,52,64,80000,56,28,31,32,52,58,,,,,,,,,,,,,,,,,,,,,28,31,32,52,58
J. Zapata,19,177,52,64,80000,76,26,33,47,46,58,,,,,,,,,,,,,,,,,,,,,26,33,47,46,58
A. Catic,19,187,52,64,80000,49,23,32,32,51,60,,,,,,,,,,,,,,,,,,,,,23,32,32,51,60
R. Johansen,19,180,52,64,80000,64,28,33,51,49,57,,,,,,,,,,,,,,,,,,,,,28,33,51,49,57
M. Backmann,21,183,52,63,80000,60,27,27,41,51,57,,,,,,,,,,,,,,,,,,,,,27,27,41,51,57
I. Al Otaibi,22,173,52,63,80000,66,41,56,60,33,43,,,,,,,,,,,,,,,,,,,,,41,56,60,33,43
P. Żyra,21,178,52,62,80000,62,42,47,56,46,65,,,,,,,,,,,,,,,,,,,,,42,47,56,46,65
M. Said,22,178,52,62,80000,68,41,53,50,39,48,,,,,,,,,,,,,,,,,,,,,41,53,50,39,48
T. Jacobsen,21,185,52,62,80000,62,41,47,53,41,62,,,,,,,,,,,,,,,,,,,,,41,47,53,41,62
Carlos Mendes Gomes,20,178,52,62,80000,69,48,45,58,31,50,,,,,,,,,,,,,,,,,,,,,48,45,58,31,50
L. Portilla,19,164,52,62,80000,63,40,53,59,34,49,,,,,,,,,,,,,,,,,,,,,40,53,59,34,49
B. Fazliji,20,186,52,62,80000,58,35,52,48,48,53,,,,,,,,,,,,,,,,,,,,,35,52,48,48,53
Zhang Yuan,22,184,52,61,80000,73,37,49,55,44,61,,,,,,,,,,,,,,,,,,,,,37,49,55,44,61
J. Solano,23,172,52,60,80000,67,51,39,49,18,50,,,,,,,,,,,,,,,,,,,,,51,39,49,18,50
S. McDonald,21,180,52,60,80000,62,51,41,48,19,52,,,,,,,,,,,,,,,,,,,,,51,41,48,19,52
M. Ștefănescu,20,173,52,60,80000,60,47,34,51,23,65,,,,,,,,,,,,,,,,,,,,,47,34,51,23,65
J. Akanyirige,17,180,51,75,80000,64,26,31,36,53,47,,,,,,,,,,,,,,,,,,,,,26,31,36,53,47
M. Pollock,17,190,51,74,80000,59,22,38,38,49,56,,,,,,,,,,,,,,,,,,,,,22,38,38,49,56
S. Ohlsson,18,180,51,74,80000,61,26,35,49,48,56,,,,,,,,,,,,,,,,,,,,,26,35,49,48,56
B. Reynolds,18,191,51,73,80000,42,52,39,45,24,54,,,,,,,,,,,,,,,,,,,,,52,39,45,24,54
J. Hancott,18,178,51,73,80000,63,26,36,47,50,50,,,,,,,,,,,,,,,,,,,,,26,36,47,50,50
S. Ogie,17,183,51,73,80000,62,23,34,39,49,58,,,,,,,,,,,,,,,,,,,,,23,34,39,49,58
P. Slørdahl,18,185,51,72,80000,53,24,32,30,51,51,,,,,,,,,,,,,,,,,,,,,24,32,30,51,51
E. Simonsen,19,170,51,71,80000,71,38,53,57,34,41,,,,,,,,,,,,,,,,,,,,,38,53,57,34,41
S. Mulattieri,18,183,51,71,80000,61,43,47,57,26,51,,,,,,,,,,,,,,,,,,,,,43,47,57,26,51
A. O'Reilly,18,178,51,71,80000,65,39,50,48,43,52,,,,,,,,,,,,,,,,,,,,,39,50,48,43,52
A. Heap,18,171,51,71,80000,62,35,46,53,42,44,,,,,,,,,,,,,,,,,,,,,35,46,53,42,44
M. Præst,19,180,51,71,80000,65,35,49,48,42,53,,,,,,,,,,,,,,,,,,,,,35,49,48,42,53
C. Malley,19,180,51,71,80000,64,46,50,54,26,40,,,,,,,,,,,,,,,,,,,,,46,50,54,26,40
H. Hopper,18,178,51,71,80000,66,42,51,53,34,44,,,,,,,,,,,,,,,,,,,,,42,51,53,34,44
A. Kargbo,19,172,51,70,80000,76,52,38,52,19,35,,,,,,,,,,,,,,,,,,,,,52,38,52,19,35
O. Haurits,18,186,51,69,80000,66,50,41,49,18,37,,,,,,,,,,,,,,,,,,,,,50,41,49,18,37
S. Pollock,18,177,51,69,80000,64,43,53,54,41,50,,,,,,,,,,,,,,,,,,,,,43,53,54,41,50
E. López,19,178,51,69,80000,60,38,48,51,41,54,,,,,,,,,,,,,,,,,,,,,38,48,51,41,54
J. Barnett,18,179,51,69,80000,68,42,49,58,34,47,,,,,,,,,,,,,,,,,,,,,42,49,58,34,47
L. Reilly,19,180,51,68,80000,52,49,40,51,22,43,,,,,,,,,,,,,,,,,,,,,49,40,51,22,43
S. Al Saeed,19,171,51,68,80000,60,37,50,55,42,44,,,,,,,,,,,,,,,,,,,,,37,50,55,42,44
P. Egelund,18,169,51,68,80000,66,52,43,55,23,35,,,,,,,,,,,,,,,,,,,,,52,43,55,23,35
K. Kerr,18,177,51,68,80000,57,51,38,46,20,51,,,,,,,,,,,,,,,,,,,,,51,38,46,20,51
J. Malone,19,172,51,68,80000,65,47,50,52,44,47,,,,,,,,,,,,,,,,,,,,,47,50,52,44,47
E. Brown,18,188,51,68,80000,65,46,37,54,18,50,,,,,,,,,,,,,,,,,,,,,46,37,54,18,50
M. Żurawski,18,173,51,68,80000,65,39,50,48,43,56,,,,,,,,,,,,,,,,,,,,,39,50,48,43,56
O. Dale,20,175,51,67,80000,78,48,37,48,22,51,,,,,,,,,,,,,,,,,,,,,48,37,48,22,51
C. Bargary,18,178,51,67,80000,76,39,45,53,23,44,,,,,,,,,,,,,,,,,,,,,39,45,53,23,44
R. Carstensen,19,187,51,67,80000,70,44,47,51,23,48,,,,,,,,,,,,,,,,,,,,,44,47,51,23,48
S. Silvera,18,170,51,67,80000,66,48,39,59,29,46,,,,,,,,,,,,,,,,,,,,,48,39,59,29,46
B. Hvidt,19,184,51,66,80000,51,43,51,54,50,57,,,,,,,,,,,,,,,,,,,,,43,51,54,50,57
F. Delaveris,18,175,51,66,80000,62,50,39,54,20,47,,,,,,,,,,,,,,,,,,,,,50,39,54,20,47
A. Tjærandsen-Skau,18,175,51,66,80000,65,44,51,53,42,53,,,,,,,,,,,,,,,,,,,,,44,51,53,42,53
J. Baxter,18,178,51,66,80000,63,38,49,48,41,54,,,,,,,,,,,,,,,,,,,,,38,49,48,41,54
K. Taylor,18,178,51,66,80000,67,38,48,54,45,54,,,,,,,,,,,,,,,,,,,,,38,48,54,45,54
B. Sarpong-Wiredu,19,185,51,66,80000,65,40,46,53,38,57,,,,,,,,,,,,,,,,,,,,,40,46,53,38,57
W. Aouachria,19,188,51,66,80000,63,38,51,50,32,52,,,,,,,,,,,,,,,,,,,,,38,51,50,32,52
K. Kelly,19,179,51,66,80000,61,48,49,52,30,42,,,,,,,,,,,,,,,,,,,,,48,49,52,30,42
T. Tattermusch,18,176,51,66,80000,64,45,44,59,21,45,,,,,,,,,,,,,,,,,,,,,45,44,59,21,45
J. Mesa,21,183,51,65,80000,60,24,29,29,50,58,,,,,,,,,,,,,,,,,,,,,24,29,29,50,58
C. Timmins,19,182,51,65,80000,63,40,47,50,44,60,,,,,,,,,,,,,,,,,,,,,40,47,50,44,60
C. Murphy,19,186,51,65,80000,61,47,47,48,31,50,,,,,,,,,,,,,,,,,,,,,47,47,48,31,50
R. Yamamoto,18,172,51,65,80000,69,33,44,58,47,48,,,,,,,,,,,,,,,,,,,,,33,44,58,47,48
O. Ashley,19,180,51,65,80000,71,43,48,49,39,64,,,,,,,,,,,,,,,,,,,,,43,48,49,39,64
D. Djulbic,36,194,63,63,70000,30,40,35,32,60,79,,,,,,,,,,,,,,,,,,,,,40,35,32,60,79
A. Karadas,37,189,60,60,70000,35,57,54,53,57,72,,,,,,,,,,,,,,,,,,,,,57,54,53,57,72
Y. Ota,36,176,60,60,70000,35,58,63,62,42,53,,,,,,,,,,,,,,,,,,,,,58,63,62,42,53
C. Beardsley,35,183,59,59,70000,60,56,47,54,36,74,,,,,,,,,,,,,,,,,,,,,56,47,54,36,74
Tan Wangsong,33,180,59,59,70000,46,53,57,56,60,72,,,,,,,,,,,,,,,,,,,,,53,57,56,60,72
O. Gastrell,33,186,59,59,70000,42,22,32,43,58,62,,,,,,,,,,,,,,,,,,,,,22,32,43,58,62
J. Popelard,33,182,58,58,70000,58,45,55,56,48,58,,,,,,,,,,,,,,,,,,,,,45,55,56,48,58
Song Zhiwei,30,185,56,56,70000,59,34,48,52,57,62,,,,,,,,,,,,,,,,,,,,,34,48,52,57,62
B. Correa,26,172,54,56,70000,57,27,36,54,56,50,,,,,,,,,,,,,,,,,,,,,27,36,54,56,50
O. Yılmaz,26,185,54,56,70000,55,23,30,32,54,61,,,,,,,,,,,,,,,,,,,,,23,30,32,54,61
K. Smith,27,180,54,55,70000,56,25,39,50,52,60,,,,,,,,,,,,,,,,,,,,,25,39,50,52,60
K. Rozmus,25,179,54,55,70000,70,27,38,49,51,60,,,,,,,,,,,,,,,,,,,,,27,38,49,51,60
G. Bruna,28,170,54,54,70000,57,55,55,62,31,40,,,,,,,,,,,,,,,,,,,,,55,55,62,31,40
Gan Chao,24,175,53,60,70000,83,46,45,58,47,44,,,,,,,,,,,,,,,,,,,,,46,45,58,47,44
Yan Zihao,24,178,53,59,70000,63,27,30,51,52,63,,,,,,,,,,,,,,,,,,,,,27,30,51,52,63
Zhu Chenjie,18,186,53,59,70000,58,23,31,37,49,67,,,,,,,,,,,,,,,,,,,,,23,31,37,49,67
Sun Weizhe,22,180,53,58,70000,64,39,46,54,52,59,,,,,,,,,,,,,,,,,,,,,39,46,54,52,59
J. Bainbridge,21,188,52,62,70000,62,33,46,45,46,62,,,,,,,,,,,,,,,,,,,,,33,46,45,46,62
Zhao Jianfei,20,183,52,62,70000,58,22,28,34,53,56,,,,,,,,,,,,,,,,,,,,,22,28,34,53,56
Y. Bilingi,20,180,52,62,70000,59,28,30,32,54,53,,,,,,,,,,,,,,,,,,,,,28,30,32,54,53
Kim Min Duk,22,183,52,61,70000,62,24,28,34,51,60,,,,,,,,,,,,,,,,,,,,,24,28,34,51,60
F. Gemmi,22,178,52,60,70000,59,36,49,53,48,51,,,,,,,,,,,,,,,,,,,,,36,49,53,48,51
G. Weiß,20,173,52,60,70000,60,28,39,48,48,50,,,,,,,,,,,,,,,,,,,,,28,39,48,48,50
L. Tomlinson,18,176,52,60,70000,70,43,52,56,35,41,,,,,,,,,,,,,,,,,,,,,43,52,56,35,41
Chen Zhechao,24,175,52,59,70000,61,35,49,50,59,59,,,,,,,,,,,,,,,,,,,,,35,49,50,59,59
Dong Honglin,23,180,52,59,70000,73,51,39,52,18,47,,,,,,,,,,,,,,,,,,,,,51,39,52,18,47
E. Dubickas,20,182,52,59,70000,68,51,45,59,22,51,,,,,,,,,,,,,,,,,,,,,51,45,59,22,51
Ye Chugui,24,178,52,58,70000,52,52,40,51,41,46,,,,,,,,,,,,,,,,,,,,,52,40,51,41,46
J. Riquelme,19,181,51,71,70000,57,29,40,45,49,58,,,,,,,,,,,,,,,,,,,,,29,40,45,49,58
A. Sørensen,18,165,51,71,70000,77,30,38,52,45,42,,,,,,,,,,,,,,,,,,,,,30,38,52,45,42
C. King-Harmes,17,175,51,71,70000,67,44,45,51,25,46,,,,,,,,,,,,,,,,,,,,,44,45,51,25,46
A. Procter,17,176,51,70,70000,63,33,37,42,48,60,,,,,,,,,,,,,,,,,,,,,33,37,42,48,60
R. Adebisi,18,175,51,70,70000,63,32,43,48,47,55,,,,,,,,,,,,,,,,,,,,,32,43,48,47,55
M. Madsen,17,183,51,69,70000,69,32,43,52,48,40,,,,,,,,,,,,,,,,,,,,,32,43,52,48,40
Luo Hanbowen,18,177,51,69,70000,67,21,33,34,50,53,,,,,,,,,,,,,,,,,,,,,21,33,34,50,53
M. Sorinola,18,173,51,69,70000,67,32,43,51,47,51,,,,,,,,,,,,,,,,,,,,,32,43,51,47,51
J. Boon,18,188,51,69,70000,57,24,26,31,51,58,,,,,,,,,,,,,,,,,,,,,24,26,31,51,58
M. Gudmann,19,183,51,68,70000,62,25,31,38,50,53,,,,,,,,,,,,,,,,,,,,,25,31,38,50,53
B. Horton,18,178,51,68,70000,63,25,32,48,51,52,,,,,,,,,,,,,,,,,,,,,25,32,48,51,52
A. Titi,19,185,51,68,70000,61,36,46,45,45,62,,,,,,,,,,,,,,,,,,,,,36,46,45,45,62
R. Busset,19,182,51,67,70000,64,27,36,48,49,56,,,,,,,,,,,,,,,,,,,,,27,36,48,49,56
B. Eizenchart,17,182,51,67,70000,65,27,35,45,49,57,,,,,,,,,,,,,,,,,,,,,27,35,45,49,57
S. Laitinen,19,176,51,66,70000,64,29,38,48,51,54,,,,,,,,,,,,,,,,,,,,,29,38,48,51,54
C. Öyvann,19,185,51,66,70000,61,28,34,38,48,56,,,,,,,,,,,,,,,,,,,,,28,34,38,48,56
M. Kusu,17,185,51,66,70000,56,35,45,46,47,64,,,,,,,,,,,,,,,,,,,,,35,45,46,47,64
I. Bakare,17,180,51,66,70000,62,23,29,35,50,58,,,,,,,,,,,,,,,,,,,,,23,29,35,50,58
J. Young,17,186,51,65,70000,66,52,32,44,18,54,,,,,,,,,,,,,,,,,,,,,52,32,44,18,54
O. Finney,21,170,51,64,70000,63,44,49,56,40,38,,,,,,,,,,,,,,,,,,,,,44,49,56,40,38
A. Byrne,20,175,51,64,70000,57,37,48,52,47,51,,,,,,,,,,,,,,,,,,,,,37,48,52,47,51
T. Awua,21,176,51,64,70000,59,38,49,50,46,54,,,,,,,,,,,,,,,,,,,,,38,49,50,46,54
Zhou Bozhao,19,176,51,64,70000,75,39,54,49,36,45,,,,,,,,,,,,,,,,,,,,,39,54,49,36,45
Li Yuyang,21,175,51,63,70000,81,34,47,52,53,46,,,,,,,,,,,,,,,,,,,,,34,47,52,53,46
D. Asonganyi,18,172,50,73,70000,62,50,44,54,20,53,,,,,,,,,,,,,,,,,,,,,50,44,54,20,53
R. Boocock,18,183,50,72,70000,55,52,35,44,16,43,,,,,,,,,,,,,,,,,,,,,52,35,44,16,43
M. Watters,20,180,50,65,70000,59,50,37,46,20,40,,,,,,,,,,,,,,,,,,,,,50,37,46,20,40
S. Spasov,17,171,49,74,70000,61,49,36,47,19,38,,,,,,,,,,,,,,,,,,,,,49,36,47,19,38
D. Brown-Sterling,17,183,49,72,70000,71,48,36,44,20,53,,,,,,,,,,,,,,,,,,,,,48,36,44,20,53
C. Gormley,18,180,49,71,70000,63,41,46,53,31,47,,,,,,,,,,,,,,,,,,,,,41,46,53,31,47
Shan Huanhuan,20,185,48,65,70000,58,43,35,49,30,48,,,,,,,,,,,,,,,,,,,,,43,35,49,30,48
C. Woodman,36,175,62,62,60000,58,44,59,59,60,68,,,,,,,,,,,,,,,,,,,,,44,59,59,60,68
Cao Yang,37,187,62,62,60000,39,54,58,51,62,57,,,,,,,,,,,,,,,,,,,,,54,58,51,62,57
J. Ibehre,36,194,59,59,60000,62,54,50,56,39,79,,,,,,,,,,,,,,,,,,,,,54,50,56,39,79
K. Cowan,33,188,58,58,60000,32,36,34,35,56,71,,,,,,,,,,,,,,,,,,,,,36,34,35,56,71
P. Edwards,33,173,58,58,60000,50,49,50,57,57,65,,,,,,,,,,,,,,,,,,,,,49,50,57,57,65
Luo Yi,32,175,57,57,60000,65,48,54,58,52,53,,,,,,,,,,,,,,,,,,,,,48,54,58,52,53
Liu Le,30,184,55,55,60000,72,27,35,46,55,64,,,,,,,,,,,,,,,,,,,,,27,35,46,55,64
G. Harkin,31,180,54,54,60000,43,39,57,53,52,62,,,,,,,,,,,,,,,,,,,,,39,57,53,52,62
Jin Hui,31,183,54,54,60000,56,56,36,46,25,56,,,,,,,,,,,,,,,,,,,,,56,36,46,25,56
Li Fang,26,175,53,56,60000,62,29,32,51,58,54,,,,,,,,,,,,,,,,,,,,,29,32,51,58,54
G. Poncet,27,187,53,53,60000,50,52,32,45,28,66,,,,,,,,,,,,,,,,,,,,,52,32,45,28,66
Jin Bo,26,176,52,53,60000,64,53,41,59,26,65,,,,,,,,,,,,,,,,,,,,,53,41,59,26,65
C. McWilliams,18,178,51,64,60000,70,30,43,49,49,47,,,,,,,,,,,,,,,,,,,,,30,43,49,49,47
O. Stefánsson,16,190,51,64,60000,57,22,34,32,46,66,,,,,,,,,,,,,,,,,,,,,22,34,32,46,66
S. Ballesteros,18,170,51,63,60000,66,29,47,54,50,52,,,,,,,,,,,,,,,,,,,,,29,47,54,50,52
M. Scarlett,18,172,51,63,60000,81,27,36,46,44,67,,,,,,,,,,,,,,,,,,,,,27,36,46,44,67
T. Yamaguchi,19,171,51,63,60000,62,30,38,43,50,65,,,,,,,,,,,,,,,,,,,,,30,38,43,50,65
E. Farrell,20,178,51,63,60000,52,21,29,33,50,54,,,,,,,,,,,,,,,,,,,,,21,29,33,50,54
I. Bancé,18,175,51,63,60000,67,38,48,50,38,44,,,,,,,,,,,,,,,,,,,,,38,48,50,38,44
A. El-Youssef,18,183,51,63,60000,71,46,45,52,24,46,,,,,,,,,,,,,,,,,,,,,46,45,52,24,46
T. Allarakhia,21,175,51,62,60000,75,47,43,56,27,42,,,,,,,,,,,,,,,,,,,,,47,43,56,27,42
Zhou Xin,21,183,51,62,60000,58,30,39,46,49,55,,,,,,,,,,,,,,,,,,,,,30,39,46,49,55
J. Lynch,19,176,51,62,60000,59,41,50,51,39,43,,,,,,,,,,,,,,,,,,,,,41,50,51,39,43
C. McGilp,21,180,51,61,60000,64,43,52,53,37,45,,,,,,,,,,,,,,,,,,,,,43,52,53,37,45
G. Al Enazi,19,173,51,61,60000,65,40,52,58,32,40,,,,,,,,,,,,,,,,,,,,,40,52,58,32,40
J. Haak,17,184,50,73,60000,53,38,47,53,47,51,,,,,,,,,,,,,,,,,,,,,38,47,53,47,51
T. Charters,17,185,50,73,60000,68,34,47,47,40,56,,,,,,,,,,,,,,,,,,,,,34,47,47,40,56
N. Jones,17,190,50,72,60000,59,22,29,32,48,62,,,,,,,,,,,,,,,,,,,,,22,29,32,48,62
D. Richards,17,187,50,72,60000,57,26,24,28,51,56,,,,,,,,,,,,,,,,,,,,,26,24,28,51,56
B. Sass-Davies,19,185,50,70,60000,58,25,33,38,48,59,,,,,,,,,,,,,,,,,,,,,25,33,38,48,59
S. Tasdemir,18,180,50,70,60000,60,37,50,49,31,39,,,,,,,,,,,,,,,,,,,,,37,50,49,31,39
P. Mattsson,17,181,50,70,60000,57,40,48,52,46,45,,,,,,,,,,,,,,,,,,,,,40,48,52,46,45
L. Bradley,18,170,50,70,60000,67,42,50,52,36,37,,,,,,,,,,,,,,,,,,,,,42,50,52,36,37
S. Bennett,18,178,50,70,60000,62,48,36,46,17,45,,,,,,,,,,,,,,,,,,,,,48,36,46,17,45
A. Randell,18,177,50,69,60000,65,34,48,49,40,53,,,,,,,,,,,,,,,,,,,,,34,48,49,40,53
R. Rydel,18,175,50,68,60000,63,42,45,51,26,39,,,,,,,,,,,,,,,,,,,,,42,45,51,26,39
K. Jørgensen,19,185,50,68,60000,61,27,33,47,48,62,,,,,,,,,,,,,,,,,,,,,27,33,47,48,62
E. Vale,18,178,50,68,60000,58,36,48,52,45,48,,,,,,,,,,,,,,,,,,,,,36,48,52,45,48
J. Cooper,18,188,50,68,60000,60,25,31,38,49,58,,,,,,,,,,,,,,,,,,,,,25,31,38,49,58
L. Junior,18,185,50,68,60000,61,47,36,47,18,47,,,,,,,,,,,,,,,,,,,,,47,36,47,18,47
Z. Veress,19,184,50,67,60000,55,51,36,47,19,43,,,,,,,,,,,,,,,,,,,,,51,36,47,19,43
T. Maloney,20,175,50,67,60000,67,35,51,47,47,50,,,,,,,,,,,,,,,,,,,,,35,51,47,47,50
S. Whaler,18,180,50,67,60000,65,44,46,50,26,44,,,,,,,,,,,,,,,,,,,,,44,46,50,26,44
A. Ousou,19,186,50,67,60000,62,25,28,29,49,59,,,,,,,,,,,,,,,,,,,,,25,28,29,49,59
B. Arapovic,20,182,50,67,60000,63,41,46,53,39,56,,,,,,,,,,,,,,,,,,,,,41,46,53,39,56
C. Björk,19,184,50,67,60000,62,49,47,47,16,50,,,,,,,,,,,,,,,,,,,,,49,47,47,16,50
T. Purrington,18,177,50,67,60000,66,40,50,55,33,45,,,,,,,,,,,,,,,,,,,,,40,50,55,33,45
M. Halsøy,17,173,50,67,60000,54,49,40,47,17,36,,,,,,,,,,,,,,,,,,,,,49,40,47,17,36
T. Johnson,18,180,50,66,60000,68,24,35,47,48,53,,,,,,,,,,,,,,,,,,,,,24,35,47,48,53
G. Bustos,19,163,50,66,60000,61,49,46,53,25,32,,,,,,,,,,,,,,,,,,,,,49,46,53,25,32
B. Jica,18,178,50,66,60000,59,25,30,51,48,59,,,,,,,,,,,,,,,,,,,,,25,30,51,48,59
P. Langlois,19,179,50,66,60000,56,31,40,40,51,62,,,,,,,,,,,,,,,,,,,,,31,40,40,51,62
J. Dixon,18,170,50,66,60000,64,37,54,46,34,45,,,,,,,,,,,,,,,,,,,,,37,54,46,34,45
P. Osew,18,168,50,66,60000,80,33,37,47,44,61,,,,,,,,,,,,,,,,,,,,,33,37,47,44,61
L. Bredol,18,180,50,66,60000,58,36,52,51,37,50,,,,,,,,,,,,,,,,,,,,,36,52,51,37,50
D. Louicius,18,180,50,66,60000,73,45,40,51,16,51,,,,,,,,,,,,,,,,,,,,,45,40,51,16,51
A. Sójka,18,178,50,66,60000,60,41,52,53,38,46,,,,,,,,,,,,,,,,,,,,,41,52,53,38,46
M. Frøkjær-Jensen,19,186,50,65,60000,63,49,50,53,44,58,,,,,,,,,,,,,,,,,,,,,49,50,53,44,58
R. Finn,20,177,50,65,60000,59,48,53,52,37,46,,,,,,,,,,,,,,,,,,,,,48,53,52,37,46
I. Salou,20,170,50,65,60000,66,37,48,48,39,51,,,,,,,,,,,,,,,,,,,,,37,48,48,39,51
S. Bajic,21,191,50,64,60000,62,26,29,49,52,66,,,,,,,,,,,,,,,,,,,,,26,29,49,52,66
B. Hernández,19,183,50,64,60000,55,25,27,33,49,56,,,,,,,,,,,,,,,,,,,,,25,27,33,49,56
K. Gunnarshaug,20,180,50,63,60000,55,40,49,50,43,57,,,,,,,,,,,,,,,,,,,,,40,49,50,43,57
N. Watson,19,185,50,63,60000,69,49,40,47,26,47,,,,,,,,,,,,,,,,,,,,,49,40,47,26,47
J. Starbuck,16,174,49,72,60000,66,43,51,51,35,46,,,,,,,,,,,,,,,,,,,,,43,51,51,35,46
K. Berkoe,17,178,49,71,60000,74,24,33,45,44,51,,,,,,,,,,,,,,,,,,,,,24,33,45,44,51
J. Galloway,17,174,49,71,60000,67,41,45,50,26,45,,,,,,,,,,,,,,,,,,,,,41,45,50,26,45
J. Tauriainen,18,176,49,69,60000,64,44,48,46,37,49,,,,,,,,,,,,,,,,,,,,,44,48,46,37,49
Lee Seung Yeop,18,178,49,69,60000,62,33,46,53,46,45,,,,,,,,,,,,,,,,,,,,,33,46,53,46,45
R. Sotiriou,18,178,49,69,60000,66,48,38,50,16,43,,,,,,,,,,,,,,,,,,,,,48,38,50,16,43
N. Shaw,18,180,49,69,60000,63,39,43,51,27,43,,,,,,,,,,,,,,,,,,,,,39,43,51,27,43
B. Shabani,17,182,49,69,60000,65,43,47,50,39,49,,,,,,,,,,,,,,,,,,,,,43,47,50,39,49
K. Osigwe,17,178,49,69,60000,64,36,47,46,40,50,,,,,,,,,,,,,,,,,,,,,36,47,46,40,50
M. Breunig,18,178,49,68,60000,67,48,39,55,20,47,,,,,,,,,,,,,,,,,,,,,48,39,55,20,47
B. Hart,18,178,49,68,60000,60,22,29,32,49,54,,,,,,,,,,,,,,,,,,,,,22,29,32,49,54
K. Lolos,18,177,49,68,60000,58,49,34,45,17,46,,,,,,,,,,,,,,,,,,,,,49,34,45,17,46
M. Roberts,18,180,49,67,60000,64,45,48,48,23,48,,,,,,,,,,,,,,,,,,,,,45,48,48,23,48
J. Williams,18,187,49,67,60000,59,26,34,43,47,54,,,,,,,,,,,,,,,,,,,,,26,34,43,47,54
R. Griffiths,19,181,49,66,60000,63,41,47,48,39,56,,,,,,,,,,,,,,,,,,,,,41,47,48,39,56
D. Collander,17,165,49,66,60000,70,39,47,58,32,34,,,,,,,,,,,,,,,,,,,,,39,47,58,32,34
J. Lundstram,20,176,49,65,60000,54,39,46,50,47,47,,,,,,,,,,,,,,,,,,,,,39,46,50,47,47
Zhao Keda,20,173,49,65,60000,75,37,46,50,44,50,,,,,,,,,,,,,,,,,,,,,37,46,50,44,50
R. Hughes,18,188,49,65,60000,57,25,30,32,48,57,,,,,,,,,,,,,,,,,,,,,25,30,32,48,57
O. Bundgaard,18,180,49,65,60000,66,45,43,50,26,50,,,,,,,,,,,,,,,,,,,,,45,43,50,26,50
D. Bowry,21,180,49,64,60000,65,23,34,39,50,48,,,,,,,,,,,,,,,,,,,,,23,34,39,50,48
N. Fuentes,19,172,49,64,60000,60,25,28,47,50,50,,,,,,,,,,,,,,,,,,,,,25,28,47,50,50
He Yupeng,19,182,49,64,60000,61,40,46,50,45,57,,,,,,,,,,,,,,,,,,,,,40,46,50,45,57
I. Bråholm,18,176,49,64,60000,66,35,45,50,44,54,,,,,,,,,,,,,,,,,,,,,35,45,50,44,54
Liu Bin,21,183,49,63,60000,54,33,43,51,47,52,,,,,,,,,,,,,,,,,,,,,33,43,51,47,52
S. Alic,20,185,49,63,60000,57,34,46,48,44,51,,,,,,,,,,,,,,,,,,,,,34,46,48,44,51
Tao Qianglong,17,172,48,73,60000,56,48,36,55,16,53,,,,,,,,,,,,,,,,,,,,,48,36,55,16,53
B. McPherson,17,178,48,73,60000,65,38,40,55,26,46,,,,,,,,,,,,,,,,,,,,,38,40,55,26,46
J. Hope,17,178,48,72,60000,64,25,33,48,42,52,,,,,,,,,,,,,,,,,,,,,25,33,48,42,52
L. Singh,17,184,48,70,60000,60,21,29,31,46,53,,,,,,,,,,,,,,,,,,,,,21,29,31,46,53
C. Painter,17,183,48,69,60000,56,35,45,47,43,51,,,,,,,,,,,,,,,,,,,,,35,45,47,43,51
M. Peck,18,175,48,68,60000,66,39,44,45,42,51,,,,,,,,,,,,,,,,,,,,,39,44,45,42,51
E. Sartorius,16,174,48,67,60000,68,48,36,49,19,35,,,,,,,,,,,,,,,,,,,,,48,36,49,19,35
K. Barker,18,176,48,67,60000,60,34,46,49,39,49,,,,,,,,,,,,,,,,,,,,,34,46,49,39,49
C. Pattison,18,185,48,67,60000,69,40,44,50,40,50,,,,,,,,,,,,,,,,,,,,,40,44,50,40,50
H. Kyprianou,18,182,48,67,60000,63,41,47,44,42,51,,,,,,,,,,,,,,,,,,,,,41,47,44,42,51
Liu Guobo,19,189,48,66,60000,63,38,45,48,41,53,,,,,,,,,,,,,,,,,,,,,38,45,48,41,53
T. Klysner,17,170,48,66,60000,67,44,40,52,22,49,,,,,,,,,,,,,,,,,,,,,44,40,52,22,49
R. Roache,19,178,48,65,60000,52,48,36,46,18,43,,,,,,,,,,,,,,,,,,,,,48,36,46,18,43
A. Aksungur,18,175,48,65,60000,58,33,47,48,46,51,,,,,,,,,,,,,,,,,,,,,33,47,48,46,51
N. Morley,18,178,48,65,60000,55,22,26,30,49,52,,,,,,,,,,,,,,,,,,,,,22,26,30,49,52
E. Jääskeläinen,18,183,48,65,60000,60,49,39,51,19,44,,,,,,,,,,,,,,,,,,,,,49,39,51,19,44
C. Heath,18,188,48,65,60000,65,48,45,48,40,64,,,,,,,,,,,,,,,,,,,,,48,45,48,40,64
S. Cartwright,18,185,48,64,60000,61,20,30,39,47,56,,,,,,,,,,,,,,,,,,,,,20,30,39,47,56
Song Min Kyu,19,179,48,64,60000,62,49,41,49,21,44,,,,,,,,,,,,,,,,,,,,,49,41,49,21,44
L. Collins,18,178,48,63,60000,70,40,46,53,38,38,,,,,,,,,,,,,,,,,,,,,40,46,53,38,38
A. De Angelis,21,174,48,62,60000,50,24,41,48,45,45,,,,,,,,,,,,,,,,,,,,,24,41,48,45,45
H. Shirai,19,170,48,62,60000,56,49,37,47,19,40,,,,,,,,,,,,,,,,,,,,,49,37,47,19,40
Ahn Seong Nam,35,176,59,59,50000,66,59,60,63,55,61,,,,,,,,,,,,,,,,,,,,,59,60,63,55,61
L. Héloïse,34,183,58,58,50000,49,36,53,53,59,60,,,,,,,,,,,,,,,,,,,,,36,53,53,59,60
Ryang Yong Gi,37,173,58,58,50000,34,55,66,65,37,51,,,,,,,,,,,,,,,,,,,,,55,66,65,37,51
Sun Kai,28,178,53,53,50000,57,24,42,31,54,60,,,,,,,,,,,,,,,,,,,,,24,42,31,54,60
Wang Xuanhong,29,181,52,52,50000,46,43,46,50,51,64,,,,,,,,,,,,,,,,,,,,,43,46,50,51,64
L. Haines,18,184,51,62,50000,66,52,42,53,51,57,,,,,,,,,,,,,,,,,,,,,52,42,53,51,57
M. Filla,21,176,51,61,50000,63,27,45,50,47,51,,,,,,,,,,,,,,,,,,,,,27,45,50,47,51
T. French,20,186,51,61,50000,58,23,26,33,49,61,,,,,,,,,,,,,,,,,,,,,23,26,33,49,61
B. Morgan,20,180,51,59,50000,66,23,32,31,50,59,,,,,,,,,,,,,,,,,,,,,23,32,31,50,59
N. Bresciani,22,178,51,59,50000,59,29,30,47,54,52,,,,,,,,,,,,,,,,,,,,,29,30,47,54,52
D. Trickett-Smith,23,175,51,57,50000,72,46,51,56,36,53,,,,,,,,,,,,,,,,,,,,,46,51,56,36,53
Abdugheni Abduhamit,21,185,51,55,50000,65,39,49,47,46,56,,,,,,,,,,,,,,,,,,,,,39,49,47,46,56
M. Woledzi,17,187,50,68,50000,59,27,27,32,50,51,,,,,,,,,,,,,,,,,,,,,27,27,32,50,51
O. Villadsen,17,173,50,67,50000,65,28,38,52,48,51,,,,,,,,,,,,,,,,,,,,,28,38,52,48,51
J. Sweeney,17,178,50,67,50000,71,27,37,47,47,54,,,,,,,,,,,,,,,,,,,,,27,37,47,47,54
A. Capră,17,173,50,66,50000,61,23,29,32,47,60,,,,,,,,,,,,,,,,,,,,,23,29,32,47,60
O. Sewerzyński,17,186,50,64,50000,60,38,50,51,42,64,,,,,,,,,,,,,,,,,,,,,38,50,51,42,64
A. Karo,22,180,50,63,50000,53,27,30,32,45,67,,,,,,,,,,,,,,,,,,,,,27,30,32,45,67
S. Ciocan,20,173,50,63,50000,52,36,45,51,46,61,,,,,,,,,,,,,,,,,,,,,36,45,51,46,61
Zhou Xiao,20,188,50,63,50000,64,24,41,43,48,57,,,,,,,,,,,,,,,,,,,,,24,41,43,48,57
K. Trewin,18,178,50,63,50000,63,26,34,46,52,53,,,,,,,,,,,,,,,,,,,,,26,34,46,52,53
T. Brownsword,19,180,50,62,50000,56,23,26,32,49,58,,,,,,,,,,,,,,,,,,,,,23,26,32,49,58
Huang Cong,22,182,50,62,50000,65,34,44,49,44,53,,,,,,,,,,,,,,,,,,,,,34,44,49,44,53
R. Smith,19,181,50,62,50000,56,26,35,36,49,54,,,,,,,,,,,,,,,,,,,,,26,35,36,49,54
S. Tascone,21,175,50,60,50000,54,42,48,55,48,39,,,,,,,,,,,,,,,,,,,,,42,48,55,48,39
Yin Congyao,22,182,50,60,50000,62,39,53,47,41,60,,,,,,,,,,,,,,,,,,,,,39,53,47,41,60
G. Harlev,21,184,50,60,50000,76,43,43,51,23,49,,,,,,,,,,,,,,,,,,,,,43,43,51,23,49
D. Keane,20,178,50,60,50000,67,38,47,47,38,58,,,,,,,,,,,,,,,,,,,,,38,47,47,38,58
D. Walsh,22,175,50,59,50000,51,51,38,46,21,45,,,,,,,,,,,,,,,,,,,,,51,38,46,21,45
H. Saunders,21,180,50,59,50000,61,52,39,54,16,46,,,,,,,,,,,,,,,,,,,,,52,39,54,16,46
J. White,17,188,49,69,50000,66,24,29,48,48,54,,,,,,,,,,,,,,,,,,,,,24,29,48,48,54
A. Senior,17,185,49,69,50000,56,23,28,32,48,52,,,,,,,,,,,,,,,,,,,,,23,28,32,48,52
M. Edmondson,17,182,49,69,50000,61,22,26,30,50,52,,,,,,,,,,,,,,,,,,,,,22,26,30,50,52
J. Branthwaite,17,193,49,64,50000,59,19,27,26,48,55,,,,,,,,,,,,,,,,,,,,,19,27,26,48,55
D. Collins,18,173,49,62,50000,67,49,43,53,31,33,,,,,,,,,,,,,,,,,,,,,49,43,53,31,33
A. Doughty,19,175,49,62,50000,65,30,37,49,45,52,,,,,,,,,,,,,,,,,,,,,30,37,49,45,52
L. Jagne,21,168,49,61,50000,66,37,47,49,44,51,,,,,,,,,,,,,,,,,,,,,37,47,49,44,51
B. Buckley,18,182,49,61,50000,73,40,43,49,36,48,,,,,,,,,,,,,,,,,,,,,40,43,49,36,48
I. Häggman,17,177,49,61,50000,71,47,35,42,21,49,,,,,,,,,,,,,,,,,,,,,47,35,42,21,49
R. Miranda,20,174,49,61,50000,58,40,52,53,33,46,,,,,,,,,,,,,,,,,,,,,40,52,53,33,46
P. Phillips,20,180,49,60,50000,45,33,46,46,47,57,,,,,,,,,,,,,,,,,,,,,33,46,46,47,57
Jiang Zilei,21,178,49,59,50000,61,34,50,46,45,64,,,,,,,,,,,,,,,,,,,,,34,50,46,45,64
K. Hawley,19,178,49,59,50000,54,47,31,45,21,47,,,,,,,,,,,,,,,,,,,,,47,31,45,21,47
M. Skjellerup,23,189,49,58,50000,62,49,40,46,23,59,,,,,,,,,,,,,,,,,,,,,49,40,46,23,59
R. Wikberg,16,186,48,67,50000,52,28,31,32,47,49,,,,,,,,,,,,,,,,,,,,,28,31,32,47,49
S. Callan,19,182,48,61,50000,56,26,25,30,48,53,,,,,,,,,,,,,,,,,,,,,26,25,30,48,53
F. Nevarez,18,178,48,61,50000,56,26,29,48,47,50,,,,,,,,,,,,,,,,,,,,,26,29,48,47,50
Zhang Yufeng,21,178,48,60,50000,65,34,46,51,47,57,,,,,,,,,,,,,,,,,,,,,34,46,51,47,57
L. Offord,19,170,48,60,50000,59,26,43,49,48,39,,,,,,,,,,,,,,,,,,,,,26,43,49,48,39
Wang Peng,21,175,48,60,50000,60,34,51,47,36,46,,,,,,,,,,,,,,,,,,,,,34,51,47,36,46
J. Ryan,19,178,48,60,50000,57,36,44,47,40,54,,,,,,,,,,,,,,,,,,,,,36,44,47,40,54
M. Gallagher,18,178,48,60,50000,60,40,46,49,34,47,,,,,,,,,,,,,,,,,,,,,40,46,49,34,47
M. Sagaf,21,177,48,60,50000,61,36,47,44,38,53,,,,,,,,,,,,,,,,,,,,,36,47,44,38,53
E. Tweed,20,180,48,59,50000,52,37,47,46,42,49,,,,,,,,,,,,,,,,,,,,,37,47,46,42,49
D. Nasu,37,180,60,60,40000,37,40,45,49,58,59,,,,,,,,,,,,,,,,,,,,,40,45,49,58,59
D. Pender,34,177,58,58,40000,43,51,56,57,59,67,,,,,,,,,,,,,,,,,,,,,51,56,57,59,67
J. Russell,34,172,56,56,40000,42,51,57,57,51,54,,,,,,,,,,,,,,,,,,,,,51,57,57,51,54
Ge Zhen,32,179,53,53,40000,65,28,31,51,54,51,,,,,,,,,,,,,,,,,,,,,28,31,51,54,51
Zhang Gong,27,177,51,53,40000,57,36,45,45,50,64,,,,,,,,,,,,,,,,,,,,,36,45,45,50,64
W. Horlison,27,180,51,51,40000,78,48,43,51,39,54,,,,,,,,,,,,,,,,,,,,,48,43,51,39,54
R. Hurley,19,179,50,61,40000,58,28,44,50,49,44,,,,,,,,,,,,,,,,,,,,,28,44,50,49,44
L. Boore,20,188,50,60,40000,48,24,33,27,50,54,,,,,,,,,,,,,,,,,,,,,24,33,27,50,54
N. McGinley,18,180,50,60,40000,52,48,46,53,47,57,,,,,,,,,,,,,,,,,,,,,48,46,53,47,57
J. Curran,18,186,50,60,40000,72,34,48,49,39,52,,,,,,,,,,,,,,,,,,,,,34,48,49,39,52
Yang Guoyuan,22,175,50,59,40000,63,41,52,53,41,59,,,,,,,,,,,,,,,,,,,,,41,52,53,41,59
D. Ruíz,21,177,50,59,40000,63,30,34,47,48,55,,,,,,,,,,,,,,,,,,,,,30,34,47,48,55
R. Slevin,20,180,50,59,40000,61,28,38,49,47,57,,,,,,,,,,,,,,,,,,,,,28,38,49,47,57
Yeljan Shinar,20,178,50,59,40000,55,25,24,32,50,55,,,,,,,,,,,,,,,,,,,,,25,24,32,50,55
Liu Yi,22,176,50,58,40000,70,38,43,50,49,53,,,,,,,,,,,,,,,,,,,,,38,43,50,49,53
M. Kouogun,22,184,50,58,40000,52,25,29,28,50,60,,,,,,,,,,,,,,,,,,,,,25,29,28,50,60
D. Meisel,20,179,50,58,40000,71,42,52,54,37,42,,,,,,,,,,,,,,,,,,,,,42,52,54,37,42
Ju Jong Dae,23,176,50,57,40000,60,24,34,49,49,54,,,,,,,,,,,,,,,,,,,,,24,34,49,49,54
Wang Zhenghao,19,185,50,56,40000,54,25,31,37,48,57,,,,,,,,,,,,,,,,,,,,,25,31,37,48,57
Jiang Minwen,22,177,50,55,40000,67,39,47,46,39,54,,,,,,,,,,,,,,,,,,,,,39,47,46,39,54
M. Cotali,22,176,49,59,40000,59,28,31,45,53,49,,,,,,,,,,,,,,,,,,,,,28,31,45,53,49
J. Rodríguez,20,179,49,59,40000,56,26,27,28,48,56,,,,,,,,,,,,,,,,,,,,,26,27,28,48,56
Lee Kyu Hyuk,20,175,49,57,40000,60,27,31,48,49,54,,,,,,,,,,,,,,,,,,,,,27,31,48,49,54
J. Rengifo,21,175,49,56,40000,68,38,47,49,40,55,,,,,,,,,,,,,,,,,,,,,38,47,49,40,55
N. Andermatt,23,185,49,56,40000,58,33,51,50,45,57,,,,,,,,,,,,,,,,,,,,,33,51,50,45,57
Cui Lin,21,183,49,54,40000,63,28,32,43,50,56,,,,,,,,,,,,,,,,,,,,,28,32,43,50,56
Xie Weijun,21,190,49,53,40000,57,52,43,47,23,57,,,,,,,,,,,,,,,,,,,,,52,43,47,23,57
Huang Jiahui,18,183,48,60,40000,70,29,29,35,46,53,,,,,,,,,,,,,,,,,,,,,29,29,35,46,53
Shao Shuai,22,186,48,56,40000,57,23,28,33,47,51,,,,,,,,,,,,,,,,,,,,,23,28,33,47,51
Xiao Mingjie,22,177,48,56,40000,58,24,33,35,48,48,,,,,,,,,,,,,,,,,,,,,24,33,35,48,48
Zhang Wei,19,186,48,56,40000,54,35,44,45,48,51,,,,,,,,,,,,,,,,,,,,,35,44,45,48,51
Wang Haijian,18,185,48,54,40000,59,35,47,47,45,52,,,,,,,,,,,,,,,,,,,,,35,47,47,45,52
Pan Ximing,26,182,48,51,40000,60,32,51,45,47,55,,,,,,,,,,,,,,,,,,,,,32,51,45,47,55
A. Bennett,37,188,59,59,30000,29,26,31,29,59,63,,,,,,,,,,,,,,,,,,,,,26,31,29,59,63
Ai Zhibo,36,188,59,59,30000,40,17,45,37,59,62,,,,,,,,,,,,,,,,,,,,,17,45,37,59,62
Y. Fujita,36,180,58,58,30000,31,24,24,39,57,71,,,,,,,,,,,,,,,,,,,,,24,24,39,57,71
R. Cretaro,37,165,56,56,30000,46,58,55,61,32,45,,,,,,,,,,,,,,,,,,,,,58,55,61,32,45
Y. Kurihara,35,184,56,56,30000,35,23,37,33,58,56,,,,,,,,,,,,,,,,,,,,,23,37,33,58,56
A. Mosquera,37,176,56,56,30000,56,43,58,58,42,42,,,,,,,,,,,,,,,,,,,,,43,58,58,42,42
Z. Alkurt,28,176,50,50,30000,71,57,39,53,22,45,,,,,,,,,,,,,,,,,,,,,57,39,53,22,45
R. Hernández,30,173,50,50,30000,53,39,50,48,51,52,,,,,,,,,,,,,,,,,,,,,39,50,48,51,52
Zhang Junzhe,28,183,49,49,30000,61,25,32,45,49,50,,,,,,,,,,,,,,,,,,,,,25,32,45,49,50
N. Hunt,35,185,55,55,20000,35,44,50,51,57,74,,,,,,,,,,,,,,,,,,,,,44,50,51,57,74
J. McCombe,36,196,52,52,10000,24,22,30,23,50,57,,,,,,,,,,,,,,,,,,,,,22,30,23,50,57
E. Schetino,27,185,82,82,0,80,43,56,65,83,76,,,,,,,,,,,,,,,,,,,,,43,56,65,83,76
J. Sildero,27,177,82,82,0,81,77,81,82,40,71,,,,,,,,,,,,,,,,,,,,,77,81,82,40,71
J. Frendado,35,181,81,81,0,71,61,57,62,82,75,,,,,,,,,,,,,,,,,,,,,61,57,62,82,75
S. Ardero,31,171,81,81,0,82,72,77,83,26,51,,,,,,,,,,,,,,,,,,,,,72,77,83,26,51
L. Dálves,27,188,81,81,0,80,82,60,71,34,75,,,,,,,,,,,,,,,,,,,,,82,60,71,34,75
S. Mandíquez,30,188,81,81,0,80,80,56,74,29,80,,,,,,,,,,,,,,,,,,,,,80,56,74,29,80
M. Baldona,35,177,80,80,0,68,62,74,76,78,77,,,,,,,,,,,,,,,,,,,,,62,74,76,78,77
M. Nérez,31,178,80,80,0,79,54,76,78,77,74,,,,,,,,,,,,,,,,,,,,,54,76,78,77,74
D. Lenzado,31,182,79,79,0,70,48,60,52,79,78,,,,,,,,,,,,,,,,,,,,,48,60,52,79,78
E. Riquero,31,175,79,79,0,81,57,72,76,78,74,,,,,,,,,,,,,,,,,,,,,57,72,76,78,74
E. Aguerro,31,176,79,79,0,84,79,65,80,27,66,,,,,,,,,,,,,,,,,,,,,79,65,80,27,66
W. Barrios,25,179,78,83,0,73,38,65,69,79,82,,,,,,,,,,,,,,,,,,,,,38,65,69,79,82
T. Vilhena,24,175,78,82,0,75,73,76,78,70,79,,,,,,,,,,,,,,,,,,,,,73,76,78,70,79
Hilton,41,180,78,78,0,36,51,67,66,80,71,,,,,,,,,,,,,,,,,,,,,51,67,66,80,71
H. Moreno,31,183,78,78,0,59,49,64,62,79,71,,,,,,,,,,,,,,,,,,,,,49,64,62,79,71
A. Dzyuba,30,196,78,78,0,65,76,67,69,27,84,,,,,,,,,,,,,,,,,,,,,76,67,69,27,84
E. Guichón,31,168,78,78,0,87,58,70,77,74,53,,,,,,,,,,,,,,,,,,,,,58,70,77,74,53
G. Quintana,35,177,78,78,0,78,51,69,78,76,67,,,,,,,,,,,,,,,,,,,,,51,69,78,76,67
F. Contedo,35,174,78,78,0,80,73,76,77,27,59,,,,,,,,,,,,,,,,,,,,,73,76,77,27,59
D. Kuzyaev,26,182,77,80,0,80,68,73,78,72,66,,,,,,,,,,,,,,,,,,,,,68,73,78,72,66
M. Berg,32,184,77,77,0,73,76,63,72,35,71,,,,,,,,,,,,,,,,,,,,,76,63,72,35,71
L. Baezo,31,188,77,77,0,71,70,69,71,78,83,,,,,,,,,,,,,,,,,,,,,70,69,71,78,83
A. Píriz,31,178,77,77,0,80,68,77,77,34,63,,,,,,,,,,,,,,,,,,,,,68,77,77,34,63
S. Luna,31,176,77,77,0,80,71,71,76,72,74,,,,,,,,,,,,,,,,,,,,,71,71,76,72,74
V. Castro,27,187,77,77,0,72,62,74,69,75,81,,,,,,,,,,,,,,,,,,,,,62,74,69,75,81
J. Monsario,34,186,77,77,0,34,48,48,39,76,82,,,,,,,,,,,,,,,,,,,,,48,48,39,76,82
V. Claesson,27,183,76,77,0,74,73,72,73,42,72,,,,,,,,,,,,,,,,,,,,,73,72,73,42,72
M. Topal,33,187,76,76,0,55,64,63,68,76,76,,,,,,,,,,,,,,,,,,,,,64,63,68,76,76
Y. Zhirkov,35,180,76,76,0,75,69,75,77,75,71,,,,,,,,,,,,,,,,,,,,,69,75,77,75,71
B. Dzsudzsák,32,179,76,76,0,75,77,78,76,32,62,,,,,,,,,,,,,,,,,,,,,77,78,76,32,62
I. Popov,31,182,76,76,0,76,74,74,75,48,70,,,,,,,,,,,,,,,,,,,,,74,74,75,48,70
H. Pérez,30,180,76,76,0,73,74,73,76,39,72,,,,,,,,,,,,,,,,,,,,,74,73,76,39,72
G. Ichazo,27,188,76,76,0,58,50,61,49,75,79,,,,,,,,,,,,,,,,,,,,,50,61,49,75,79
M. Fagundez,35,176,76,76,0,65,53,63,61,72,83,,,,,,,,,,,,,,,,,,,,,53,63,61,72,83
A. Vera,31,180,76,76,0,76,76,61,73,33,64,,,,,,,,,,,,,,,,,,,,,76,61,73,33,64
A. Zamorado,38,182,76,76,0,57,78,81,77,36,59,,,,,,,,,,,,,,,,,,,,,78,81,77,36,59
A. Aguilmera,33,194,76,76,0,33,47,54,49,76,83,,,,,,,,,,,,,,,,,,,,,47,54,49,76,83
K. Berlaso,31,172,76,76,0,78,56,69,77,72,68,,,,,,,,,,,,,,,,,,,,,56,69,77,72,68
M. Mevlja,29,190,75,76,0,70,38,61,58,77,74,,,,,,,,,,,,,,,,,,,,,38,61,58,77,74
C. Pizarro,40,184,75,75,0,34,77,73,75,37,64,,,,,,,,,,,,,,,,,,,,,77,73,75,37,64
O. Cardozo,36,193,75,75,0,30,79,67,67,28,70,,,,,,,,,,,,,,,,,,,,,79,67,67,28,70
W. Bony,30,182,75,75,0,50,76,59,67,38,72,,,,,,,,,,,,,,,,,,,,,76,59,67,38,72
Y. Gazinskiy,29,184,75,75,0,66,55,66,68,72,72,,,,,,,,,,,,,,,,,,,,,55,66,68,72,72
P. Vaquizo,33,180,75,75,0,79,71,68,78,27,74,,,,,,,,,,,,,,,,,,,,,71,68,78,27,74
M. Degenek,25,187,74,81,0,78,62,68,63,70,83,,,,,,,,,,,,,,,,,,,,,62,68,63,70,83
K. Olsson,24,181,74,79,0,76,62,73,77,60,64,,,,,,,,,,,,,,,,,,,,,62,73,77,60,64
C. Njie,25,175,74,77,0,93,71,64,76,32,65,,,,,,,,,,,,,,,,,,,,,71,64,76,32,65
T. Hlatshwayo,29,188,74,75,0,60,29,48,35,76,73,,,,,,,,,,,,,,,,,,,,,29,48,35,76,73
B. Jokič,33,176,74,74,0,77,56,69,67,69,77,,,,,,,,,,,,,,,,,,,,,56,69,67,69,77
C. Zambrano,29,185,74,74,0,58,48,57,66,74,73,,,,,,,,,,,,,,,,,,,,,48,57,66,74,73
A. Semenov,30,190,74,74,0,53,40,58,59,74,74,,,,,,,,,,,,,,,,,,,,,40,58,59,74,74
S. Vilakazi,29,170,74,74,0,76,69,69,74,49,62,,,,,,,,,,,,,,,,,,,,,69,69,74,49,62
J. Góralski,26,172,73,77,0,72,46,63,67,69,79,,,,,,,,,,,,,,,,,,,,,46,63,67,69,79
Y. Banana,27,192,73,75,0,56,34,43,42,74,83,,,,,,,,,,,,,,,,,,,,,34,43,42,74,83
D. Dainelli,40,191,73,73,0,32,33,43,51,76,65,,,,,,,,,,,,,,,,,,,,,33,43,51,76,65
C. Keșerü,32,178,73,73,0,68,75,66,64,38,66,,,,,,,,,,,,,,,,,,,,,75,66,64,38,66
R. Sigurðsson,33,187,73,73,0,61,40,55,43,73,79,,,,,,,,,,,,,,,,,,,,,40,55,43,73,79
F. Kudryashov,32,181,73,73,0,72,45,63,64,72,72,,,,,,,,,,,,,,,,,,,,,45,63,64,72,72
A. Gunnarsson,30,178,73,73,0,53,62,67,69,70,74,,,,,,,,,,,,,,,,,,,,,62,67,69,70,74
B. Sigurðarson,28,185,73,73,0,79,69,62,74,39,83,,,,,,,,,,,,,,,,,,,,,69,62,74,39,83
E. Pavez,29,180,73,73,0,78,67,66,72,69,84,,,,,,,,,,,,,,,,,,,,,67,66,72,69,84
T. Zwane,29,170,73,73,0,78,63,71,75,49,62,,,,,,,,,,,,,,,,,,,,,63,71,75,49,62
A. Alfárnez,34,182,73,73,0,79,70,56,72,30,72,,,,,,,,,,,,,,,,,,,,,70,56,72,30,72
V. Sabanter,31,173,73,73,0,66,48,66,65,71,76,,,,,,,,,,,,,,,,,,,,,48,66,65,71,76
E. Lardero,30,177,73,73,0,76,74,55,66,24,77,,,,,,,,,,,,,,,,,,,,,74,55,66,24,77
I. Nedelcearu,23,190,72,80,0,60,34,50,53,71,76,,,,,,,,,,,,,,,,,,,,,34,50,53,71,76
Z. Kalmár,24,185,72,78,0,65,68,70,72,50,56,,,,,,,,,,,,,,,,,,,,,68,70,72,50,56
L. Kleinheisler,25,173,72,76,0,74,67,69,72,60,70,,,,,,,,,,,,,,,,,,,,,67,69,72,60,70
M. Ozdoev,26,184,72,75,0,74,65,68,73,68,72,,,,,,,,,,,,,,,,,,,,,65,68,73,68,72
A. Warda,25,179,72,75,0,79,61,71,74,32,45,,,,,,,,,,,,,,,,,,,,,61,71,74,32,45
I. Kovács,27,171,72,73,0,80,65,66,73,31,44,,,,,,,,,,,,,,,,,,,,,65,66,73,31,44
M. Martins,32,187,72,72,0,59,75,63,67,36,74,,,,,,,,,,,,,,,,,,,,,75,63,67,36,74
W. Soliman,34,176,72,72,0,68,72,71,77,49,67,,,,,,,,,,,,,,,,,,,,,72,71,77,49,67
J. Fjóluson,30,195,72,72,0,48,48,57,54,71,78,,,,,,,,,,,,,,,,,,,,,48,57,54,71,78
I. Piris,30,172,72,72,0,77,48,61,69,69,70,,,,,,,,,,,,,,,,,,,,,48,61,69,69,70
O. Boumal,29,183,72,72,0,85,65,68,72,44,67,,,,,,,,,,,,,,,,,,,,,65,68,72,44,67
V. Kjartansson,29,184,72,72,0,71,72,49,64,29,70,,,,,,,,,,,,,,,,,,,,,72,49,64,29,70
J. Veria,35,186,72,72,0,70,50,64,51,72,74,,,,,,,,,,,,,,,,,,,,,50,64,51,72,74
B. Vendaza,38,181,72,72,0,62,36,62,62,72,76,,,,,,,,,,,,,,,,,,,,,36,62,62,72,76
M. Alaa,28,189,71,72,0,60,32,57,50,70,77,,,,,,,,,,,,,,,,,,,,,32,57,50,70,77
R. Varga,29,182,71,71,0,82,68,67,71,32,68,,,,,,,,,,,,,,,,,,,,,68,67,71,32,68
A. El Said,33,175,71,71,0,71,70,68,73,40,56,,,,,,,,,,,,,,,,,,,,,70,68,73,40,56
M. Pátkai,31,173,71,71,0,73,60,67,67,67,58,,,,,,,,,,,,,,,,,,,,,60,67,67,67,58
H. Kekana,34,176,71,71,0,69,73,67,65,67,75,,,,,,,,,,,,,,,,,,,,,73,67,65,67,75
A. Giannou,29,185,71,71,0,68,71,55,66,28,74,,,,,,,,,,,,,,,,,,,,,71,55,66,28,74
G. Lovrencsics,30,177,71,71,0,86,68,64,72,65,72,,,,,,,,,,,,,,,,,,,,,68,64,72,65,72
A. Chipciu,30,177,71,71,0,76,69,69,71,52,67,,,,,,,,,,,,,,,,,,,,,69,69,71,52,67
R. Sigurjónsson,29,178,71,71,0,66,71,71,69,52,82,,,,,,,,,,,,,,,,,,,,,71,71,69,52,82
D. Rotariu,23,180,70,75,0,75,66,65,74,31,54,,,,,,,,,,,,,,,,,,,,,66,65,74,31,54
M. Araujo,24,178,70,75,0,66,36,47,54,71,66,,,,,,,,,,,,,,,,,,,,,36,47,54,71,66
S. Herreyra,26,190,70,75,0,57,30,41,42,69,79,,,,,,,,,,,,,,,,,,,,,30,41,42,69,79
D. Holman,26,188,70,73,0,74,65,64,71,43,66,,,,,,,,,,,,,,,,,,,,,65,64,71,43,66
J. Lawrence,26,188,70,73,0,48,29,62,56,70,71,,,,,,,,,,,,,,,,,,,,,29,62,56,70,71
P. Anton,28,182,70,71,0,59,57,66,59,65,70,,,,,,,,,,,,,,,,,,,,,57,66,59,65,70
A. Morenzo,27,167,70,71,0,70,57,65,77,42,39,,,,,,,,,,,,,,,,,,,,,57,65,77,42,39
L. Conderia,26,189,70,71,0,53,72,52,63,36,77,,,,,,,,,,,,,,,,,,,,,72,52,63,36,77
C. Lendezo,25,170,70,71,0,88,65,55,76,26,59,,,,,,,,,,,,,,,,,,,,,65,55,76,26,59
G. McAuley,39,191,70,70,0,29,42,49,40,72,63,,,,,,,,,,,,,,,,,,,,,42,49,40,72,63
A. Williams,34,183,70,70,0,44,43,52,58,70,72,,,,,,,,,,,,,,,,,,,,,43,52,58,70,72
K. Lafferty,31,193,70,70,0,66,70,60,66,32,78,,,,,,,,,,,,,,,,,,,,,70,60,66,32,78
K. Árnason,36,191,70,70,0,30,51,57,50,70,70,,,,,,,,,,,,,,,,,,,,,51,57,50,70,70
R. Rojas,31,180,70,70,0,67,66,69,70,65,77,,,,,,,,,,,,,,,,,,,,,66,69,70,65,77
M. Korhut,30,181,70,70,0,75,28,56,67,68,68,,,,,,,,,,,,,,,,,,,,,28,56,67,68,68
R. Cardozo,29,171,70,70,0,74,60,67,68,56,53,,,,,,,,,,,,,,,,,,,,,60,67,68,56,53
A. Ashraf,28,176,70,70,0,74,66,68,70,67,64,,,,,,,,,,,,,,,,,,,,,66,68,70,67,64
E. Sancero,33,174,70,70,0,68,66,69,71,52,57,,,,,,,,,,,,,,,,,,,,,66,69,71,52,57
S. Arzamendia,21,172,69,79,0,67,45,60,67,69,58,,,,,,,,,,,,,,,,,,,,,45,60,67,69,58
H. Vaca,21,167,69,77,0,76,65,66,70,34,55,,,,,,,,,,,,,,,,,,,,,65,66,70,34,55
N. Dunga,23,180,69,75,0,69,49,65,67,66,66,,,,,,,,,,,,,,,,,,,,,49,65,67,66,66
C. Comara,25,185,69,73,0,67,29,43,43,69,70,,,,,,,,,,,,,,,,,,,,,29,43,43,69,70
A. Ghazal,27,189,69,72,0,51,35,57,63,69,78,,,,,,,,,,,,,,,,,,,,,35,57,63,69,78
B. Mkhwanazi,29,182,69,70,0,68,31,49,44,71,71,,,,,,,,,,,,,,,,,,,,,31,49,44,71,71
B. Bjarnason,31,183,69,69,0,69,68,64,69,62,77,,,,,,,,,,,,,,,,,,,,,68,64,69,62,77
A. Corzo,30,173,69,69,0,70,36,57,65,69,57,,,,,,,,,,,,,,,,,,,,,36,57,65,69,57
G. Grozav,28,182,69,69,0,74,68,64,70,36,65,,,,,,,,,,,,,,,,,,,,,68,64,70,36,65
A. Kamel,33,176,69,69,0,67,67,61,67,31,62,,,,,,,,,,,,,,,,,,,,,67,61,67,31,62
A. Figuera,29,170,69,69,0,67,38,61,61,69,67,,,,,,,,,,,,,,,,,,,,,38,61,61,69,67
L. Zahović,23,177,68,75,0,76,66,55,75,30,48,,,,,,,,,,,,,,,,,,,,,66,55,75,30,48
A. Mansour,25,178,68,72,0,70,50,61,63,68,65,,,,,,,,,,,,,,,,,,,,,50,61,63,68,65
O. Gaber,27,175,68,69,0,74,57,65,66,66,73,,,,,,,,,,,,,,,,,,,,,57,65,66,66,73
T. Nedelev,26,176,68,69,0,76,66,66,71,32,48,,,,,,,,,,,,,,,,,,,,,66,66,71,32,48
Lee Dong Gook,40,185,68,68,0,44,73,62,57,29,62,,,,,,,,,,,,,,,,,,,,,73,62,57,29,62
M. Bejarano,31,172,68,68,0,66,33,54,63,67,68,,,,,,,,,,,,,,,,,,,,,33,54,63,67,68
V. Bozhikov,31,185,68,68,0,67,35,52,51,67,72,,,,,,,,,,,,,,,,,,,,,35,52,51,67,72
S. Hlanti,29,182,68,68,0,71,34,60,65,68,62,,,,,,,,,,,,,,,,,,,,,34,60,65,68,62
T. Mkhize,30,179,68,68,0,71,48,57,66,66,63,,,,,,,,,,,,,,,,,,,,,48,57,66,66,63
J. Mejídez,34,168,68,68,0,77,59,62,72,29,49,,,,,,,,,,,,,,,,,,,,,59,62,72,29,49
R. Mandive,34,180,68,68,0,58,59,64,63,67,66,,,,,,,,,,,,,,,,,,,,,59,64,63,67,66
R. Vaca,20,176,67,80,0,72,65,62,69,26,36,,,,,,,,,,,,,,,,,,,,,65,62,69,26,36
J. Pretell,20,171,67,77,0,68,50,65,63,63,65,,,,,,,,,,,,,,,,,,,,,50,65,63,63,65
L. Maboe,24,172,67,73,0,79,68,62,72,39,52,,,,,,,,,,,,,,,,,,,,,68,62,72,39,52
M. Belyaev,27,188,67,70,0,67,28,39,36,71,65,,,,,,,,,,,,,,,,,,,,,28,39,36,71,65
J. Zoua,27,186,67,68,0,75,64,58,64,33,77,,,,,,,,,,,,,,,,,,,,,64,58,64,33,77
F. Cubero,40,175,67,67,0,41,43,63,53,63,69,,,,,,,,,,,,,,,,,,,,,43,63,53,63,69
I. Bandalovski,32,183,67,67,0,73,47,58,65,64,67,,,,,,,,,,,,,,,,,,,,,47,58,65,64,67
D. Furman,31,183,67,67,0,69,62,65,66,62,79,,,,,,,,,,,,,,,,,,,,,62,65,66,62,79
D. Bejarano,27,174,67,67,0,64,38,57,59,65,57,,,,,,,,,,,,,,,,,,,,,38,57,59,65,57
T. Hamed,30,169,67,67,0,64,62,64,65,69,62,,,,,,,,,,,,,,,,,,,,,62,64,65,69,62
M. Bagayoko,29,175,67,67,0,75,27,54,66,66,66,,,,,,,,,,,,,,,,,,,,,27,54,66,66,66
F. Saucedo,29,173,67,67,0,60,46,64,62,68,56,,,,,,,,,,,,,,,,,,,,,46,64,62,68,56
Vinícius,29,184,67,67,0,66,32,33,44,67,71,,,,,,,,,,,,,,,,,,,,,32,33,44,67,71
T. Mabunda,31,180,67,67,0,69,46,62,69,61,69,,,,,,,,,,,,,,,,,,,,,46,62,69,61,69
M. Guerreyro,31,178,67,67,0,70,43,67,68,47,65,,,,,,,,,,,,,,,,,,,,,43,67,68,47,65
J. Breitez,33,174,67,67,0,78,34,54,63,69,77,,,,,,,,,,,,,,,,,,,,,34,54,63,69,77
K. Malinov,25,170,66,71,0,74,49,57,60,64,55,,,,,,,,,,,,,,,,,,,,,49,57,60,64,55
M. Hamdy,24,173,66,71,0,68,40,40,46,68,65,,,,,,,,,,,,,,,,,,,,,40,40,46,68,65
A. Sigurðarson,25,177,66,69,0,80,62,61,67,36,56,,,,,,,,,,,,,,,,,,,,,62,61,67,36,56
C. Gonzáles,26,176,66,67,0,69,64,64,67,54,52,,,,,,,,,,,,,,,,,,,,,64,64,67,54,52
G. Valverde,29,178,66,66,0,63,27,54,59,66,71,,,,,,,,,,,,,,,,,,,,,27,54,59,66,71
M. Mohsen,30,185,66,66,0,67,64,47,63,30,68,,,,,,,,,,,,,,,,,,,,,64,47,63,30,68
I. Torres,28,177,66,66,0,71,62,65,65,41,62,,,,,,,,,,,,,,,,,,,,,62,65,65,41,62
L. Vaca,23,175,65,73,0,65,67,48,59,24,52,,,,,,,,,,,,,,,,,,,,,67,48,59,24,52
R. Sánchez,23,172,65,72,0,67,52,58,65,58,61,,,,,,,,,,,,,,,,,,,,,52,58,65,58,61
B. El Mohamady,22,179,65,72,0,69,37,56,62,65,65,,,,,,,,,,,,,,,,,,,,,37,56,62,65,65
A. Nedyalkov,26,181,65,68,0,59,46,59,65,63,64,,,,,,,,,,,,,,,,,,,,,46,59,65,63,64
L. Justiniano,26,172,65,68,0,57,36,55,54,66,58,,,,,,,,,,,,,,,,,,,,,36,55,54,66,58
S. Galindo,27,189,65,66,0,70,53,68,64,46,60,,,,,,,,,,,,,,,,,,,,,53,68,64,46,60
F. Kippe,41,194,65,65,0,25,52,49,34,61,73,,,,,,,,,,,,,,,,,,,,,52,49,34,61,73
R. Castro,29,181,65,65,0,59,34,57,60,64,51,,,,,,,,,,,,,,,,,,,,,34,57,60,64,51
G. Kostadinov,28,185,65,65,0,61,40,56,51,64,67,,,,,,,,,,,,,,,,,,,,,40,56,51,64,67
J. Dawa Tchakonte,23,194,64,70,0,65,32,39,41,62,76,,,,,,,,,,,,,,,,,,,,,32,39,41,62,76
M. Blažič,26,185,64,68,0,58,34,37,40,65,66,,,,,,,,,,,,,,,,,,,,,34,37,40,65,66
G. Álvarez,27,187,64,65,0,64,67,43,55,25,68,,,,,,,,,,,,,,,,,,,,,67,43,55,25,68
I. Goranov,27,177,64,65,0,74,31,51,57,62,57,,,,,,,,,,,,,,,,,,,,,31,51,57,62,57
G. Ivanov,31,178,64,64,0,68,63,63,64,35,61,,,,,,,,,,,,,,,,,,,,,63,63,64,35,61
S. Torres,29,175,64,64,0,69,29,54,52,60,69,,,,,,,,,,,,,,,,,,,,,29,54,52,60,69
L. Väisänen,21,186,63,76,0,71,30,46,55,60,65,,,,,,,,,,,,,,,,,,,,,30,46,55,60,65
E. Saavedra,23,173,63,72,0,64,42,45,52,64,54,,,,,,,,,,,,,,,,,,,,,42,45,52,64,54
A. Jusino,26,185,63,66,0,54,27,28,32,65,75,,,,,,,,,,,,,,,,,,,,,27,28,32,65,75
G. Iliev,37,178,63,63,0,52,56,62,62,59,64,,,,,,,,,,,,,,,,,,,,,56,62,62,59,64
J. Brockie,31,183,63,63,0,50,66,58,52,43,70,,,,,,,,,,,,,,,,,,,,,66,58,52,43,70
H. Sulaimani,42,173,63,63,0,47,53,68,64,64,72,,,,,,,,,,,,,,,,,,,,,53,68,64,64,72
P. Bhatt,34,182,63,63,0,71,62,51,61,29,70,,,,,,,,,,,,,,,,,,,,,62,51,61,29,70
B. Raj,31,175,63,63,0,76,44,58,59,59,63,,,,,,,,,,,,,,,,,,,,,44,58,59,59,63
Y. Karabelyov,23,174,62,71,0,61,51,60,60,53,52,,,,,,,,,,,,,,,,,,,,,51,60,60,53,52
K. Dimitrov,22,190,62,70,0,56,27,37,41,63,67,,,,,,,,,,,,,,,,,,,,,27,37,41,63,67
C. Arano,24,187,62,69,0,64,46,56,61,65,59,,,,,,,,,,,,,,,,,,,,,46,56,61,65,59
C. Howieson,24,180,62,65,0,70,57,61,62,51,67,,,,,,,,,,,,,,,,,,,,,57,61,62,51,67
N. Boxall,27,183,62,64,0,71,28,38,47,60,73,,,,,,,,,,,,,,,,,,,,,28,38,47,60,73
A. Struna,30,185,62,62,0,58,40,59,60,60,71,,,,,,,,,,,,,,,,,,,,,40,59,60,60,71
V. Genev,30,188,62,62,0,62,22,38,51,63,63,,,,,,,,,,,,,,,,,,,,,22,38,51,63,63
A. Chakraborty,33,189,62,62,0,37,44,46,41,61,75,,,,,,,,,,,,,,,,,,,,,44,46,41,61,75
H. Bhandari,30,178,62,62,0,77,48,57,64,37,65,,,,,,,,,,,,,,,,,,,,,48,57,64,37,65
A. Swaminathan,27,173,62,62,0,60,50,61,65,30,39,,,,,,,,,,,,,,,,,,,,,50,61,65,30,39
D. Bulman,40,175,61,61,0,46,44,56,57,58,75,,,,,,,,,,,,,,,,,,,,,44,56,57,58,75
I. Isa,30,184,61,61,0,50,60,46,58,21,69,,,,,,,,,,,,,,,,,,,,,60,46,58,21,69
D. Pillai,31,178,61,61,0,70,50,58,61,45,62,,,,,,,,,,,,,,,,,,,,,50,58,61,45,62
R. Fernández,19,170,60,76,0,62,29,52,49,55,56,,,,,,,,,,,,,,,,,,,,,29,52,49,55,56
M. Minchev,18,176,60,75,0,62,57,53,56,43,54,,,,,,,,,,,,,,,,,,,,,57,53,56,43,54
J. Gulley,26,174,60,62,0,77,49,52,58,57,66,,,,,,,,,,,,,,,,,,,,,49,52,58,57,66
A. Ginti,25,170,60,62,0,82,44,52,61,56,51,,,,,,,,,,,,,,,,,,,,,44,52,61,56,51
A. Khurana,26,186,60,62,0,54,30,41,41,58,70,,,,,,,,,,,,,,,,,,,,,30,41,41,58,70
W. Coulibaly,27,179,60,61,0,68,38,40,57,65,64,,,,,,,,,,,,,,,,,,,,,38,40,57,65,64
A. Deshpande,38,180,60,60,0,52,59,61,65,36,48,,,,,,,,,,,,,,,,,,,,,59,61,65,36,48
T. Atwal,35,181,60,60,0,46,45,55,42,58,67,,,,,,,,,,,,,,,,,,,,,45,55,42,58,67
B. Sidhu,31,171,60,60,0,66,52,60,62,55,59,,,,,,,,,,,,,,,,,,,,,52,60,62,55,59
R. Nadkarni,33,180,60,60,0,64,56,59,62,25,62,,,,,,,,,,,,,,,,,,,,,56,59,62,25,62
K. Stoyanov,27,177,60,60,0,63,26,37,52,62,57,,,,,,,,,,,,,,,,,,,,,26,37,52,62,57
A. de Jong,22,181,59,66,0,64,56,52,58,27,59,,,,,,,,,,,,,,,,,,,,,56,52,58,27,59
T. Chunchukov,24,181,59,65,0,54,58,38,53,26,63,,,,,,,,,,,,,,,,,,,,,58,38,53,26,63
D. Sundaram,30,186,59,59,0,60,48,43,41,56,69,,,,,,,,,,,,,,,,,,,,,48,43,41,56,69
R. Jayaraman,34,180,59,59,0,60,59,52,53,31,73,,,,,,,,,,,,,,,,,,,,,59,52,53,31,73
D. Bajwa,38,182,59,59,0,59,36,54,55,59,63,,,,,,,,,,,,,,,,,,,,,36,54,55,59,63
O. Patla,26,167,58,61,0,77,53,57,60,48,50,,,,,,,,,,,,,,,,,,,,,53,57,60,48,50
K. Ellison,40,180,58,58,0,43,63,56,63,43,74,,,,,,,,,,,,,,,,,,,,,63,56,63,43,74
T. Agarwal,33,173,58,58,0,69,52,53,60,54,59,,,,,,,,,,,,,,,,,,,,,52,53,60,54,59
A. Varkay,33,179,58,58,0,72,30,49,57,54,71,,,,,,,,,,,,,,,,,,,,,30,49,57,54,71
C. Palan,28,181,58,58,0,68,47,57,55,59,68,,,,,,,,,,,,,,,,,,,,,47,57,55,59,68
D. Singhal,34,177,57,57,0,67,50,50,54,56,69,,,,,,,,,,,,,,,,,,,,,50,50,54,56,69
Zhou Ting,40,182,49,49,0,51,49,48,60,46,59,,,,,,,,,,,,,,,,,,,,,49,48,60,46,59